-952.8769
-719.8609
-719.5412
-719.7772
-720.2123
-720.6273
-720.6273
-720.6273
-719.8032
-719.6256
-720.0658
-720.1386
-720.1386
-720.1455
-719.4738
-720.2761
-721.0415
-719.9434
-722.767
-720.6063
-721.9601
-721.9454
-722.0576
-722.0576
-723.8998
-722.5062
-722.5062
-722.5062
-722.5062
-721.5303
-721.5303
-720.0597
-720.0597
-720.0597
-720.0597
-719.3086
-720.4625
-721.2653
-721.2653
-721.9528
-722.8408
-722.8408
-722.8408
-722.8408
-724.9311
-721.1384
-721.1384
-721.1384
-720.259
-720.259
-719.9885
-719.9885
-720.1533
-720.1533
-721.3665
-723.5645
-722.4162
-720.4333
-720.4333
-719.9102
-719.9102
-721.2812
-720.4442
-720.2758
-720.0585
-719.6197
-719.6197
-720.0413
-720.0986
-720.0986
-719.8935
-720.4414
-720.2786
-720.2786
-720.2786
-720.8856
-720.4073
-720.4073
-720.4073
-719.6221
-719.6221
-719.6221
-719.5595
-719.5595
-720.1896
-720.1896
-720.1896
-721.3558
-720.2263
-720.2263
-720.2263
-719.7679
-719.7679
-719.7679
-721.0969
-721.0969
-721.9092
-719.9549
-719.1872
-719.1872
-719.1872
-719.4151
-719.4151
-719.4267
-719.8104
-719.9985
-720.1021
-719.745
-719.1406
-719.1406
-720.1029
-719.262
-719.3183
-720.0756
-720.5598
-720.5598
-721.795
-721.795
-721.795
-721.795
-721.2798
-723.1998
-722.2578
-722.2578
-720.8061
-720.8061
-720.0023
-720.0023
-720.9739
-720.8285
-723.6726
-722.3569
-723.0721
-721.341
-719.7749
-719.8308
-719.8308
-719.8606
-720.7959
-721.0593
-721.0593
-719.9674
-720.932
-719.4623
-719.4623
-719.4623
-720.0825
-719.8202
-719.8202
-721.8631
-722.8274
-719.993
-720.3286
-720.3286
-720.7854
-720.7854
-720.7854
-720.7854
-720.7854
-720.7854
-720.0164
-720.7684
-720.5
-719.8494
-719.8494
-719.8494
-719.9008
-720.4199
-721.5438
-721.5438
-721.5438
-721.1485
-721.1485
-721.1485
-720.1388
-720.2497
-720.2497
-720.2497
-720.2497
-720.2497
-720.5912
-720.5912
-719.5124
-719.5124
-720.54
-720.54
-719.5103
-720.4158
-720.265
-719.6071
-719.1844
-720.9543
-721.4159
-720.3228
-720.3228
-720.1361
-720.1361
-719.675
-719.6518
-719.6518
-720.2536
-721.6275
-719.4853
-720.0184
-720.4477
-720.4112
-720.4112
-720.9285
-721.8766
-725.0549
-724.6693
-725.4344
-725.4344
-725.9592
-725.9592
-726.8514
-725.9247
-725.9247
-725.3958
-725.3958
-725.3958
-722.7798
-721.7822
-720.9791
-720.6006
-720.6006
-720.6006
-719.9974
-719.9974
-719.9974
-719.9974
-719.1265
-719.1265
-719.1265
-719.3226
-719.3226
-720.4929
-720.4664
-720.1148
-719.9913
-719.8141
-720.1739
-719.8488
-719.8023
-719.8023
-719.8023
-720.8675
-720.3994
-720.2299
-719.87
-722.8044
-722.8044
-722.8044
-722.8044
-722.8044
-722.8044
-722.8044
-722.8044
-722.8044
-722.8044
-722.8044
-722.8044
-722.8044
-722.2218
-721.3647
-722.9428
-721.4868
-721.4868
-720.8478
-720.8478
-720.8478
-720.5066
-720.5066
-720.5066
-721.8784
-721.8784
-721.8784
-720.834
-721.6257
-720.901
-720.901
-720.901
-720.901
-720.901
-720.901
-721.5851
-720.0172
-720.9284
-720.94
-719.8468
-720.4718
-719.5536
-721.4095
-720.1098
-720.1098
-720.4732
-720.4732
-720.1879
-721.0983
-721.0983
-720.0863
-720.2962
-720.5933
-720.302
-720.302
-719.7241
-719.5599
-719.5599
-719.168
-719.168
-719.168
-719.5997
-719.5997
-720.1122
-720.1122
-720.1122
-720.1122
-721.2777
-721.2777
-721.5112
-721.5112
-721.5112
-719.8603
-720.599
-720.4611
-720.4611
-720.4611
-719.7575
-719.9234
-719.9234
-719.5576
-719.5576
-719.5576
-719.5576
-719.9719
-719.9719
-722.0637
-721.1879
-721.1879
-720.5874
-721.8729
-720.1255
-720.3731
-720.0912
-719.4979
-719.6813
-719.1429
-719.1429
-719.4608
-722.1254
-720.7755
-720.9236
-720.2083
-721.4299
-721.4299
-720.7061
-719.5647
-719.7759
-719.3186
-719.3186
-719.3186
-720.3742
-722.2697
-721.0429
-721.0429
-721.0429
-721.0429
-719.9723
-719.9723
-719.9723
-719.9723
-719.7379
-719.9564
-719.9564
-719.9564
-720.1553
-720.1553
-720.4018
-719.3339
-719.3339
-720.1241
-720.1241
-720.1241
-719.8624
-720.0484
-720.4854
-720.4854
-720.3923
-720.3923
-720.3923
-719.7573
-720.8441
-720.8441
-720.8441
-720.8441
-720.1519
-720.1519
-721.1849
-720.5836
-720.5836
-720.5836
-723.2754
-723.0929
-721.0179
-721.0484
-721.0484
-721.0484
-721.0484
-721.034
-723.1866
-725.4348
-722.4193
-722.4193
-721.9737
-722.2105
-720.7533
-720.7533
-720.7533
-720.8369
-720.4987
-720.4987
-720.4987
-720.4987
-720.4987
-720.336
-719.5963
-719.7512
-719.8207
-719.8207
-719.8207
-719.8207
-719.8207
-719.7075
-719.8246
-719.8246
-719.8246
-719.8246
-720.1538
-720.1538
-720.1538
-719.57
-720.7967
-718.9837
-718.9837
-722.0825
-722.2745
-722.2745
-722.2161
-722.2161
-719.7391
-719.9794
-720.1858
-720.8771
-720.8771
-720.3333
-723.1503
-722.7356
-722.4237
-721.0012
-721.0636
-720.2017
-720.2204
-720.3324
-719.7349
-719.7349
-721.0358
-721.0358
-719.9039
-719.4487
-719.4487
-719.4487
-719.4487
-719.4487
-719.4487
-719.8984
-719.8984
-719.8984
-719.8984
-720.4674
-720.3412
-720.1761
-719.7626
-722.9497
-722.9035
-722.9035
-720.7238
-720.7238
-720.7238
-720.7238
-721.1675
-721.1675
-721.2156
-721.7086
-721.7086
-721.5929
-719.7576
-719.7576
-719.8405
-719.9921
-720.1484
-720.1484
-720.2105
-720.2105
-720.2105
-719.6489
-719.6489
-719.6489
-719.6489
-720.1459
-722.179
-722.179
-719.7046
-719.7046
-719.7046
-719.7046
-719.8814
-719.8814
-720.0914
-720.4229
-719.7819
-719.7819
-720.9575
-720.1015
-720.528
-720.2086
-721.2953
-721.2953
-719.9689
-720.4931
-720.4006
-720.4006
-719.9447
-719.9447
-719.9447
-719.9447
-719.9447
-720.085
-720.085
-720.085
-719.4695
-719.8169
-720.0327
-720.5378
-720.5378
-719.7172
-721.594
-721.3177
-721.3177
-721.3177
-719.2672
-719.2672
-719.2672
-719.7106
-719.7872
-719.7307
-719.7307
-722.3646
-720.2552
-720.0866
-719.7891
-720.0792
-719.624
-719.8603
-720.4394
-720.4394
-720.6487
-722.283
-721.159
-720.1242
-720.1242
-720.1242
-724.6325
-722.6584
-721.0531
-721.0531
-720.5506
-719.9564
-720.1206
-719.3507
-719.539
-719.7288
-720.0182
-720.5213
-720.1277
-719.6376
-724.6501
-725.6822
-723.6853
-723.6853
-723.6853
-723.6853
-720.863
-720.863
-720.9195
-719.5465
-719.2778
-719.6149
-720.0758
-720.4695
-720.4695
-720.4695
-719.8154
-721.0602
-721.5763
-721.5763
-720.448
-720.448
-721.959
-721.4514
-719.3447
-720.7281
-720.9821
-720.587
-720.2486
-719.9259
-719.8741
-719.8741
-719.8741
-720.6916
-719.7237
-720.4564
-720.6139
-720.2219
-720.451
-721.9381
-721.3864
-721.3864
-720.1117
-720.8496
-720.8496
-721.3588
-719.9747
-719.9747
-719.9747
-719.9747
-719.9747
-720.0369
-719.4617
-719.9862
-721.1723
-721.1723
-721.1723
-720.8149
-722.2562
-722.0982
-719.6645
-720.1508
-721.0542
-722.7271
-723.0913
-723.0913
-721.9099
-721.9099
-721.9099
-721.1966
-723.8399
-721.9868
-719.6301
-720.2485
-722.2261
-719.9194
-719.9374
-720.3152
-719.8811
-719.8811
-719.8034
-719.8217
-719.8217
-719.1984
-719.1984
-719.1984
-719.1984
-719.1984
-719.4979
-721.1164
-721.1164
-721.1164
-721.4158
-722.8956
-720.5997
-720.5997
-720.5997
-722.1934
-721.745
-721.8664
-721.3431
-720.6631
-719.0659
-719.5618
-719.6795
-720.0634
-720.4811
-720.4811
-721.1476
-721.5654
-721.0343
-720.3923
-720.3923
-720.3923
-719.9678
-720.848
-720.4632
-721.4978
-721.4978
-721.4978
-721.4978
-720.7265
-720.9802
-719.8838
-719.8838
-720.5945
-722.4546
-719.8822
-720.2878
-720.2878
-721.4478
-721.4478
-722.2305
-722.2305
-722.2305
-722.2305
-722.2305
-722.2305
-720.8577
-720.7852
-720.4514
-720.4514
-720.5018
-720.8618
-719.9751
-719.9751
-720.6447
-719.2842
-719.2842
-719.7077
-720.3521
-720.3521
-720.3521
-720.418
-720.4105
-720.2817
-720.2817
-720.026
-720.026
-720.165
-721.586
-721.3334
-721.3118
-721.3118
-721.6433
-721.4148
-721.4148
-720.4316
-720.4316
-722.1601
-722.1601
-721.0671
-720.8008
-720.4188
-721.5424
-721.5966
-721.8323
-721.4904
-721.4904
-721.3903
-720.3478
-720.0909
-720.0909
-720.0909
-719.5475
-719.6374
-719.6496
-719.6496
-719.6496
-720.1273
-720.1273
-719.9827
-719.9827
-719.323
-719.4513
-719.4211
-720.7053
-719.4426
-719.4426
-720.5814
-720.9402
-720.691
-720.691
-721.6413
-722.4687
-722.4687
-722.4534
-719.9786
-719.9786
-719.9786
-719.9786
-720.3052
-720.3519
-720.3519
-720.3519
-720.4748
-722.588
-722.588
-721.1616
-720.5297
-719.8637
-719.8637
-719.8637
-719.8637
-721.4696
-719.4857
-720.3719
-720.3719
-720.4585
-720.6141
-720.6141
-720.6295
-721.47
-720.2988
-722.0514
-721.1204
-721.5082
-721.1872
-720.9751
-719.8142
-719.946
-719.4035
-719.5232
-719.5232
-719.4452
-721.3933
-720.0522
-720.0622
-719.9413
-722.0988
-721.5159
-720.7676
-721.3835
-721.3835
-720.6513
-720.6513
-719.7495
-719.3003
-719.3003
-719.3003
-719.8406
-719.8406
-719.8406
-719.8406
-719.8406
-719.6314
-721.0744
-719.6683
-719.6683
-721.783
-722.1258
-722.5937
-719.7354
-719.7354
-719.7354
-719.7294
-720.0083
-720.0083
-720.5861
-720.6974
-720.0286
-720.3271
-720.3271
-720.3271
-720.0233
-719.7253
-719.9869
-719.9869
-719.9869
-719.9677
-721.1676
-721.3923
-721.3923
-721.3923
-721.3923
-721.3681
-720.7095
-719.7498
-719.7498
-720.4093
-720.2121
-721.8653
-722.1797
-720.5174
-721.0582
-719.9257
-720.1073
-719.9498
-721.4
-722.0882
-722.7047
-720.857
-720.857
-720.4179
-719.631
-719.631
-719.631
-720.4805
-721.0301
-721.0301
-720.6526
-721.5033
-721.5033
-721.6717
-724.2261
-722.1042
-721.3778
-720.0827
-720.0827
-722.0425
-721.3314
-721.3314
-721.1303
-721.1303
-719.7642
-719.6807
-719.6807
-719.9279
-719.87
-719.5359
-719.7043
-721.0225
-720.5249
-720.5711
-721.8269
-721.7911
-720.4129
-720.4129
-721.4784
-720.5654
-719.9974
-719.9974
-719.9974
-719.9974
-719.6414
-719.6414
-719.6414
-719.8123
-720.007
-720.007
-719.4389
-719.4389
-719.4389
-719.4389
-719.4389
-719.4389
-719.4084
-719.4084
-719.9057
-719.6104
-719.6104
-719.0892
-719.3615
-719.2584
-719.2584
-719.2584
-719.2584
-719.2584
-719.2584
-720.8313
-719.7781
-719.6077
-719.6077
-719.6077
-719.58
-719.58
-719.5897
-719.5897
-719.5897
-719.5897
-719.6676
-719.9606
-719.2987
-719.4519
-719.8863
-721.8069
-724.0383
-720.757
-720.757
-720.757
-720.757
-720.757
-720.757
-720.1281
-721.4839
-720.1147
-719.3052
-719.3052
-719.3052
-719.3052
-719.7855
-719.9013
-719.4049
-719.9034
-720.0116
-720.0116
-720.0116
-721.0162
-722.1935
-722.1935
-721.6424
-720.4214
-720.4214
-720.4214
-719.3373
-719.3373
-720.3332
-722.2712
-721.5278
-721.1534
-721.1534
-721.1534
-721.1534
-720.276
-720.2836
-719.7562
-719.7562
-720.1598
-720.435
-720.435
-721.282
-721.282
-719.991
-719.991
-720.5782
-720.5782
-721.8554
-722.8103
-722.8103
-725.0881
-724.1148
-724.2359
-723.1547
-723.1547
-721.7837
-719.6245
-720.4168
-720.4282
-719.7645
-719.589
-720.1862
-720.7537
-720.7537
-720.7537
-723.9238
-724.3925
-719.7676
-719.4832
-719.4832
-719.469
-719.469
-720.5045
-720.5045
-721.1214
-721.1214
-721.5384
-721.5384
-721.5384
-721.6173
-721.0043
-719.7333
-720.0562
-719.3931
-720.0787
-719.5645
-719.5691
-720.1374
-720.6992
-720.6992
-720.6992
-721.7863
-721.1115
-720.6954
-720.5022
-720.5022
-720.2072
-721.345
-721.1902
-722.163
-719.6455
-719.6455
-719.6455
-719.6455
-720.0988
-722.2825
-722.1124
-721.8476
-720.5303
-719.7876
-721.3697
-719.7123
-719.7123
-719.6856
-719.8115
-721.1112
-720.4937
-721.0692
-721.0692
-720.9064
-720.4776
-720.6681
-722.765
-719.6248
-721.5008
-721.5008
-721.2072
-719.1127
-719.8941
-719.8646
-720.0095
-722.33
-720.0664
-719.1995
-719.1995
-719.1995
-719.3671
-719.3671
-719.6051
-720.951
-721.0445
-720.2098
-720.2098
-720.2098
-721.7252
-720.9112
-721.5393
-720.7345
-721.7598
-720.8216
-720.8216
-720.8216
-720.5323
-719.9378
-720.2987
-721.1933
-721.442
-720.7824
-720.7824
-720.7824
-719.6852
-719.758
-719.9987
-721.3193
-721.3193
-721.311
-721.1325
-720.1225
-720.3955
-721.2804
-720.8783
-720.8783
-720.1016
-719.6112
-719.6605
-720.294
-720.977
-720.977
-720.977
-720.977
-719.7418
-719.7418
-719.9773
-721.209
-721.7876
-721.7876
-721.7876
-721.7876
-720.649
-721.0473
-720.6675
-720.4753
-720.171
-720.8079
-720.1958
-720.1439
-719.2871
-720.3842
-720.3842
-720.3842
-721.1856
-721.1856
-721.1856
-721.9017
-720.3915
-720.3915
-720.1125
-719.6225
-719.6225
-719.6225
-719.6225
-719.3649
-719.6623
-719.7051
-719.2426
-719.2426
-720.6697
-720.6697
-719.7203
-719.7203
-720.6858
-719.7073
-719.7073
-719.3661
-719.3661
-720.5449
-722.5866
-722.5866
-719.1808
-719.665
-720.1486
-720.1486
-720.1557
-720.1557
-721.6246
-721.0949
-721.0949
-721.0949
-720.4907
-719.7901
-719.9006
-719.9006
-720.8825
-720.3497
-720.6894
-720.2731
-721.0611
-720.05
-720.05
-720.3053
-720.3053
-719.4681
-719.5405
-719.5405
-719.5405
-719.5405
-719.5405
-719.5405
-719.5405
-720.0645
-720.0645
-720.0645
-720.2907
-721.5088
-720.1454
-719.2763
-719.2763
-719.2763
