0.023891 -0.597456 -0.66646 -0.337137 -0.063096
0.153648 -0.294928 0.019863 -0.019676 -0.087218
0.099716 -0.259135 -0.085467 -0.253896 0.095383
0.15508 -0.194395 0.010564 -0.154814 -0.151795
0.109175 -0.180692 -0.010177 -0.087435 -0.074212
0.291096 -0.039707 0.119513 0.014761 -0.176532
0.291096 -0.039707 0.119513 0.014761 -0.176532
0.257624 -0.132961 0.072777 0.085386 0.016781
0.257624 -0.132961 0.072777 0.085386 0.016781
0.225892 -0.152533 0.028617 0.006076 0.059265
0.225892 -0.152533 0.028617 0.006076 0.059265
0.185913 -0.211261 0.032477 0.129726 0.146088
0.18712 -0.189577 -0.006744 -0.326721 -0.107701
0.272956 -0.093303 0.080044 -0.34519 -0.36799
0.272956 -0.093303 0.080044 -0.34519 -0.36799
0.272956 -0.093303 0.080044 -0.34519 -0.36799
0.272956 -0.093303 0.080044 -0.34519 -0.36799
0.272956 -0.093303 0.080044 -0.34519 -0.36799
0.272956 -0.093303 0.080044 -0.34519 -0.36799
0.236584 -0.126647 0.087755 -0.157891 -0.198155
0.197977 -0.253124 0.049484 -0.096246 -0.154326
0.197977 -0.253124 0.049484 -0.096246 -0.154326
0.186203 -0.176086 0.074942 -0.167296 -0.329438
0.10182 -0.292293 0.044294 0.070098 -0.072081
0.10182 -0.292293 0.044294 0.070098 -0.072081
0.218637 -0.184481 0.052913 -0.219564 -0.118627
0.102638 -0.25323 0.000165 0.048844 0.089621
0.323239 0.088075 0.209932 0.014613 -0.277404
0.323239 0.088075 0.209932 0.014613 -0.277404
0.324913 0.138143 0.186389 -0.148103 -0.359879
0.25967 0.055625 0.122924 -0.286601 -0.31286
0.108506 -0.138613 0.036349 -0.114282 -0.050673
0.118475 -0.152763 0.015461 -0.040446 0.13813
0.098513 -0.198532 0.004465 -0.419867 -0.308711
-0.002698 -0.362808 -0.06896 0.108437 0.287191
0.053839 -0.4149 -0.053006 0.024186 0.223975
0.072701 -0.442807 -0.04354 0.003031 0.147698
0.071594 -0.428581 -0.130921 -0.446548 0.022028
0.101433 -0.378568 -0.119203 -0.312639 0.112923
0.161077 -0.285182 -0.063748 -0.135938 0.104135
0.32202 -0.054874 0.125098 -0.096002 -0.155679
0.251281 -0.200437 0.04711 -0.108997 -0.023355
0.182117 -0.261006 -0.02553 -0.073708 0.166049
0.187665 -0.260781 0.011395 -0.122672 0.023431
0.192473 -0.185681 0.017313 -0.192554 -0.038459
0.126831 -0.359445 -0.077485 -0.257094 0.000885
0.174871 -0.337591 -0.027206 -0.068447 0.012636
0.174871 -0.337591 -0.027206 -0.068447 0.012636
0.174871 -0.337591 -0.027206 -0.068447 0.012636
0.096071 -0.25811 -0.051143 -0.157849 -0.063343
0.096071 -0.25811 -0.051143 -0.157849 -0.063343
0.049073 -0.322906 -0.131606 -0.410123 -0.040379
0.116744 -0.278911 -0.046849 -0.043693 0.056163
0.080477 -0.342969 -0.05832 0.354204 0.570893
0.168793 -0.238318 0.007179 0.333143 0.412273
0.168793 -0.238318 0.007179 0.333143 0.412273
0.211663 -0.183147 0.048475 0.095994 0.086623
0.117827 -0.214136 0.02585 -0.053508 -0.097957
0.156763 -0.216895 -0.068337 -0.063588 0.307538
0.156763 -0.216895 -0.068337 -0.063588 0.307538
0.156763 -0.216895 -0.068337 -0.063588 0.307538
0.266746 -0.034048 0.081357 -0.12878 -0.205019
0.245305 -0.055775 0.100796 0.182962 0.028984
0.141027 -0.13715 0.008719 0.075783 0.216769
0.11345 -0.212889 0.058211 0.145273 0.003127
0.14064 -0.249785 0.072929 0.280554 0.190988
0.200277 -0.152443 0.074506 0.186434 0.246666
0.24729 -0.072763 0.135503 0.259152 0.146736
0.24729 -0.072763 0.135503 0.259152 0.146736
0.246735 -0.030372 0.139877 0.168646 0.049792
0.209148 -0.055184 0.108853 0.080017 -0.015249
0.279704 0.038533 0.179647 -0.036922 -0.290206
0.279704 0.038533 0.179647 -0.036922 -0.290206
0.216109 -0.014767 0.208008 0.222813 -0.242856
0.203779 -0.174912 0.101902 -0.027787 -0.152434
0.173149 -0.144518 0.077109 0.00356 -0.024138
0.179602 -0.18341 0.088601 0.075416 0.009664
0.189984 -0.154974 0.039466 0.180073 0.22476
0.275198 -0.116947 0.125977 0.14167 -0.062779
0.187501 -0.13973 0.062813 0.220589 0.247383
0.187501 -0.13973 0.062813 0.220589 0.247383
0.244293 -0.081291 0.070326 -0.027219 -0.053234
0.244293 -0.081291 0.070326 -0.027219 -0.053234
0.228668 -0.123088 0.102012 0.140016 -0.003888
0.112888 -0.252653 -0.004426 0.159486 0.219889
0.131275 -0.203482 0.019291 0.123681 0.117519
0.242341 -0.08556 0.082081 0.17886 0.145941
0.24098 -0.084592 0.044325 0.019589 0.064186
0.239026 -0.13397 0.022999 -0.271923 -0.105509
0.168747 -0.227223 0.017398 -0.009669 -0.031352
0.131567 -0.208446 0.011074 0.175554 0.130789
0.057045 -0.228495 -0.089483 -0.20804 0.07174
0.281066 -0.045023 0.069009 -0.069023 -0.060425
0.281066 -0.045023 0.069009 -0.069023 -0.060425
0.281066 -0.045023 0.069009 -0.069023 -0.060425
0.206738 -0.171345 0.029922 0.055504 0.20788
0.206738 -0.171345 0.029922 0.055504 0.20788
0.206738 -0.171345 0.029922 0.055504 0.20788
0.189821 -0.209564 -0.082528 -0.263237 0.154367
0.282261 -0.028347 0.0556 -0.0411 0.083487
0.282261 -0.028347 0.0556 -0.0411 0.083487
0.32861 0.06304 0.098393 -0.146913 -0.080833
0.281163 0.011317 0.122054 -0.038453 -0.243598
0.366826 -0.039922 0.166142 -0.057515 -0.334347
0.366826 -0.039922 0.166142 -0.057515 -0.334347
0.297195 -0.009564 0.058279 -0.046723 0.143973
0.297195 -0.009564 0.058279 -0.046723 0.143973
0.353311 -0.004084 0.110971 -0.055653 -0.000519
0.264362 -0.064956 -0.005539 -0.285876 0.068386
0.264362 -0.064956 -0.005539 -0.285876 0.068386
0.264362 -0.064956 -0.005539 -0.285876 0.068386
0.14101 -0.235596 -0.076763 -0.185898 0.26306
0.14101 -0.235596 -0.076763 -0.185898 0.26306
0.14101 -0.235596 -0.076763 -0.185898 0.26306
0.14101 -0.235596 -0.076763 -0.185898 0.26306
0.247342 -0.037345 0.059403 -0.264068 -0.113238
0.294026 -0.031678 0.05502 -0.360914 -0.182955
0.251044 -0.021872 0.059703 -0.219791 -0.083056
0.274371 -0.037247 0.13125 -0.115275 -0.186953
0.196849 -0.06585 0.029663 -0.195256 0.012509
0.196849 -0.06585 0.029663 -0.195256 0.012509
0.196873 -0.041389 0.044971 -0.391889 -0.250941
0.160618 -0.126555 -0.026342 -0.240558 0.044346
0.185707 -0.156512 -0.024845 -0.113564 0.158619
0.174334 -0.215471 0.014916 0.000474 0.213383
0.174334 -0.215471 0.014916 0.000474 0.213383
0.126261 -0.255434 -0.017834 -0.118503 0.160976
0.124096 -0.318119 -0.042239 0.150257 0.29558
0.124096 -0.318119 -0.042239 0.150257 0.29558
0.252618 -0.137118 0.129578 0.247928 -0.078613
0.205771 -0.161613 0.093716 0.053973 -0.162691
0.18987 -0.137954 0.062594 0.151211 0.027576
0.18987 -0.137954 0.062594 0.151211 0.027576
0.18987 -0.137954 0.062594 0.151211 0.027576
0.163652 -0.093269 0.060751 0.052266 0.005826
0.163652 -0.093269 0.060751 0.052266 0.005826
0.207921 -0.063678 0.100069 0.019954 -0.084345
0.207921 -0.063678 0.100069 0.019954 -0.084345
0.207921 -0.063678 0.100069 0.019954 -0.084345
0.207921 -0.063678 0.100069 0.019954 -0.084345
0.207921 -0.063678 0.100069 0.019954 -0.084345
0.260443 -0.045641 0.068294 -0.204442 -0.179746
0.260443 -0.045641 0.068294 -0.204442 -0.179746
0.234769 -0.096391 0.057324 -0.25896 -0.200826
0.237827 -0.061329 0.073853 -0.194466 -0.132475
0.196848 -0.05617 0.118185 0.482342 0.291681
0.269788 0.089969 0.152134 -0.033139 -0.118854
0.254878 -0.021604 0.138026 0.34941 0.152842
0.254878 -0.021604 0.138026 0.34941 0.152842
0.254878 -0.021604 0.138026 0.34941 0.152842
0.241985 -0.111653 0.13138 0.368478 0.194447
0.241985 -0.111653 0.13138 0.368478 0.194447
0.261969 -0.114866 0.073792 -0.084615 0.047154
0.290794 -0.017152 0.129785 0.073332 0.042096
0.285192 0.013564 0.091189 0.038588 0.114276
0.28786 -0.005629 0.091058 0.015949 0.06265
0.295278 0.00252 0.101951 -0.151207 -0.076478
0.182915 -0.280835 0.042785 0.122654 0.153322
0.182915 -0.280835 0.042785 0.122654 0.153322
0.192775 -0.236226 0.073784 0.027967 0.000768
0.253376 -0.175694 0.091358 0.113172 0.149097
0.271109 -0.076925 0.173954 0.042892 -0.177424
0.286709 0.031721 0.218536 0.378683 0.053815
0.130062 -0.166905 0.064698 0.26152 0.252369
0.065876 -0.165766 -0.000528 0.092756 0.257972
0.065876 -0.165766 -0.000528 0.092756 0.257972
0.009445 -0.220811 -0.064935 -0.075787 0.208943
0.030262 -0.184091 -0.022839 -0.212136 -0.042514
0.030262 -0.184091 -0.022839 -0.212136 -0.042514
0.027835 -0.183494 -0.021673 -0.217082 -0.049243
0.00261 -0.248374 -0.046707 0.014604 0.151842
0.00261 -0.248374 -0.046707 0.014604 0.151842
0.020323 -0.267999 -0.030704 -0.118534 -0.109053
0.227419 -0.134269 0.13954 0.076339 -0.254547
0.227419 -0.134269 0.13954 0.076339 -0.254547
0.187602 -0.234418 0.020135 -0.201875 -0.154231
0.187602 -0.234418 0.020135 -0.201875 -0.154231
0.187602 -0.234418 0.020135 -0.201875 -0.154231
0.139625 -0.248784 0.017764 -0.088573 -0.157977
0.194527 -0.107584 0.027931 -0.142384 -0.064639
0.194527 -0.107584 0.027931 -0.142384 -0.064639
0.194527 -0.107584 0.027931 -0.142384 -0.064639
0.199013 -0.137943 0.03861 0.028687 0.102996
0.199013 -0.137943 0.03861 0.028687 0.102996
0.199013 -0.137943 0.03861 0.028687 0.102996
0.199013 -0.137943 0.03861 0.028687 0.102996
0.257761 -0.13165 0.066233 0.02696 0.109673
0.257761 -0.13165 0.066233 0.02696 0.109673
0.231409 -0.267549 -0.053834 -0.107654 0.28967
0.23603 -0.21175 -0.059466 -0.095032 0.29674
0.195596 -0.282871 -0.02873 0.119595 0.387047
0.195596 -0.282871 -0.02873 0.119595 0.387047
0.195596 -0.282871 -0.02873 0.119595 0.387047
0.182856 -0.219294 -0.010626 0.040129 0.247178
0.214146 -0.202061 0.018955 -0.247688 -0.136768
0.267503 -0.130251 0.045024 0.022576 0.105234
0.267503 -0.130251 0.045024 0.022576 0.105234
0.206603 -0.114282 0.065314 0.109472 -0.008163
0.299514 -0.043373 0.111722 0.012565 -0.047295
0.243566 -0.081561 0.037491 -0.169512 -0.102857
0.142475 -0.162746 -0.027495 -0.160832 0.076456
0.134758 -0.24251 -0.027294 -0.349009 -0.185986
0.202293 -0.148964 0.054692 0.297621 0.242019
0.202293 -0.148964 0.054692 0.297621 0.242019
0.202293 -0.148964 0.054692 0.297621 0.242019
0.292361 -0.077973 0.076632 -0.076674 -0.018828
0.181978 -0.15087 0.072769 0.232434 0.160816
0.242426 -0.079259 0.065253 -0.222585 -0.17364
0.242426 -0.079259 0.065253 -0.222585 -0.17364
0.242426 -0.079259 0.065253 -0.222585 -0.17364
0.214735 -0.125532 0.048226 -0.182181 -0.100193
0.214735 -0.125532 0.048226 -0.182181 -0.100193
0.214735 -0.125532 0.048226 -0.182181 -0.100193
0.214735 -0.125532 0.048226 -0.182181 -0.100193
0.214735 -0.125532 0.048226 -0.182181 -0.100193
0.214735 -0.125532 0.048226 -0.182181 -0.100193
0.263702 -0.011605 0.142055 -0.055183 -0.193626
0.323633 -0.08827 0.119446 0.004935 -0.077774
0.324921 -0.136239 0.060003 -0.323963 -0.094731
0.250745 -0.115095 0.021948 -0.532442 -0.29075
0.218483 -0.067745 0.054948 -0.316357 -0.237207
0.189081 -0.059566 0.047796 -0.231486 -0.139567
0.206176 -0.049297 0.119877 -0.052731 -0.268942
0.109894 -0.290156 -0.039945 -0.073952 0.12457
0.117479 -0.221192 -0.018993 -0.034541 0.084027
0.042066 -0.247493 -0.04059 -0.14423 0.034716
0.040121 -0.364298 -0.122039 -0.362616 0.061261
0.040336 -0.387454 -0.11658 -0.382795 0.014034
0.091626 -0.274455 -0.094791 -0.369437 -0.015533
0.091626 -0.274455 -0.094791 -0.369437 -0.015533
0.091626 -0.274455 -0.094791 -0.369437 -0.015533
0.091626 -0.274455 -0.094791 -0.369437 -0.015533
0.091626 -0.274455 -0.094791 -0.369437 -0.015533
0.091626 -0.274455 -0.094791 -0.369437 -0.015533
0.221093 -0.129652 0.066285 -0.046844 -0.065792
0.240617 -0.11652 0.085974 0.024083 -0.061786
0.075993 -0.397255 -0.101007 0.026787 0.338583
0.204652 -0.217839 -0.016762 -0.086379 0.03069
0.203169 -0.257888 -0.04401 -0.130166 0.079846
0.12262 -0.311246 -0.058081 -0.183651 0.049488
0.12262 -0.311246 -0.058081 -0.183651 0.049488
0.12262 -0.311246 -0.058081 -0.183651 0.049488
0.056252 -0.396288 -0.107994 -0.030533 0.220921
0.102478 -0.291224 -0.04063 -0.050005 0.029222
0.11279 -0.153825 0.026029 -0.008033 -0.016136
0.108767 -0.225415 -0.037479 -0.192293 0.125416
0.108767 -0.225415 -0.037479 -0.192293 0.125416
0.228438 -0.272284 -0.04874 -0.349048 0.064165
0.228438 -0.272284 -0.04874 -0.349048 0.064165
0.228438 -0.272284 -0.04874 -0.349048 0.064165
0.228438 -0.272284 -0.04874 -0.349048 0.064165
0.228438 -0.272284 -0.04874 -0.349048 0.064165
0.324533 -0.205884 0.047221 -0.236003 -0.07812
0.189983 -0.233433 -0.038788 -0.469733 -0.031152
0.189983 -0.233433 -0.038788 -0.469733 -0.031152
0.189983 -0.233433 -0.038788 -0.469733 -0.031152
0.189983 -0.233433 -0.038788 -0.469733 -0.031152
0.189983 -0.233433 -0.038788 -0.469733 -0.031152
0.189983 -0.233433 -0.038788 -0.469733 -0.031152
0.189983 -0.233433 -0.038788 -0.469733 -0.031152
0.222084 -0.217217 -0.003033 -0.255964 -0.018926
0.225654 -0.197683 0.040278 -0.304182 -0.160052
0.32203 -0.023814 0.139345 -0.104221 -0.130676
0.32203 -0.023814 0.139345 -0.104221 -0.130676
0.32203 -0.023814 0.139345 -0.104221 -0.130676
0.239375 -0.218764 0.002738 -0.26634 -0.024528
0.239375 -0.218764 0.002738 -0.26634 -0.024528
0.155161 -0.222499 -0.019305 -0.219503 -0.0252
0.127404 -0.270511 -0.025193 -0.321049 -0.080731
0.129941 -0.263034 0.006722 -0.10871 0.015939
-0.01766 -0.455944 -0.077683 -0.057587 0.20899
-0.062907 -0.405657 -0.123391 -0.175322 0.162839
-0.057355 -0.46243 -0.123698 -0.106491 0.220798
0.001829 -0.379397 -0.028546 0.041563 0.053526
0.001829 -0.379397 -0.028546 0.041563 0.053526
0.001829 -0.379397 -0.028546 0.041563 0.053526
-0.038782 -0.381424 -0.071613 -0.018644 0.089026
-0.038782 -0.381424 -0.071613 -0.018644 0.089026
0.088739 -0.147281 0.022128 0.370493 0.381472
0.170229 -0.069301 0.012334 -0.090014 0.084673
0.185918 -0.140425 0.071849 -0.237863 -0.292327
0.233037 -0.116792 0.076383 0.156268 0.102285
0.233037 -0.116792 0.076383 0.156268 0.102285
0.233037 -0.116792 0.076383 0.156268 0.102285
0.233037 -0.116792 0.076383 0.156268 0.102285
0.233037 -0.116792 0.076383 0.156268 0.102285
0.233037 -0.116792 0.076383 0.156268 0.102285
0.329538 -0.074511 0.116171 -0.193979 -0.228156
0.310003 -0.103632 0.173242 -0.013868 -0.287674
0.310003 -0.103632 0.173242 -0.013868 -0.287674
0.310003 -0.103632 0.173242 -0.013868 -0.287674
0.310003 -0.103632 0.173242 -0.013868 -0.287674
0.29315 0.028674 0.100568 -0.346925 -0.264874
0.29315 0.028674 0.100568 -0.346925 -0.264874
0.233278 -0.056821 0.109572 -0.189944 -0.232509
0.191581 -0.045509 0.051314 -0.396702 -0.267436
0.180955 -0.074051 0.014381 -0.51528 -0.321455
0.180955 -0.074051 0.014381 -0.51528 -0.321455
0.180955 -0.074051 0.014381 -0.51528 -0.321455
0.180955 -0.074051 0.014381 -0.51528 -0.321455
0.180955 -0.074051 0.014381 -0.51528 -0.321455
0.180955 -0.074051 0.014381 -0.51528 -0.321455
0.180955 -0.074051 0.014381 -0.51528 -0.321455
0.180955 -0.074051 0.014381 -0.51528 -0.321455
0.180955 -0.074051 0.014381 -0.51528 -0.321455
0.180955 -0.074051 0.014381 -0.51528 -0.321455
0.180955 -0.074051 0.014381 -0.51528 -0.321455
0.180955 -0.074051 0.014381 -0.51528 -0.321455
0.180955 -0.074051 0.014381 -0.51528 -0.321455
0.236899 -0.127922 0.044837 -0.263022 -0.203106
0.236899 -0.127922 0.044837 -0.263022 -0.203106
0.236899 -0.127922 0.044837 -0.263022 -0.203106
0.236899 -0.127922 0.044837 -0.263022 -0.203106
0.236899 -0.127922 0.044837 -0.263022 -0.203106
0.236899 -0.127922 0.044837 -0.263022 -0.203106
0.24681 -0.135098 0.1911 0.302911 -0.069043
0.24681 -0.135098 0.1911 0.302911 -0.069043
0.179685 -0.286646 0.013259 -0.151152 -0.045131
0.063048 -0.355438 -0.063551 0.001927 0.137346
0.063048 -0.355438 -0.063551 0.001927 0.137346
0.14786 -0.239459 0.01844 -0.037884 0.015356
0.14786 -0.239459 0.01844 -0.037884 0.015356
0.219679 -0.042058 0.116272 0.169979 0.058627
0.219679 -0.042058 0.116272 0.169979 0.058627
0.122377 -0.1725 0.017951 0.220091 0.243085
0.276815 -0.030776 0.125312 0.113275 0.014964
0.184235 -0.098897 0.028799 0.109831 0.139175
0.212804 -0.059117 0.052062 0.044371 0.052301
0.212804 -0.059117 0.052062 0.044371 0.052301
0.17472 -0.074829 0.032658 -0.171865 -0.13551
0.17472 -0.074829 0.032658 -0.171865 -0.13551
0.19119 -0.133411 0.067485 0.22365 0.105618
0.181701 -0.210684 -0.021214 0.061323 0.191593
0.238804 -0.155587 0.034575 -0.043114 -0.035334
0.224553 -0.085711 0.107271 0.048896 -0.09687
0.306075 -0.032684 0.162821 -0.037187 -0.35103
0.18516 -0.140391 0.026855 -0.167138 -0.088271
0.18516 -0.140391 0.026855 -0.167138 -0.088271
0.228672 -0.127649 0.015849 -0.252499 -0.07007
0.140354 -0.176744 -0.077562 -0.199621 0.206198
0.125462 -0.223814 -0.037139 -0.021615 0.222561
0.177391 -0.24452 -0.050757 -0.176187 0.23199
0.229375 -0.10796 0.038791 -0.007498 0.204507
0.229375 -0.10796 0.038791 -0.007498 0.204507
0.229375 -0.10796 0.038791 -0.007498 0.204507
0.229375 -0.10796 0.038791 -0.007498 0.204507
0.229375 -0.10796 0.038791 -0.007498 0.204507
0.180285 -0.091047 0.066533 0.062853 0.128507
0.115567 -0.275203 -0.001535 -0.209135 -0.044513
0.072046 -0.214684 -0.054005 -0.264942 0.00454
0.038295 -0.238761 -0.060343 -0.22542 0.061337
0.180603 -0.174028 0.041092 -0.083757 -0.038813
0.180603 -0.174028 0.041092 -0.083757 -0.038813
0.3086 0.013792 0.1637 -0.035858 -0.240525
0.27437 -0.01241 0.096475 -0.036331 -0.062697
0.119473 -0.170764 0.001299 0.196241 0.238147
0.05693 -0.221533 -0.006783 0.115747 0.160931
0.050132 -0.312604 -0.074436 0.037834 0.249398
0.050132 -0.312604 -0.074436 0.037834 0.249398
0.050132 -0.312604 -0.074436 0.037834 0.249398
0.098572 -0.281776 -0.039964 -0.172391 0.069448
0.098572 -0.281776 -0.039964 -0.172391 0.069448
0.098572 -0.281776 -0.039964 -0.172391 0.069448
0.040049 -0.337482 -0.072875 -0.032267 0.202678
0.019087 -0.348161 -0.048343 0.116418 0.146218
0.230145 -0.122054 0.096953 -0.022427 -0.074459
0.230145 -0.122054 0.096953 -0.022427 -0.074459
0.201396 -0.240714 0.02466 -0.199188 -0.119059
0.186 -0.176511 0.063999 0.100411 0.010307
0.189859 -0.171473 0.030304 -0.253924 -0.172861
0.189859 -0.171473 0.030304 -0.253924 -0.172861
0.159658 -0.231281 0.060078 -0.047501 -0.163459
0.053133 -0.302747 -0.089775 -0.189056 0.16647
0.053133 -0.302747 -0.089775 -0.189056 0.16647
0.075896 -0.342657 -0.064064 0.071074 0.26802
0.075896 -0.342657 -0.064064 0.071074 0.26802
0.121897 -0.257309 0.004209 0.106622 0.095261
0.101088 -0.278248 -0.013542 0.043673 0.069907
0.225945 -0.219716 0.036422 -0.026291 -0.029718
0.247888 -0.132 0.063638 -0.177116 -0.131003
0.287033 -0.076077 0.076952 0.019828 0.058098
0.157597 -0.182041 0.012556 0.091988 0.202138
0.144501 -0.193113 0.032018 -0.021326 -0.022468
0.206838 -0.113614 0.032079 -0.246954 -0.169585
0.194224 -0.027321 0.109145 -0.177493 -0.357452
0.105444 -0.18059 0.028444 -0.001772 -0.040925
0.14867 -0.088578 0.059866 -0.042222 -0.138894
0.14867 -0.088578 0.059866 -0.042222 -0.138894
0.244163 -0.059855 0.06337 -0.264045 -0.424468
0.286941 0.035956 0.121634 -0.243329 -0.3484
0.273669 -0.006837 0.107491 0.101475 -0.011409
0.273669 -0.006837 0.107491 0.101475 -0.011409
0.273669 -0.006837 0.107491 0.101475 -0.011409
0.273669 -0.006837 0.107491 0.101475 -0.011409
0.284413 -0.025104 0.124839 0.230326 0.134376
0.280523 -0.039387 0.089437 0.067578 0.155121
0.176915 -0.173055 -0.041445 -0.064885 0.289828
0.176915 -0.173055 -0.041445 -0.064885 0.289828
0.176915 -0.173055 -0.041445 -0.064885 0.289828
0.176915 -0.173055 -0.041445 -0.064885 0.289828
0.144918 -0.291541 -0.012198 0.019193 0.128364
0.144918 -0.291541 -0.012198 0.019193 0.128364
0.204855 -0.182629 0.023158 0.056234 0.183393
0.204855 -0.182629 0.023158 0.056234 0.183393
0.210908 -0.126113 0.071894 -0.145571 -0.0764
0.210908 -0.126113 0.071894 -0.145571 -0.0764
0.218094 -0.089625 0.088858 -0.128581 -0.149326
0.218094 -0.089625 0.088858 -0.128581 -0.149326
0.218094 -0.089625 0.088858 -0.128581 -0.149326
0.27222 -0.076493 0.08326 0.139014 0.109472
0.27222 -0.076493 0.08326 0.139014 0.109472
0.248126 -0.10007 -0.028228 -0.601117 -0.224777
0.248126 -0.10007 -0.028228 -0.601117 -0.224777
0.248126 -0.10007 -0.028228 -0.601117 -0.224777
0.248126 -0.10007 -0.028228 -0.601117 -0.224777
0.261587 -0.066662 0.05863 -0.47987 -0.44337
0.261587 -0.066662 0.05863 -0.47987 -0.44337
0.261587 -0.066662 0.05863 -0.47987 -0.44337
0.261587 -0.066662 0.05863 -0.47987 -0.44337
0.261587 -0.066662 0.05863 -0.47987 -0.44337
0.261587 -0.066662 0.05863 -0.47987 -0.44337
0.261587 -0.066662 0.05863 -0.47987 -0.44337
0.261587 -0.066662 0.05863 -0.47987 -0.44337
0.204791 -0.216752 -0.022282 -0.280719 0.015225
0.204791 -0.216752 -0.022282 -0.280719 0.015225
0.255845 -0.121955 0.080068 -0.126547 -0.116072
0.255845 -0.121955 0.080068 -0.126547 -0.116072
0.183293 -0.192312 0.053248 0.08561 -0.078646
0.143375 -0.234447 -0.058162 -0.23177 -0.033061
0.271093 -0.094598 0.052243 0.080183 0.123551
0.271093 -0.094598 0.052243 0.080183 0.123551
0.211123 -0.149154 -0.000366 0.092133 0.155414
0.181067 -0.1391 -0.02485 -0.015604 0.128347
0.164146 -0.091992 0.027884 -0.027176 -0.026925
0.161208 -0.270911 -0.005408 -0.090976 -0.008067
0.143064 -0.228454 0.017596 -0.13162 -0.147595
0.143064 -0.228454 0.017596 -0.13162 -0.147595
0.219543 -0.184084 0.091215 -0.195536 -0.317233
0.154237 -0.244247 0.014576 -0.283487 -0.227383
0.216514 -0.089525 0.069389 -0.012274 -0.051766
0.216514 -0.089525 0.069389 -0.012274 -0.051766
0.181124 -0.145945 0.020645 -0.134317 -0.118628
0.200996 -0.212391 0.049987 0.089409 0.10139
0.246345 -0.10595 0.110474 -0.163192 -0.256829
0.246345 -0.10595 0.110474 -0.163192 -0.256829
0.205757 -0.238006 -0.000987 -0.268753 -0.096256
0.205757 -0.238006 -0.000987 -0.268753 -0.096256
0.205757 -0.238006 -0.000987 -0.268753 -0.096256
0.25983 -0.119966 0.06176 0.101466 0.086721
0.18046 -0.27206 -0.011365 0.138239 0.291535
0.18046 -0.27206 -0.011365 0.138239 0.291535
0.107576 -0.2769 0.009368 -0.001145 0.1355
0.088948 -0.25747 0.007346 -0.272364 -0.209999
0.031811 -0.361217 -0.102927 -0.298346 0.074062
0.081067 -0.264512 -0.018778 -0.184399 -0.049571
0.116736 -0.192585 0.005881 -0.377663 -0.206836
0.133288 -0.17288 -0.026067 -0.512328 -0.137696
0.133288 -0.17288 -0.026067 -0.512328 -0.137696
0.133288 -0.17288 -0.026067 -0.512328 -0.137696
0.133288 -0.17288 -0.026067 -0.512328 -0.137696
0.125964 -0.150427 -0.024571 -0.53251 -0.280536
0.125964 -0.150427 -0.024571 -0.53251 -0.280536
0.125964 -0.150427 -0.024571 -0.53251 -0.280536
0.032739 -0.315277 -0.130944 -0.465801 -0.010869
0.049225 -0.281311 -0.108175 -0.316192 0.114985
0.024641 -0.253294 -0.097702 -0.340163 -0.027609
0.098006 -0.067697 -0.006662 -0.25814 -0.105058
0.039379 -0.275879 -0.134049 -0.303212 0.059669
0.039379 -0.275879 -0.134049 -0.303212 0.059669
0.039379 -0.275879 -0.134049 -0.303212 0.059669
0.209306 -0.097634 0.037374 -0.06018 -0.018331
0.088605 -0.231521 -0.046009 -0.167883 0.065737
0.088605 -0.231521 -0.046009 -0.167883 0.065737
0.236846 -0.05589 0.143379 0.377521 0.166898
0.186412 -0.166366 0.065773 0.059692 0.004805
0.186412 -0.166366 0.065773 0.059692 0.004805
0.260108 -0.084628 0.122355 0.055788 -0.13595
0.188281 -0.108022 0.072174 -0.134701 -0.253056
0.217472 -0.068465 0.130739 0.028009 -0.206986
0.227365 -0.155807 0.009024 -0.278975 -0.14569
0.227365 -0.155807 0.009024 -0.278975 -0.14569
0.254989 -0.133325 0.091866 -0.201688 -0.222562
0.254989 -0.133325 0.091866 -0.201688 -0.222562
0.108589 -0.259853 -0.021325 -0.294121 -0.174066
0.119463 -0.327043 -0.096132 -0.399323 -0.072539
0.22042 -0.237882 -0.022274 -0.055866 0.111089
0.222066 -0.238668 0.030296 0.054877 0.066397
0.037052 -0.345139 -0.059719 -0.014098 0.126137
0.037052 -0.345139 -0.059719 -0.014098 0.126137
0.082115 -0.291988 0.026472 0.017233 -0.080088
0.076253 -0.283881 -0.018124 -0.00705 0.056299
0.16915 -0.245523 0.022465 0.019854 0.069057
0.088367 -0.292691 0.022643 0.431084 0.372524
0.088367 -0.292691 0.022643 0.431084 0.372524
0.088367 -0.292691 0.022643 0.431084 0.372524
0.28335 -0.049227 0.09194 -0.130973 -0.188741
0.119551 -0.231941 -0.075716 -0.309999 0.008636
0.119551 -0.231941 -0.075716 -0.309999 0.008636
0.19174 -0.124643 0.033369 -0.082657 -0.123401
0.209485 -0.071077 0.049372 -0.179027 -0.240712
0.209485 -0.071077 0.049372 -0.179027 -0.240712
0.209847 -0.081195 0.05286 0.029621 0.066821
0.277043 -0.03562 0.080412 0.000597 -0.019193
0.227718 -0.098243 0.056186 0.068653 0.10146
0.227718 -0.098243 0.056186 0.068653 0.10146
0.227718 -0.098243 0.056186 0.068653 0.10146
0.227718 -0.098243 0.056186 0.068653 0.10146
0.184265 -0.190764 0.043748 -0.118835 -0.05023
0.122131 -0.21817 0.009255 -0.093337 0.012317
0.147254 -0.253033 0.017735 -0.099334 0.039901
0.110336 -0.328923 -0.030938 -0.228615 0.015452
0.114597 -0.394197 -0.079948 -0.232339 0.107868
0.105549 -0.370672 -0.082817 -0.268184 0.045352
0.151128 -0.310808 -0.039649 -0.120332 0.148708
0.173756 -0.266422 0.015918 -0.028015 0.101354
0.051024 -0.398072 -0.090634 -0.137041 0.096597
0.095989 -0.316384 -0.044848 -0.224508 -0.0719
0.128273 -0.220818 0.051833 0.059298 -0.061331
0.033867 -0.27643 -0.030052 -0.094035 0.030735
0.033867 -0.27643 -0.030052 -0.094035 0.030735
0.106609 -0.174195 -0.012153 -0.027285 0.117836
0.078468 -0.274529 -0.06515 -0.049053 0.221943
0.077701 -0.163274 -0.070156 -0.186165 0.161308
0.077701 -0.163274 -0.070156 -0.186165 0.161308
0.034128 -0.216663 -0.103388 0.027056 0.437521
0.012702 -0.228314 -0.088104 -0.248402 0.07906
0.045254 -0.294974 -0.128547 -0.391894 0.144103
0.045254 -0.294974 -0.128547 -0.391894 0.144103
0.045254 -0.294974 -0.128547 -0.391894 0.144103
0.158242 -0.069104 -0.014206 -0.411439 -0.118319
0.158242 -0.069104 -0.014206 -0.411439 -0.118319
0.265787 -0.13759 0.010024 -0.385886 -0.100888
0.265787 -0.13759 0.010024 -0.385886 -0.100888
0.265787 -0.13759 0.010024 -0.385886 -0.100888
0.17591 -0.321865 -0.070341 0.039848 0.279682
0.216702 -0.219806 -0.015156 -0.000719 0.10298
0.270101 -0.109914 0.027917 -0.092365 0.058902
0.270101 -0.109914 0.027917 -0.092365 0.058902
0.253342 -0.114918 0.021148 -0.048245 0.115368
0.147751 -0.125506 -0.004049 -0.1211 0.094839
0.157197 -0.174004 0.010618 -0.204735 0.014906
0.157197 -0.174004 0.010618 -0.204735 0.014906
0.139378 -0.215106 -0.051161 -0.272578 0.085409
0.189448 -0.186525 0.01794 -0.219967 -0.136313
0.189448 -0.186525 0.01794 -0.219967 -0.136313
0.16133 -0.251195 -0.009836 -0.271709 -0.120146
0.16133 -0.251195 -0.009836 -0.271709 -0.120146
0.264072 -0.123588 0.061848 -0.407767 -0.268878
0.264072 -0.123588 0.061848 -0.407767 -0.268878
0.264072 -0.123588 0.061848 -0.407767 -0.268878
0.264072 -0.123588 0.061848 -0.407767 -0.268878
0.264072 -0.123588 0.061848 -0.407767 -0.268878
0.264072 -0.123588 0.061848 -0.407767 -0.268878
0.264072 -0.123588 0.061848 -0.407767 -0.268878
0.264072 -0.123588 0.061848 -0.407767 -0.268878
0.194463 -0.212612 0.043141 0.200505 0.325502
0.194463 -0.212612 0.043141 0.200505 0.325502
0.194463 -0.212612 0.043141 0.200505 0.325502
0.318998 -0.022839 0.164666 0.21771 0.122374
0.253103 -0.085361 0.130067 0.06053 -0.144383
0.209475 -0.120047 0.08703 -0.053648 -0.133056
0.185977 -0.174754 0.028903 0.068226 0.092405
0.185977 -0.174754 0.028903 0.068226 0.092405
0.156683 -0.176851 -0.016809 -0.199124 -0.058839
0.172485 -0.117883 -0.037862 -0.247163 0.016433
0.172485 -0.117883 -0.037862 -0.247163 0.016433
0.172485 -0.117883 -0.037862 -0.247163 0.016433
0.110759 -0.270805 -0.080314 0.078836 0.425116
0.110759 -0.270805 -0.080314 0.078836 0.425116
0.085311 -0.205916 -0.065583 -0.119984 0.156335
0.101765 -0.228994 -0.008122 -0.090436 0.02441
0.140431 -0.217582 -0.021123 -0.12057 0.036016
0.286774 0.015307 0.079952 -0.172426 -0.158467
0.210455 -0.019979 0.019568 -0.496963 -0.275386
0.291604 0.080004 0.170144 -0.264216 -0.504107
0.291604 0.080004 0.170144 -0.264216 -0.504107
0.291604 0.080004 0.170144 -0.264216 -0.504107
0.291604 0.080004 0.170144 -0.264216 -0.504107
0.202085 -0.003273 0.090819 -0.207968 -0.270712
0.119692 -0.182182 -0.048987 -0.367661 -0.100442
0.119692 -0.182182 -0.048987 -0.367661 -0.100442
0.207031 -0.086957 0.067312 0.022306 0.01771
0.180982 -0.22297 0.043508 0.098929 0.034763
0.132426 -0.283933 -0.039898 -0.117911 0.06743
0.151209 -0.318098 -0.023163 -0.20856 0.03614
0.151209 -0.318098 -0.023163 -0.20856 0.03614
0.136114 -0.283911 -0.0576 -0.274223 0.058728
0.229252 -0.193491 0.007474 -0.212814 0.021736
0.163 -0.134436 0.012042 -0.037128 0.154297
0.253804 -0.115106 0.06438 0.196629 0.262676
0.344022 -0.037198 0.118367 0.070651 0.109797
0.25194 -0.098409 0.018742 -0.362814 0.004564
0.260359 -0.120878 0.065858 -0.385786 -0.243155
0.23332 -0.096118 0.045788 -0.350657 -0.15781
0.166968 -0.273304 -0.063017 -0.260831 0.12698
0.166968 -0.273304 -0.063017 -0.260831 0.12698
0.259341 -0.060303 0.068187 -0.306004 -0.210593
0.246273 -0.179805 0.013414 -0.190581 0.018656
0.242379 -0.167146 0.007282 -0.210573 -0.073115
0.126291 -0.256789 -0.082128 -0.435776 -0.053577
0.119976 -0.277452 -0.079155 -0.428066 -0.065192
0.119976 -0.277452 -0.079155 -0.428066 -0.065192
0.119976 -0.277452 -0.079155 -0.428066 -0.065192
0.150221 -0.296642 -0.072784 -0.183051 0.099702
0.270065 -0.134169 0.072971 -0.030258 -0.116926
0.329487 -0.052922 0.14547 0.149787 -0.127316
0.280854 -0.054683 0.159365 0.167141 -0.227432
0.290074 -0.118515 0.107025 -0.075626 -0.279374
0.290074 -0.118515 0.107025 -0.075626 -0.279374
0.153652 -0.3865 0.007433 -0.011824 -0.069938
0.156423 -0.239528 -0.038452 -0.441975 -0.184403
0.090156 -0.328627 -0.098581 -0.341655 0.037172
0.095586 -0.261991 -0.126944 -0.303782 0.280093
0.095586 -0.261991 -0.126944 -0.303782 0.280093
0.142307 -0.186209 -0.074335 -0.213888 0.26809
0.113402 -0.228219 -0.06037 0.024213 0.394573
0.113402 -0.228219 -0.06037 0.024213 0.394573
0.113402 -0.228219 -0.06037 0.024213 0.394573
0.113402 -0.228219 -0.06037 0.024213 0.394573
0.119804 -0.257048 -0.043685 0.201631 0.453491
0.079347 -0.344106 -0.113359 -0.004902 0.403733
0.117164 -0.262425 -0.07891 -0.255692 0.105536
0.080355 -0.211576 -0.056314 -0.169202 0.077888
0.080355 -0.211576 -0.056314 -0.169202 0.077888
0.141718 -0.135473 0.043801 -0.174314 -0.19463
0.138759 -0.211217 -0.095852 -0.353849 0.066545
0.111134 -0.264096 -0.099818 -0.207706 0.267766
0.199128 -0.23168 -0.022026 -0.269124 0.022868
0.184139 -0.186182 -0.023478 -0.345502 -0.026416
0.225918 -0.1679 -0.025505 -0.152 0.214562
0.129084 -0.321509 -0.088705 -0.207525 0.25511
0.179972 -0.258472 -0.095765 -0.392186 0.212701
0.301391 0.038139 0.109774 -0.22217 -0.156824
0.297819 0.021189 0.135614 -0.100771 -0.149533
0.297819 0.021189 0.135614 -0.100771 -0.149533
0.265496 -0.042661 0.068306 -0.204104 -0.2118
0.2543 -0.090504 0.041332 -0.267475 -0.232292
0.239423 -0.093565 0.036706 -0.068208 -0.011021
0.253633 -0.173751 0.100754 -0.019048 -0.186154
0.176938 -0.110194 0.060858 0.208805 0.073309
0.216043 -0.054332 0.08424 0.155049 0.006605
0.17955 -0.172581 0.046408 -0.130129 -0.141296
0.17955 -0.172581 0.046408 -0.130129 -0.141296
0.17955 -0.172581 0.046408 -0.130129 -0.141296
0.17955 -0.172581 0.046408 -0.130129 -0.141296
0.17955 -0.172581 0.046408 -0.130129 -0.141296
0.17955 -0.172581 0.046408 -0.130129 -0.141296
0.111801 -0.309239 -0.070207 -0.248672 0.017737
0.076332 -0.316354 -0.061657 -0.079404 0.184049
0.148496 -0.254881 0.013341 0.113531 0.171731
0.170957 -0.28246 0.002163 0.063748 0.16181
0.158723 -0.317898 -0.026456 -0.013665 0.19244
0.158723 -0.317898 -0.026456 -0.013665 0.19244
0.158723 -0.317898 -0.026456 -0.013665 0.19244
0.10357 -0.389979 -0.064816 0.187868 0.416456
0.197069 -0.255038 0.033612 0.234138 0.317064
0.274702 -0.146301 0.140578 -0.229606 -0.437864
0.212987 -0.141788 0.153485 0.217248 -0.095648
0.276079 -0.109921 0.148797 0.395942 0.198183
0.276079 -0.109921 0.148797 0.395942 0.198183
0.276079 -0.109921 0.148797 0.395942 0.198183
0.276079 -0.109921 0.148797 0.395942 0.198183
0.326901 -0.118403 0.126659 0.084461 0.066579
0.250814 -0.229982 0.045005 0.07204 0.129254
0.195987 -0.193834 0.075908 0.264416 0.180309
0.304744 -0.061566 0.118794 -0.222838 -0.296013
0.249634 -0.025538 0.147091 0.120401 -0.153229
0.249634 -0.025538 0.147091 0.120401 -0.153229
0.252051 -0.175103 0.111844 0.065074 -0.168893
0.241591 -0.153723 0.088398 0.099754 -0.072595
0.246008 -0.110473 0.106594 0.279809 0.164632
0.271323 -0.053507 0.142227 0.249348 0.104853
0.16031 -0.278278 0.011542 0.166293 0.174347
0.09514 -0.338827 -0.056245 0.071884 0.266375
0.208955 -0.187781 0.045008 -0.02463 -0.029197
0.215433 -0.114799 0.008355 -0.158975 0.036558
0.215433 -0.114799 0.008355 -0.158975 0.036558
0.219587 -0.145199 0.052494 0.031154 0.019152
0.219587 -0.145199 0.052494 0.031154 0.019152
0.219587 -0.145199 0.052494 0.031154 0.019152
0.222582 -0.150153 0.004368 -0.112457 0.070632
0.170355 -0.153906 0.055506 -0.108936 -0.083587
0.258109 -0.075997 0.091715 -0.102702 -0.123027
0.267428 -0.028547 0.112996 -0.133768 -0.223491
0.231119 -0.16097 0.069388 0.019077 0.019108
0.231119 -0.16097 0.069388 0.019077 0.019108
0.258297 -0.152495 0.102926 0.303391 0.218024
0.269812 -0.072543 0.091596 0.081401 0.035553
0.269812 -0.072543 0.091596 0.081401 0.035553
0.216628 -0.165159 0.065235 -0.106184 -0.083766
0.247829 -0.177753 0.086461 0.078561 0.140652
0.247829 -0.177753 0.086461 0.078561 0.140652
0.18549 -0.25594 0.001515 -0.279083 -0.142285
0.18549 -0.25594 0.001515 -0.279083 -0.142285
0.18549 -0.25594 0.001515 -0.279083 -0.142285
0.18549 -0.25594 0.001515 -0.279083 -0.142285
0.128276 -0.274207 -0.050942 -0.222828 0.027728
0.128276 -0.274207 -0.050942 -0.222828 0.027728
0.194687 -0.246409 0.008715 -0.023883 0.030542
0.16181 -0.230636 0.03548 0.129454 -0.010751
0.251345 -0.119012 0.087297 0.212101 0.103367
0.205083 -0.130939 0.00876 0.172787 0.373017
0.184631 -0.142837 0.016286 0.04844 0.190148
0.196761 -0.121614 0.020418 -0.14382 -0.095393
0.190287 -0.14186 0.062999 0.103938 -0.017941
0.190287 -0.14186 0.062999 0.103938 -0.017941
0.190287 -0.14186 0.062999 0.103938 -0.017941
0.053434 -0.33456 -0.078769 0.085506 0.251852
0.209068 -0.180428 0.083833 0.144648 -0.055232
0.121902 -0.264917 -0.019211 -0.145615 -0.126239
0.23515 -0.108387 0.057903 -0.076832 -0.157116
0.23515 -0.108387 0.057903 -0.076832 -0.157116
0.131502 -0.12466 -0.018669 -0.056083 0.105292
0.101415 -0.140891 0.001521 0.045449 0.213125
0.221015 -0.03138 0.077277 0.039787 0.069362
0.210092 -0.094075 0.078237 0.022029 0.004973
0.285854 -0.084818 0.144042 0.055534 -0.202903
0.122344 -0.170282 0.036537 -0.042989 -0.026937
0.2459 -0.076498 0.062282 -0.181542 -0.108471
0.12881 -0.297342 -0.04956 0.012489 0.1779
0.267376 -0.115486 0.021746 0.069276 0.100187
0.217989 -0.332059 -0.008162 -0.031242 -0.054854
0.217989 -0.332059 -0.008162 -0.031242 -0.054854
0.014237 -0.553437 -0.131687 0.225177 0.416786
0.014237 -0.553437 -0.131687 0.225177 0.416786
0.147814 -0.380018 -0.001307 0.057546 0.015677
0.174345 -0.283931 0.053762 -0.034108 -0.139009
0.17552 -0.208833 0.0428 0.133129 0.010459
0.17552 -0.208833 0.0428 0.133129 0.010459
0.134487 -0.24531 -0.019712 0.069215 0.092404
0.130932 -0.298994 -0.072737 -0.092939 0.07186
0.132264 -0.246039 -0.021395 -0.111415 0.104216
0.135183 -0.382757 -0.094797 -0.230903 0.081763
0.096995 -0.292453 -0.07538 -0.213028 0.113376
0.144929 -0.314449 -0.033544 -0.107864 0.097276
0.144929 -0.314449 -0.033544 -0.107864 0.097276
0.133328 -0.153722 0.029443 -0.106818 -0.037394
0.181504 -0.119442 0.051344 -0.071029 -0.044738
0.139087 -0.254351 -0.023271 -0.133405 0.081571
0.112853 -0.307209 -0.073614 -0.089237 0.219273
0.082871 -0.291471 -0.077904 -0.219459 0.096829
0.202589 -0.158367 0.03283 -0.31928 -0.199791
0.15122 -0.163028 0.053642 -0.263467 -0.295356
0.180374 -0.154103 0.038491 -0.343979 -0.253362
0.180374 -0.154103 0.038491 -0.343979 -0.253362
0.180374 -0.154103 0.038491 -0.343979 -0.253362
0.180374 -0.154103 0.038491 -0.343979 -0.253362
0.121247 -0.298826 -0.045281 -0.503723 -0.193945
0.072756 -0.387317 -0.075585 -0.225 0.032659
0.123675 -0.245747 -0.098353 -0.535674 -0.047513
0.123675 -0.245747 -0.098353 -0.535674 -0.047513
0.114859 -0.147942 -0.078094 -0.153592 0.316955
0.099795 -0.162893 -0.051477 0.15019 0.363731
0.180282 -0.075046 -0.018798 -0.047455 0.230336
0.129428 -0.227641 -0.116054 -0.295005 0.160654
0.129428 -0.227641 -0.116054 -0.295005 0.160654
0.08572 -0.245763 -0.038295 0.277052 0.43144
0.08572 -0.245763 -0.038295 0.277052 0.43144
0.08572 -0.245763 -0.038295 0.277052 0.43144
0.146929 -0.149124 0.035038 0.183524 0.113108
0.224929 -0.089841 0.128247 0.34608 0.164491
0.190088 -0.201228 0.041674 0.039611 0.156076
0.266788 -0.114732 0.134888 0.343956 0.187364
0.266788 -0.114732 0.134888 0.343956 0.187364
0.266788 -0.114732 0.134888 0.343956 0.187364
0.266788 -0.114732 0.134888 0.343956 0.187364
0.266788 -0.114732 0.134888 0.343956 0.187364
0.171445 -0.185962 0.080943 0.339298 0.260468
0.231608 -0.04417 0.15257 0.111035 -0.053008
0.231608 -0.04417 0.15257 0.111035 -0.053008
0.191344 -0.199646 0.054886 0.211372 0.181892
0.165589 -0.345159 0.019875 0.189205 0.17526
0.104996 -0.381769 0.006432 0.123389 0.04858
0.168078 -0.219824 0.067712 0.122844 -0.036094
0.240361 -0.148618 0.099499 -0.080176 -0.236858
0.081193 -0.392792 -0.144415 -0.31564 0.069275
0.081193 -0.392792 -0.144415 -0.31564 0.069275
0.081193 -0.392792 -0.144415 -0.31564 0.069275
0.136602 -0.26737 -0.042958 -0.305428 -0.034943
0.136602 -0.26737 -0.042958 -0.305428 -0.034943
0.136602 -0.26737 -0.042958 -0.305428 -0.034943
0.136602 -0.26737 -0.042958 -0.305428 -0.034943
0.136602 -0.26737 -0.042958 -0.305428 -0.034943
0.136602 -0.26737 -0.042958 -0.305428 -0.034943
0.118466 -0.33835 -0.068062 -0.391445 -0.061833
0.137341 -0.306394 0.00555 0.10797 0.254855
0.070628 -0.393876 -0.108893 0.0729 0.480179
0.072976 -0.422817 -0.04356 0.111021 0.210344
0.093683 -0.332681 -0.023113 0.135897 0.208037
0.093683 -0.332681 -0.023113 0.135897 0.208037
0.093683 -0.332681 -0.023113 0.135897 0.208037
0.093683 -0.332681 -0.023113 0.135897 0.208037
0.093683 -0.332681 -0.023113 0.135897 0.208037
0.134234 -0.288325 -0.005058 -0.268246 -0.147754
0.196581 -0.133035 0.09483 -0.048976 -0.111801
0.259336 -0.023487 0.120507 -0.198158 -0.225334
0.259336 -0.023487 0.120507 -0.198158 -0.225334
0.287308 -0.007681 0.059783 -0.429153 -0.338183
0.287308 -0.007681 0.059783 -0.429153 -0.338183
0.287308 -0.007681 0.059783 -0.429153 -0.338183
0.287308 -0.007681 0.059783 -0.429153 -0.338183
0.311912 -0.04164 0.120792 -0.326771 -0.442892
0.311912 -0.04164 0.120792 -0.326771 -0.442892
0.311912 -0.04164 0.120792 -0.326771 -0.442892
0.243048 -0.190177 0.084538 -0.390836 -0.506479
0.243048 -0.190177 0.084538 -0.390836 -0.506479
0.243048 -0.190177 0.084538 -0.390836 -0.506479
0.243048 -0.190177 0.084538 -0.390836 -0.506479
0.243048 -0.190177 0.084538 -0.390836 -0.506479
0.243048 -0.190177 0.084538 -0.390836 -0.506479
0.243048 -0.190177 0.084538 -0.390836 -0.506479
0.243048 -0.190177 0.084538 -0.390836 -0.506479
0.243048 -0.190177 0.084538 -0.390836 -0.506479
0.243048 -0.190177 0.084538 -0.390836 -0.506479
0.243048 -0.190177 0.084538 -0.390836 -0.506479
0.243048 -0.190177 0.084538 -0.390836 -0.506479
0.243048 -0.190177 0.084538 -0.390836 -0.506479
0.243048 -0.190177 0.084538 -0.390836 -0.506479
0.272345 -0.109476 0.154986 -0.096015 -0.394955
0.272345 -0.109476 0.154986 -0.096015 -0.394955
0.272345 -0.109476 0.154986 -0.096015 -0.394955
0.272345 -0.109476 0.154986 -0.096015 -0.394955
0.21917 -0.219328 0.059188 0.117689 -0.000219
0.052119 -0.35614 -0.047108 0.04956 0.119809
0.033024 -0.290228 -0.073286 -0.150638 0.031988
0.074001 -0.31719 -0.103921 -0.133145 0.176668
0.173787 -0.232944 -0.028876 0.104516 0.317839
0.173787 -0.232944 -0.028876 0.104516 0.317839
0.220902 -0.086288 0.050011 -0.010565 0.144713
0.247638 -0.032805 0.139184 0.037446 -0.04525
0.284833 -0.01639 0.130266 0.079226 -0.107574
0.061905 -0.240033 -0.102844 -0.117307 0.290934
0.094709 -0.310059 -0.010618 0.153263 0.251673
0.094709 -0.310059 -0.010618 0.153263 0.251673
0.132785 -0.252618 0.033233 0.200288 0.122
0.232197 -0.199414 0.084153 0.256351 0.221219
0.232197 -0.199414 0.084153 0.256351 0.221219
0.232197 -0.199414 0.084153 0.256351 0.221219
0.225139 -0.178158 0.072482 0.277813 0.283092
0.227356 -0.074195 0.09189 0.172828 0.146701
0.221746 -0.033729 0.071127 -0.048485 -0.015026
0.165365 -0.156492 0.079446 0.211557 0.034857
0.251111 -0.114559 0.12947 -0.139524 -0.338771
0.251111 -0.114559 0.12947 -0.139524 -0.338771
0.205653 -0.162133 0.070394 -0.348506 -0.380973
0.205653 -0.162133 0.070394 -0.348506 -0.380973
0.205653 -0.162133 0.070394 -0.348506 -0.380973
0.205653 -0.162133 0.070394 -0.348506 -0.380973
0.134213 -0.175782 -0.042086 -0.260271 0.049298
0.080758 -0.275254 -0.08171 -0.224745 0.09555
0.080758 -0.275254 -0.08171 -0.224745 0.09555
0.080758 -0.275254 -0.08171 -0.224745 0.09555
0.080758 -0.275254 -0.08171 -0.224745 0.09555
0.165739 -0.256491 -0.070885 -0.25023 0.083695
0.171025 -0.251809 -0.041568 -0.149524 0.155229
0.171025 -0.251809 -0.041568 -0.149524 0.155229
0.155939 -0.193048 -0.004935 -0.217385 -0.099379
0.147233 -0.286045 -0.022032 0.227043 0.46358
0.068087 -0.345297 -0.054437 -0.009546 0.232283
0.068087 -0.345297 -0.054437 -0.009546 0.232283
0.068087 -0.345297 -0.054437 -0.009546 0.232283
0.130671 -0.24695 -0.018272 -0.382369 -0.188277
0.178639 -0.221558 -0.029618 -0.437155 -0.147041
0.123666 -0.346443 -0.085294 -0.416667 -0.080158
0.265022 -0.095914 0.142987 -0.064737 -0.297658
0.177276 -0.246729 -0.039015 -0.356358 -0.096386
0.177276 -0.246729 -0.039015 -0.356358 -0.096386
0.177276 -0.246729 -0.039015 -0.356358 -0.096386
0.177276 -0.246729 -0.039015 -0.356358 -0.096386
0.175002 -0.224935 0.015901 -0.228826 -0.196416
0.244414 -0.150442 0.083074 -0.093191 -0.100244
0.149979 -0.281239 -0.063764 -0.226823 0.090427
0.091502 -0.29238 -0.094769 -0.02809 0.331688
0.119142 -0.218352 -0.07062 -0.116013 0.244754
0.195805 -0.137538 -0.02844 -0.447206 -0.157004
0.195805 -0.137538 -0.02844 -0.447206 -0.157004
0.30057 0.020017 0.09899 -0.331628 -0.313651
0.30057 0.020017 0.09899 -0.331628 -0.313651
0.30057 0.020017 0.09899 -0.331628 -0.313651
0.234692 -0.108568 0.01545 -0.312016 -0.038702
0.234692 -0.108568 0.01545 -0.312016 -0.038702
0.234692 -0.108568 0.01545 -0.312016 -0.038702
0.252716 -0.088636 0.096064 0.080654 0.107595
0.146011 -0.197392 -0.01884 -0.057616 0.223802
0.205546 -0.105715 0.057618 0.016343 0.049623
0.228618 -0.035223 0.143274 0.071312 -0.130444
0.249369 -0.006802 0.139037 0.202543 0.005147
0.271598 -0.023937 0.186522 0.160714 -0.06562
0.2925 0.043277 0.146408 0.050259 -0.018464
0.113086 -0.216565 -0.004757 0.0789 0.229778
0.086427 -0.279769 -0.054422 -0.111347 0.110761
0.138277 -0.308923 -0.030066 -0.14404 0.020628
0.10577 -0.410773 -0.058769 0.056698 0.208034
0.10577 -0.410773 -0.058769 0.056698 0.208034
0.171684 -0.329193 -0.035237 -0.167617 0.046817
0.171684 -0.329193 -0.035237 -0.167617 0.046817
0.175504 -0.163929 0.062327 -0.094466 -0.174274
0.231645 -0.078859 0.131727 -0.112459 -0.265671
0.255467 -0.025299 0.142443 -0.040257 -0.232186
0.255467 -0.025299 0.142443 -0.040257 -0.232186
0.200995 -0.086238 0.080744 -0.010065 -0.015875
0.212874 -0.046904 0.101799 0.069484 -0.010251
0.195519 -0.049929 0.030378 -0.062206 0.048852
0.16198 -0.143267 0.082841 0.164588 0.009035
0.185009 -0.201603 0.11055 0.207696 -0.085497
0.115123 -0.225753 -0.008772 -0.274938 -0.129259
0.188361 -0.127064 0.046754 -0.255529 -0.157461
0.188361 -0.127064 0.046754 -0.255529 -0.157461
0.188361 -0.127064 0.046754 -0.255529 -0.157461
0.230482 -0.054308 0.071097 -0.013674 0.091733
0.197765 -0.088442 0.054931 -0.096251 -9.8e-05
0.140045 -0.173586 -0.045003 -0.296917 -0.035824
0.167661 -0.080835 0.088972 0.082837 0.032317
0.239346 -0.014938 0.062841 -0.263285 -0.114583
0.239346 -0.014938 0.062841 -0.263285 -0.114583
0.105556 -0.132772 -0.016138 -0.223726 0.005231
0.088869 -0.216083 -0.057874 -0.456378 -0.118345
0.126613 -0.205126 -0.040752 -0.4698 -0.175189
0.059852 -0.287333 -0.099391 -0.504593 -0.036433
0.059852 -0.287333 -0.099391 -0.504593 -0.036433
0.059852 -0.287333 -0.099391 -0.504593 -0.036433
0.045343 -0.278621 -0.122876 -0.426568 0.10331
0.045343 -0.278621 -0.122876 -0.426568 0.10331
0.045343 -0.278621 -0.122876 -0.426568 0.10331
0.045343 -0.278621 -0.122876 -0.426568 0.10331
0.045343 -0.278621 -0.122876 -0.426568 0.10331
0.045343 -0.278621 -0.122876 -0.426568 0.10331
0.045343 -0.278621 -0.122876 -0.426568 0.10331
0.045343 -0.278621 -0.122876 -0.426568 0.10331
0.045343 -0.278621 -0.122876 -0.426568 0.10331
0.08617 -0.228547 -0.076195 -0.398943 -0.0203
0.08617 -0.228547 -0.076195 -0.398943 -0.0203
0.196749 -0.242002 -0.002288 -0.403923 -0.239532
0.340815 -0.014681 0.169529 0.167922 -0.010687
0.222481 -0.196802 0.061728 -0.003759 0.113883
0.098009 -0.317982 -0.019942 -0.287952 -0.105731
0.126384 -0.288483 -0.037537 -0.330366 -0.064916
0.126384 -0.288483 -0.037537 -0.330366 -0.064916
0.126384 -0.288483 -0.037537 -0.330366 -0.064916
0.126384 -0.288483 -0.037537 -0.330366 -0.064916
0.126384 -0.288483 -0.037537 -0.330366 -0.064916
0.126384 -0.288483 -0.037537 -0.330366 -0.064916
0.126384 -0.288483 -0.037537 -0.330366 -0.064916
0.126384 -0.288483 -0.037537 -0.330366 -0.064916
0.283889 -0.085042 0.051506 -0.293794 -0.152162
0.283889 -0.085042 0.051506 -0.293794 -0.152162
0.198015 -0.095416 0.090165 -0.239893 -0.351376
0.120561 -0.278865 -0.047839 -0.285797 -0.009289
0.141535 -0.184534 0.055955 -0.053201 -0.091711
0.141535 -0.184534 0.055955 -0.053201 -0.091711
0.165947 -0.150347 0.016498 -0.23738 -0.06691
0.165947 -0.150347 0.016498 -0.23738 -0.06691
0.102883 -0.268262 -0.044523 -0.240605 0.071227
0.11466 -0.192058 -0.071445 -0.492853 -0.063078
0.11466 -0.192058 -0.071445 -0.492853 -0.063078
0.183539 -0.160108 -0.0215 -0.431515 -0.193519
0.183539 -0.160108 -0.0215 -0.431515 -0.193519
0.183539 -0.160108 -0.0215 -0.431515 -0.193519
0.181813 -0.13252 -0.000178 -0.337207 -0.15258
0.093881 -0.27949 -0.058558 0.012052 0.291694
0.114713 -0.264007 -0.090005 -0.398284 0.071526
0.205743 -0.156156 0.059902 -0.153294 -0.125291
0.106193 -0.308941 -0.04965 -0.135415 0.066942
0.145129 -0.242371 0.002592 -0.080569 0.065582
0.0713 -0.298517 -0.015093 0.079819 0.144385
0.044546 -0.300816 -0.059306 0.02248 0.197978
0.060593 -0.18582 0.029062 0.080827 -0.06331
0.073546 -0.345277 -0.000657 0.21022 0.253963
0.064526 -0.354949 0.008095 0.086651 0.111077
0.054853 -0.361251 0.01617 0.074663 0.00603
0.054853 -0.361251 0.01617 0.074663 0.00603
0.070314 -0.389561 -0.007922 0.007876 -0.021543
0.060428 -0.393642 -0.085733 0.088874 0.314582
0.060428 -0.393642 -0.085733 0.088874 0.314582
0.043668 -0.425058 -0.119676 -0.061752 0.262287
0.059013 -0.392112 -0.11434 -0.098084 0.247862
0.059013 -0.392112 -0.11434 -0.098084 0.247862
0.086124 -0.264208 -0.061332 0.049567 0.293744
0.152104 -0.248709 -0.012138 -0.001245 0.048321
0.152104 -0.248709 -0.012138 -0.001245 0.048321
0.241786 -0.069393 0.083393 0.158718 0.149516
0.242027 -0.12606 0.045655 0.092972 0.312073
0.242027 -0.12606 0.045655 0.092972 0.312073
0.270047 -0.042411 0.134594 0.195078 0.062162
0.270047 -0.042411 0.134594 0.195078 0.062162
0.270047 -0.042411 0.134594 0.195078 0.062162
0.199357 -0.158554 -0.002823 -0.11036 0.082183
0.247133 -0.078328 0.054362 -0.137131 -0.030322
0.16978 -0.202456 0.067622 0.102714 -0.026197
0.198129 -0.16299 0.096191 0.126624 0.011003
0.198129 -0.16299 0.096191 0.126624 0.011003
0.178166 -0.187392 0.084278 0.241481 0.158624
0.178166 -0.187392 0.084278 0.241481 0.158624
0.178166 -0.187392 0.084278 0.241481 0.158624
0.078609 -0.316166 -0.048056 0.128789 0.30324
0.078609 -0.316166 -0.048056 0.128789 0.30324
0.078609 -0.316166 -0.048056 0.128789 0.30324
0.08491 -0.211912 -0.064207 0.000942 0.257237
0.067318 -0.277303 -0.084334 -0.178209 0.193843
0.119482 -0.174802 0.008272 0.040354 0.166429
0.217919 -0.178407 0.067907 -0.137407 -0.237376
0.284255 0.032465 0.120937 -0.216981 -0.241656
0.357492 0.093934 0.176264 -0.15727 -0.220658
0.318573 0.075288 0.10233 -0.294359 -0.198797
0.289974 -0.06416 0.144158 -0.095901 -0.239244
0.289974 -0.06416 0.144158 -0.095901 -0.239244
0.286566 -0.047575 0.095421 -0.204232 -0.395331
0.247419 -0.072673 0.037653 -0.431013 -0.406948
0.241253 -0.074602 0.058466 -0.194063 -0.234367
0.241253 -0.074602 0.058466 -0.194063 -0.234367
0.296834 -0.007785 0.137351 -0.151963 -0.2228
0.227277 -0.167905 0.072079 -0.037123 0.011927
0.227277 -0.167905 0.072079 -0.037123 0.011927
0.164526 -0.188025 0.015449 0.113308 0.203667
0.164526 -0.188025 0.015449 0.113308 0.203667
0.164526 -0.188025 0.015449 0.113308 0.203667
0.164526 -0.188025 0.015449 0.113308 0.203667
0.160045 -0.175393 -0.039753 -0.326033 -0.052757
0.202054 -0.177837 -0.012609 -0.317997 -0.077733
0.176458 -0.200742 -0.032253 -0.165918 0.077317
0.176458 -0.200742 -0.032253 -0.165918 0.077317
0.272573 -0.102635 0.068565 -0.20355 -0.162789
0.273379 -0.075518 0.046571 -0.252955 -0.16562
0.207949 -0.150136 0.016369 -0.151765 0.065752
0.241163 -0.125164 0.068128 -0.025892 -0.096358
0.18962 -0.224203 0.001358 -0.142243 0.023747
0.18962 -0.224203 0.001358 -0.142243 0.023747
0.18962 -0.224203 0.001358 -0.142243 0.023747
0.18962 -0.224203 0.001358 -0.142243 0.023747
0.1827 -0.156678 0.022238 -0.19634 -0.162156
0.135527 -0.310123 -0.031358 0.013877 0.209925
0.151774 -0.262549 -0.049188 -0.32186 -0.055524
0.151774 -0.262549 -0.049188 -0.32186 -0.055524
0.228282 -0.14571 0.055759 -0.012765 -0.050316
0.228282 -0.14571 0.055759 -0.012765 -0.050316
0.212984 -0.23086 0.025654 -0.111364 -0.118641
0.212984 -0.23086 0.025654 -0.111364 -0.118641
0.081984 -0.272621 -0.041096 0.041892 0.114221
0.14463 -0.36309 -0.012418 0.265937 0.267525
0.070863 -0.40144 -0.112142 0.143913 0.423245
0.070863 -0.40144 -0.112142 0.143913 0.423245
0.070863 -0.40144 -0.112142 0.143913 0.423245
0.081544 -0.239718 -0.158651 -0.37533 0.144346
0.035833 -0.323792 -0.200721 -0.435663 0.166561
0.030316 -0.281 -0.17031 -0.359867 0.202385
0.030316 -0.281 -0.17031 -0.359867 0.202385
0.030316 -0.281 -0.17031 -0.359867 0.202385
0.120812 -0.179881 -0.073946 -0.185934 0.228226
0.143658 -0.179001 -0.040678 -0.197346 0.117997
0.143658 -0.179001 -0.040678 -0.197346 0.117997
0.143658 -0.179001 -0.040678 -0.197346 0.117997
0.171248 -0.207829 -0.070508 -0.369928 0.11402
0.171248 -0.207829 -0.070508 -0.369928 0.11402
0.177125 -0.206499 -0.063257 -0.287968 0.14655
0.200487 -0.08925 -0.011125 -0.16433 0.170153
0.200487 -0.08925 -0.011125 -0.16433 0.170153
0.153653 -0.138603 -0.067738 -0.40952 0.063655
0.198058 -0.09379 0.035843 -0.271871 -0.091128
0.198058 -0.09379 0.035843 -0.271871 -0.091128
0.182036 -0.136812 0.003959 -0.304416 0.023418
0.144479 -0.168354 -0.002761 -0.325039 -0.044384
0.07557 -0.213995 -0.028305 0.109005 0.284061
0.07557 -0.213995 -0.028305 0.109005 0.284061
0.116916 -0.182017 0.005935 0.216353 0.299024
0.100504 -0.27554 -0.039683 0.048229 0.193339
0.254456 -0.094383 0.130777 0.226376 0.093557
0.197761 -0.237173 -0.027274 -0.069367 0.279497
0.268093 -0.095166 0.050863 -0.149046 0.060542
0.268093 -0.095166 0.050863 -0.149046 0.060542
0.21993 -0.182099 -0.003433 -0.146408 0.127095
0.252492 -0.111589 0.036654 -0.259505 -0.09188
0.252492 -0.111589 0.036654 -0.259505 -0.09188
0.252492 -0.111589 0.036654 -0.259505 -0.09188
0.288361 -0.075319 0.138056 -0.135084 -0.218434
0.270236 -0.138475 0.116004 0.148423 0.019399
0.203412 -0.200484 -0.010792 -0.152388 0.049421
0.250174 -0.06763 0.021018 -0.17064 0.107343
0.250174 -0.06763 0.021018 -0.17064 0.107343
0.247684 0.01377 0.09815 -0.193367 -0.108138
0.229726 -0.021334 0.107933 -0.116085 -0.071354
0.178209 -0.095294 0.051702 0.08525 0.211833
0.200559 -0.169712 0.106584 0.108543 -0.072496
0.249571 -0.038112 0.168421 0.1926 -0.147239
0.161569 -0.157698 0.058329 0.034292 -0.043774
0.161569 -0.157698 0.058329 0.034292 -0.043774
0.161569 -0.157698 0.058329 0.034292 -0.043774
0.069971 -0.337264 -0.054861 0.10486 0.227272
0.185814 -0.183866 0.046038 0.083483 0.009549
0.134565 -0.257456 -0.046528 -0.284917 -0.060667
0.134565 -0.257456 -0.046528 -0.284917 -0.060667
0.134565 -0.257456 -0.046528 -0.284917 -0.060667
0.171276 -0.20926 0.01797 0.010804 0.095717
0.219143 -0.107321 0.043801 -0.09043 0.020829
0.07117 -0.347934 -0.137025 -0.238423 0.212626
0.044863 -0.353326 -0.077181 0.058142 0.249847
0.139627 -0.234554 -0.041828 -0.146061 0.01583
0.139627 -0.234554 -0.041828 -0.146061 0.01583
0.178741 -0.159598 0.056115 -0.225142 -0.248126
0.113553 -0.224182 0.025757 -0.128559 -0.150131
0.052685 -0.25379 -0.0364 -0.073823 0.01453
0.052685 -0.25379 -0.0364 -0.073823 0.01453
0.066978 -0.283502 -0.066636 -0.227631 0.051638
0.183356 -0.119531 0.005016 -0.183907 0.070824
0.197541 -0.053141 0.046328 -0.187574 0.008946
0.161208 -0.098274 0.090548 0.307457 0.167708
0.161208 -0.098274 0.090548 0.307457 0.167708
0.161208 -0.098274 0.090548 0.307457 0.167708
0.161208 -0.098274 0.090548 0.307457 0.167708
0.175546 -0.109312 0.099579 0.211433 -0.002935
0.164506 -0.121492 0.077104 -0.023879 -0.166438
0.164506 -0.121492 0.077104 -0.023879 -0.166438
0.12966 -0.211957 0.007728 -0.317005 -0.342326
0.161997 -0.138615 0.064044 -0.171836 -0.243093
0.139696 -0.170543 0.030721 -0.159578 -0.149308
0.062572 -0.261796 -0.024024 0.094296 0.173976
0.062572 -0.261796 -0.024024 0.094296 0.173976
0.042396 -0.276121 -0.06058 0.023433 0.244546
0.042396 -0.276121 -0.06058 0.023433 0.244546
0.099998 -0.331648 -0.146046 -0.362718 0.218176
0.05625 -0.264401 -0.055502 -0.225423 0.059126
0.117887 -0.187506 0.010973 -0.129532 0.020116
0.117887 -0.187506 0.010973 -0.129532 0.020116
0.06993 -0.246848 -0.005945 -0.087546 0.014029
0.14035 -0.13481 -0.02384 -0.50555 -0.295506
0.165743 -0.126 -0.000783 -0.291852 -0.135415
0.154456 -0.104228 0.058679 0.03368 -0.009551
0.254824 -0.107023 0.120715 -0.02193 -0.282156
0.143445 -0.186866 0.03525 -0.017087 -0.113261
0.134375 -0.170988 0.015333 -0.002979 -0.068229
0.130817 -0.346925 -0.06891 -0.074868 0.177131
0.130817 -0.346925 -0.06891 -0.074868 0.177131
0.098725 -0.312504 -0.083141 -0.258541 0.197682
0.128325 -0.214406 0.01908 -0.235904 -0.073351
0.128325 -0.214406 0.01908 -0.235904 -0.073351
0.098229 -0.249042 0.047781 -0.097551 -0.163234
0.214861 -0.076964 0.106183 0.16478 0.018715
0.214861 -0.076964 0.106183 0.16478 0.018715
0.284526 -0.019823 0.172625 0.152583 -0.064972
0.22071 -0.126057 0.098057 0.242413 0.126496
0.195813 -0.150537 0.005422 -0.141555 0.053834
0.173289 -0.184763 -0.011479 -0.180597 0.03
0.173289 -0.184763 -0.011479 -0.180597 0.03
0.285295 -0.089795 0.091582 -0.228603 -0.255976
0.285295 -0.089795 0.091582 -0.228603 -0.255976
0.285295 -0.089795 0.091582 -0.228603 -0.255976
0.285295 -0.089795 0.091582 -0.228603 -0.255976
0.285295 -0.089795 0.091582 -0.228603 -0.255976
0.285295 -0.089795 0.091582 -0.228603 -0.255976
0.231109 -0.139694 0.076341 0.046514 -0.025938
0.231109 -0.139694 0.076341 0.046514 -0.025938
0.212246 -0.129496 0.06618 0.105051 0.031
0.200245 -0.193899 0.01361 -0.074095 0.048851
0.275991 -0.042567 0.116413 -0.075965 -0.190101
0.275991 -0.042567 0.116413 -0.075965 -0.190101
0.097878 -0.239464 -0.042074 -0.141905 0.001596
0.097878 -0.239464 -0.042074 -0.141905 0.001596
0.097878 -0.239464 -0.042074 -0.141905 0.001596
0.097878 -0.239464 -0.042074 -0.141905 0.001596
0.153487 -0.21541 0.0054 -0.122374 -0.064335
0.153487 -0.21541 0.0054 -0.122374 -0.064335
0.153487 -0.21541 0.0054 -0.122374 -0.064335
0.203767 -0.142766 0.01929 -0.071574 0.103063
0.247853 -0.178921 0.058671 -0.084459 -0.036422
0.247853 -0.178921 0.058671 -0.084459 -0.036422
0.354342 -0.095096 0.104235 0.089815 0.066265
0.275982 -0.233593 0.111669 0.39277 0.218908
0.219772 -0.212705 0.052626 0.021211 0.013329
0.266074 -0.189188 0.069655 -0.03145 -0.050582
0.197099 -0.178468 -0.022711 0.055883 0.217828
0.191056 -0.206019 -0.0422 -0.003301 0.2081
0.214695 -0.133133 0.030545 0.115271 0.182925
0.214787 -0.052206 0.010361 0.044691 0.202308
0.214787 -0.052206 0.010361 0.044691 0.202308
0.203327 -0.023586 0.07565 -0.034661 -0.120203
0.138326 -0.197568 -0.002177 0.254659 0.358069
0.138326 -0.197568 -0.002177 0.254659 0.358069
0.138326 -0.197568 -0.002177 0.254659 0.358069
0.138326 -0.197568 -0.002177 0.254659 0.358069
0.093812 -0.241908 -0.009678 0.180223 0.272976
0.093812 -0.241908 -0.009678 0.180223 0.272976
0.113535 -0.168057 0.054356 0.222937 0.126367
0.105153 -0.200767 0.043382 0.084313 0.021714
0.057019 -0.298653 -0.010252 -0.130027 -0.069024
0.13138 -0.175325 0.057543 0.222935 0.073066
0.136247 -0.279728 0.022946 0.101882 0.074358
0.136247 -0.279728 0.022946 0.101882 0.074358
0.136247 -0.279728 0.022946 0.101882 0.074358
0.116651 -0.311253 -0.075122 -0.418666 -0.093873
0.116651 -0.311253 -0.075122 -0.418666 -0.093873
0.145004 -0.307461 -0.0349 -0.086659 0.048704
0.142712 -0.263028 -0.047981 -0.036215 0.213191
0.142712 -0.263028 -0.047981 -0.036215 0.213191
0.060829 -0.324377 -0.07279 -0.2063 0.116417
0.081874 -0.414738 -0.087556 -0.049412 0.363886
0.081874 -0.414738 -0.087556 -0.049412 0.363886
0.071646 -0.352564 -0.087287 -0.490227 -0.056286
0.071646 -0.352564 -0.087287 -0.490227 -0.056286
0.071646 -0.352564 -0.087287 -0.490227 -0.056286
0.030656 -0.396701 -0.091989 -0.282539 0.027962
0.060487 -0.401101 -0.078228 0.046015 0.229876
0.092812 -0.314672 -0.060599 0.100686 0.322348
0.204591 -0.15877 0.023551 0.147569 0.264586
0.250683 -0.085501 0.113036 0.213524 0.09377
0.335264 -0.036721 0.213878 0.29742 -0.037774
0.227034 -0.164099 0.096804 0.181137 0.099995
0.187997 -0.167139 0.036529 0.011794 0.136825
0.212457 -0.191617 0.045915 -0.176201 -0.130423
0.170219 -0.168233 0.063967 -0.109306 -0.247434
0.170219 -0.168233 0.063967 -0.109306 -0.247434
0.136523 -0.242275 0.046574 -0.178352 -0.236077
0.146312 -0.270105 0.03143 -0.252662 -0.254567
0.0704 -0.440779 -0.066439 -0.104883 0.078414
-0.035194 -0.410655 -0.076004 0.003921 0.243295
0.181692 -0.07661 0.055024 -0.075602 -0.152009
0.181692 -0.07661 0.055024 -0.075602 -0.152009
0.20454 -0.074046 0.114052 -0.012609 -0.274149
0.333739 -0.027225 0.136868 0.009486 -0.183416
0.333739 -0.027225 0.136868 0.009486 -0.183416
0.298553 -0.024415 0.106769 -0.283237 -0.305008
0.268781 -0.109843 0.117669 -0.023956 -0.211078
0.268781 -0.109843 0.117669 -0.023956 -0.211078
0.176926 -0.232024 0.065398 0.3378 0.202984
0.185439 -0.176143 -0.01547 -0.047261 0.211883
0.185439 -0.176143 -0.01547 -0.047261 0.211883
0.261919 -0.133589 0.02087 -0.040209 0.186897
0.192618 -0.171399 0.048631 0.252294 0.30356
0.281075 -0.119229 0.073046 0.050152 0.180474
0.265976 -0.053165 0.070125 -0.225982 -0.215885
0.265976 -0.053165 0.070125 -0.225982 -0.215885
0.241093 -0.110313 0.066596 -0.147694 -0.196393
0.241093 -0.110313 0.066596 -0.147694 -0.196393
0.241093 -0.110313 0.066596 -0.147694 -0.196393
0.241093 -0.110313 0.066596 -0.147694 -0.196393
0.241093 -0.110313 0.066596 -0.147694 -0.196393
0.251784 -0.165543 0.046515 -0.098956 -0.031051
0.218424 -0.188488 0.03622 -0.11293 -0.000471
0.218424 -0.188488 0.03622 -0.11293 -0.000471
0.169371 -0.216678 -0.015195 -0.159184 0.11583
0.175326 -0.159985 0.055339 0.150813 0.162375
0.175326 -0.159985 0.055339 0.150813 0.162375
0.175326 -0.159985 0.055339 0.150813 0.162375
0.119051 -0.23168 -0.003928 0.074148 0.204099
0.136367 -0.164048 0.063944 0.210347 0.145803
0.136367 -0.164048 0.063944 0.210347 0.145803
0.136367 -0.164048 0.063944 0.210347 0.145803
0.19686 -0.047549 0.107788 0.114186 0.042847
0.26211 -0.085812 0.075214 -0.268109 -0.241473
0.210418 -0.241948 0.0344 0.017516 0.042782
0.139453 -0.340604 -0.092013 0.000676 0.329916
0.136151 -0.214152 -0.056814 -0.188118 0.064506
0.252992 -0.106715 0.070512 -0.045372 -0.010005
0.143384 -0.31537 -0.053211 -0.137127 0.115305
