-791.531
-719.8564
-719.8564
-719.897
-719.897
-719.4759
-719.4759
-719.4759
-719.4759
-719.4759
-719.6661
-719.6661
-719.6661
-719.6661
-719.3842
-719.3842
-720.872
-719.7157
-719.0429
-719.0429
-719.0429
-719.0429
-719.0429
-719.0429
-719.0429
-720.2748
-720.2748
-720.4294
-720.7488
-720.6734
-720.6734
-720.8182
-720.8182
-720.8182
-720.8182
-720.3543
-720.3543
-720.3543
-720.3543
-720.3543
-723.5423
-723.5423
-724.3207
-723.3667
-723.3667
-721.5882
-720.8308
-721.6305
-720.3657
-720.3657
-720.8098
-720.8098
-722.0919
-722.0919
-722.6806
-722.6806
-722.6806
-720.3008
-720.7033
-721.3746
-720.6628
-720.6628
-720.885
-720.885
-720.6203
-720.4722
-720.4722
-719.915
-720.1572
-720.6096
-720.6096
-719.6573
-720.443
-720.443
-720.443
-720.443
-720.443
-720.443
-719.5926
-719.5926
-720.0505
-721.7517
-722.4243
-719.8216
-719.8216
-719.8216
-719.8306
-719.8306
-719.8306
-719.8008
-720.1899
-720.2175
-721.9637
-721.9637
-720.6181
-720.6181
-721.057
-720.1878
-720.1878
-720.1878
-720.1878
-720.1058
-720.9433
-719.9021
-719.9021
-720.2074
-720.2074
-720.2074
-721.9108
-720.1787
-721.0052
-721.0052
-720.9861
-720.9861
-720.9861
-720.9861
-721.5538
-720.5718
-720.5718
-720.5718
-720.4426
-719.9388
-720.2278
-720.6937
-721.0345
-720.3261
-722.4574
-722.4574
-721.2428
-719.556
-719.556
-719.556
-719.556
-719.556
-719.556
-720.888
-720.5984
-720.3781
-719.3458
-719.3458
-719.3458
-719.3458
-719.3458
-719.3458
-719.4378
-719.4378
-721.1485
-721.1485
-722.4925
-721.5488
-721.928
-722.2721
-720.8661
-719.9678
-720.1362
-720.0775
-719.6898
-719.1947
-719.1947
-719.8032
-720.2926
-721.5977
-720.5543
-720.5942
-719.6311
-719.6311
-719.6311
-720.0036
-720.2951
-719.86
-719.86
-719.897
-719.9181
-719.812
-719.3201
-719.8246
-719.8246
-719.8246
-719.3821
-720.123
-721.5781
-719.3757
-722.7801
-721.5513
-722.3796
-722.3796
-721.2335
-720.3263
-720.0729
-719.4832
-720.5735
-721.1117
-720.4296
-720.4296
-720.4296
-719.4427
-719.4928
-720.8358
-720.7487
-721.2318
-720.4142
-719.7755
-719.7755
-719.2246
-719.3597
-721.8088
-721.8088
-721.8088
-721.8088
-721.8088
-721.8088
-719.8932
-720.1253
-720.7774
-720.4616
-720.2521
-720.3218
-719.1811
-720.7471
-720.6164
-720.7276
-719.9235
-720.1716
-720.328
-720.328
-720.6374
-720.9175
-719.2906
-719.2906
-719.5511
-720.2164
-719.7292
-721.0725
-720.6159
-720.2688
-721.3845
-720.5207
-720.5207
-720.5207
-719.8815
-722.6529
-722.6529
-722.6529
-722.4658
-722.4658
-720.0149
-720.0149
-720.0149
-720.7682
-721.2653
-720.399
-722.5298
-721.7505
-721.7505
-719.9651
-719.9651
-720.0985
-720.0985
-720.0985
-719.6693
-720.1803
-720.1803
-720.1803
-720.0324
-719.5557
-719.91
-719.91
-719.2826
-719.2826
-721.0965
-720.5279
-720.6582
-720.1913
-719.7678
-719.7678
-720.5672
-720.5672
-720.5672
-719.2822
-719.2822
-719.2822
-719.2822
-720.1478
-721.0087
-721.0087
-721.0087
-721.4215
-720.4493
-719.948
-719.8589
-719.8589
-719.8704
-719.8704
-719.9928
-720.5333
-719.5429
-720.2332
-720.2332
-720.2332
-720.7497
-721.1267
-720.1663
-720.1663
-719.3342
-721.5849
-719.8139
-719.8139
-719.8139
-720.5392
-720.44
-720.2653
-721.6079
-720.5014
-720.5014
-720.0854
-720.4615
-719.4854
-720.2658
-720.3808
-721.4799
-721.3026
-721.8662
-720.2633
-720.1605
-719.8765
-720.6005
-720.3494
-720.3107
-720.4379
-724.0944
-724.0109
-722.795
-722.8615
-719.5002
-720.4372
-719.1983
-719.1983
-719.2167
-719.2637
-719.2637
-720.8347
-720.6803
-719.7159
-719.7159
-719.7159
-720.3036
-719.8346
-719.8346
-719.8346
-719.2443
-719.2443
-719.8877
-719.8877
-721.0264
-721.0264
-719.8468
-719.5627
-719.5627
-720.0005
-720.0005
-720.0005
-720.0005
-719.9229
-719.9229
-719.7234
-719.7234
-719.7234
-719.7234
-720.1169
-719.8248
-719.8248
-721.23
-719.2133
-719.2133
-719.2133
-720.0717
-720.3293
-720.3293
-720.3293
-719.5304
-719.5304
-719.5304
-720.293
-720.1939
-719.6246
-719.6246
-719.5945
-720.4122
-720.1085
-720.1863
-721.1927
-721.1927
-721.1927
-721.4065
-720.5362
-720.5362
-720.5362
-720.6054
-720.6054
-721.2194
-719.3356
-719.3356
-719.3356
-722.0076
-721.1891
-720.6415
-720.6415
-720.9967
-720.6295
-720.169
-720.169
-720.169
-719.2256
-720.7264
-719.2585
-720.0706
-721.2658
-719.5126
-720.8573
-721.1904
-721.0915
-719.4739
-720.8526
-721.3673
-721.2917
-721.2917
-720.824
-720.9529
-720.9336
-720.9336
-720.9336
-720.9336
-721.2313
-721.2261
-721.1561
-721.1561
-721.8963
-720.4014
-720.3526
-720.0198
-721.9029
-721.9029
-721.9029
-721.9029
-721.9029
-721.9029
-721.4086
-721.4068
-719.5003
-719.5003
-719.5003
-720.3158
-720.104
-720.1042
-719.3127
-719.4298
-719.4298
-719.4298
-719.4298
-719.3012
-720.1985
-722.6752
-722.6752
-720.561
-720.561
-720.8729
-721.472
-720.6472
-721.3566
-720.1333
-720.0062
-719.4277
-719.534
-719.5831
-719.5831
-719.841
-720.0198
-720.998
-721.293
-721.1157
-721.1157
-723.0598
-723.0598
-722.0151
-719.5961
-719.5961
-719.5961
-720.1598
-720.1598
-720.1598
-719.5126
-719.7382
-719.7382
-719.9943
-721.9067
-720.7536
-720.4779
-722.0286
-723.9286
-723.9286
-724.9491
-721.7928
-721.7928
-721.7928
-720.7544
-720.7544
-720.7544
-719.8652
-721.2317
-720.4316
-720.4316
-722.4814
-720.7092
-720.7092
-720.7092
-720.7092
-720.1727
-719.9598
-719.9085
-719.9085
-719.8349
-721.1959
-721.594
-719.8878
-720.1534
-721.4854
-721.4854
-720.0992
-719.7743
-719.7743
-719.7743
-719.5316
-719.7226
-720.0171
-720.0171
-720.0171
-720.0171
-719.8852
-720.3123
-721.7626
-721.9545
-720.9027
-720.9027
-720.9027
-720.0871
-720.0871
-720.2436
-721.5015
-722.0851
-721.9619
-720.6699
-722.2876
-722.2876
-722.2876
-722.2876
-721.5077
-719.8661
-719.856
-719.856
-720.5369
-724.5183
-724.5183
-722.9544
-720.943
-720.943
-719.4763
-720.9585
-721.6906
-721.565
-721.565
-721.565
-720.7463
-719.335
-719.335
-719.2655
-720.1998
-720.1998
-720.1998
-720.1998
-721.9656
-721.9656
-721.9656
-721.9926
-722.2557
-722.1272
-722.1272
-722.1272
-720.5114
-720.352
-720.0271
-719.773
-720.0148
-721.3995
-719.8907
-719.8907
-719.8907
-720.5344
-719.8327
-719.9759
-720.1161
-720.3078
-720.3078
-720.3078
-720.3078
-720.7368
-720.2173
-719.8078
-720.1549
-720.1549
-722.9961
-722.9961
-722.3436
-721.1433
-720.4924
-720.4924
-720.5911
-720.5911
-722.4302
-720.0846
-720.1253
-720.2538
-722.8597
-722.8597
-721.1789
-720.4401
-719.4692
-719.3223
-720.597
-719.9571
-720.6411
-719.6576
-719.8256
-720.1278
-719.7715
-721.0373
-721.0373
-721.1611
-721.6199
-720.5716
-720.4776
-719.584
-720.5285
-722.2213
-722.2213
-722.2213
-722.1297
-722.1297
-721.9443
-720.9269
-719.5085
-719.5085
-720.3009
-720.8645
-721.6615
-722.678
-726.1303
-724.9711
-724.9711
-724.9711
-721.7502
-722.8342
-722.7034
-722.2324
-721.2765
-722.0799
-720.6988
-720.2175
-719.8858
-720.1525
-719.7361
-720.8837
-720.3758
-720.6397
-720.6397
-720.5432
-719.4017
-719.4017
-719.9968
-719.9968
-720.3389
-720.3389
-720.0006
-720.0006
-720.0006
-720.0486
-720.0486
-720.4961
-720.2967
-720.0951
-720.2489
-721.2743
-719.3929
-722.044
-722.044
-722.044
-721.2977
-721.2977
-721.2977
-720.0889
-720.1052
-719.9761
-719.8367
-719.8367
-719.0678
-719.0678
-719.9964
-719.9964
-719.9964
-719.9964
-719.7479
-719.7479
-720.671
-720.671
-720.3988
-720.2578
-720.6311
-720.5102
-719.4132
-719.4132
-719.978
-719.978
-720.4999
-720.0406
-720.0344
-721.3251
-720.0214
-721.7783
-720.28
-719.1427
-719.1427
-719.1824
-719.1824
-719.2994
-719.2994
-719.2994
-719.2994
-719.2994
-719.2994
-719.2994
-722.2422
-723.4772
-723.4772
-722.4766
-721.4143
-720.273
-719.993
-720.389
-721.2757
-722.4433
-722.6851
-723.2926
-722.1047
-719.4008
-719.4008
-719.4008
-719.4087
-719.4087
-719.9349
-721.8881
-720.765
-719.8437
-720.2992
-719.3772
-719.3772
-719.5588
-720.0095
-724.9146
-728.2639
-721.4646
-720.9358
-720.9358
-720.2094
-720.2094
-720.2094
-720.2094
-720.2094
-719.5755
-720.068
-720.068
-720.2968
-720.0052
-720.0052
-720.0263
-719.9051
-719.6878
-719.6934
-720.7085
-719.7889
-719.7889
-719.7889
-719.7889
-719.1472
-719.1472
-720.2271
-720.2271
-720.2271
-720.2271
-720.2271
-720.0326
-719.7552
-719.7552
-719.7552
-719.7552
-719.7552
-721.5526
-721.5526
-721.4578
-721.4578
-721.8235
-721.8235
-721.8959
-721.8959
-721.8959
-720.1305
-720.1305
-720.0417
-720.9778
-721.9471
-720.1405
-719.4484
-719.9713
-719.9713
-719.9713
-719.9713
-719.9713
-720.4121
-720.6437
-719.8832
-719.7659
-720.1819
-719.7598
-720.1161
-720.1161
-719.6427
-720.9564
-721.5161
-724.166
-723.2953
-721.836
-722.3342
-720.4434
-719.443
-720.3101
-719.5562
-719.5562
-719.5562
-719.6428
-719.8908
-720.1684
-719.7736
-719.4974
-719.8741
-719.8741
-720.7563
-720.7451
-719.4863
-719.6353
-720.7516
-721.131
-720.3577
-720.3577
-719.9705
-719.6343
-720.8005
-720.128
-719.8193
-719.779
-719.9739
-721.0121
-720.633
-722.2398
-722.2398
-721.129
-719.8383
-721.2625
-721.2625
-720.7275
-720.7275
-720.7275
-720.7275
-720.1859
-720.1859
-720.1859
-719.6969
-719.6969
-719.2105
-720.0382
-720.1679
-720.1517
-720.5677
-719.2048
-719.4263
-719.4263
-719.4263
-719.4263
-719.3495
-719.3495
-719.3495
-719.9578
-720.3602
-720.3602
-720.3602
-720.3602
-719.7933
-720.8396
-720.8057
-720.2571
-720.2571
-720.6293
-720.7589
-719.987
-721.8499
-719.8255
-719.9674
-719.9674
-719.9674
-721.1058
-720.7709
-721.5062
-721.5062
-721.3944
-722.0801
-720.0786
-720.0786
-720.0786
-720.0786
-720.0786
-720.0786
-721.7331
-721.9124
-723.5616
-723.5616
-725.1431
-721.3035
-719.7897
-720.1048
-720.1048
-720.1048
-720.1048
-720.2408
-719.4512
-719.4512
-719.4512
-720.4038
-720.5485
-721.7721
-721.788
-720.1584
-722.6195
-721.9655
-721.9655
-720.3858
-720.0634
-721.1572
-721.1572
-719.6988
-719.6988
-719.6988
-719.6988
-719.3428
-721.0608
-721.0608
-722.8166
-722.4832
-720.9684
-720.9684
-719.8813
-719.8813
-719.8813
-719.8813
-719.8813
-719.8813
-719.8076
-719.6683
-719.6683
-719.6683
-719.6683
-720.1284
-719.334
-719.334
-719.4442
-719.4442
-719.4442
-719.4442
-719.4442
-719.4442
-719.4442
-720.0822
-720.8441
-719.7175
-719.7226
-719.7226
-719.7226
-719.7226
-719.7226
-719.7226
-719.7226
-719.5635
-719.9182
-719.1593
-721.0865
-721.0865
-720.7967
-720.7967
-720.7967
-720.7967
-720.7967
-720.7967
-720.7967
-720.7967
-719.8838
-719.8838
-720.7997
-720.7997
-720.4896
-722.0678
-722.0678
-720.7014
-720.7014
-720.0997
-720.3192
-719.9561
-721.6809
-720.3077
-720.3077
-720.1119
-719.8523
-719.9119
-719.7631
-720.0604
-720.0604
-720.0604
-720.0604
-719.8201
-719.495
-719.495
-719.7549
-721.2744
-720.4729
-720.4729
-721.723
-721.5364
-721.5364
-719.9285
-719.9285
-719.9839
-719.9839
-720.1895
-720.6951
-720.9972
-721.0225
-720.327
-719.2936
-719.2936
-719.2936
-719.2936
-719.2936
-719.4762
-719.2171
-719.2171
-719.2171
-719.2171
-719.4249
-719.9724
-719.3951
-719.7136
-720.9838
-720.2817
-720.3274
-720.8844
-721.1367
-723.4791
-720.0092
-721.1792
-721.4738
-720.8949
-720.8949
-720.1943
-721.3889
-722.6212
-722.6212
-721.0681
-721.4754
-721.4754
-720.9594
-721.015
-720.8502
-721.4696
-720.128
-719.8154
-719.28
-719.28
-719.28
-719.972
-720.0457
-720.0457
-719.3128
-719.8357
-719.8357
-719.8357
-719.8772
-719.6891
-719.6891
-719.6891
-719.6891
-719.6891
-719.6891
-719.6891
-719.6891
-720.5879
-720.5879
-721.2561
-721.1835
-720.9892
-723.0087
-722.0776
-722.7843
-722.7843
-722.6067
-722.299
-723.8366
-721.0593
-719.9956
-719.9956
-719.9956
-720.4149
-719.4325
-719.4325
-719.0731
-719.0731
-719.4199
-720.7139
-720.536
-720.536
-720.536
-720.536
-721.9226
-720.9162
-720.9162
-720.9162
-720.8193
-719.6892
-719.5157
-719.5157
-721.334
-721.334
-721.0449
-722.6449
-721.5666
-720.9361
-719.9679
-719.7968
-721.9659
-720.935
-720.935
-720.0813
-719.8293
-719.3959
-719.3959
-719.3959
-720.6287
-720.6287
-720.8443
-720.6519
-720.3145
-719.6419
-721.0564
-720.3798
-720.1993
-720.1993
-719.9571
-719.9571
-719.9571
-720.0138
-719.6227
-719.6227
-720.3123
-723.1234
-724.165
-722.2042
-720.8328
-720.8328
-720.8328
-720.8328
-720.8328
-721.29
-719.8017
-720.4406
-720.4406
-720.4521
-720.4521
-720.1152
-720.1152
-720.2471
-720.9126
-721.5486
-720.4498
-720.0607
-720.0607
-720.0607
-720.0607
-720.0607
-721.394
-721.394
-722.2172
-721.233
-721.233
-720.7025
-721.2875
-721.2875
-721.2875
-720.3826
-720.3826
-720.3826
-719.6613
-720.2065
-720.83
-720.4084
-720.4084
-720.9497
-719.7327
-720.2115
-720.2115
-721.3335
-722.2404
-720.701
-720.3496
-720.4192
-722.044
-720.8341
-720.8341
-720.8078
-720.3503
-720.3503
-720.575
-720.2326
-719.2341
-719.2341
-719.2341
-719.2341
-721.0833
-720.2671
-721.3901
-721.2795
-720.0167
-721.3838
-720.152
-720.1701
-721.6657
-721.4388
-721.4388
-720.5334
