-1433.145
-720.6611
-719.9852
-719.9852
-721.8918
-719.6462
-720.5341
-720.5341
-721.0419
-722.1009
-721.1787
-721.1787
-722.1997
-719.9195
-720.806
-720.5403
-720.5403
-725.1587
-725.1587
-721.2757
-721.2757
-721.2757
-721.2757
-721.2757
-722.0341
-722.0341
-721.2327
-720.1686
-720.7278
-720.8169
-720.8214
-724.3568
-721.8772
-719.9303
-719.1799
-719.1799
-720.0105
-719.7446
-720.957
-720.957
-721.72
-721.2666
-721.2666
-721.2666
-721.5122
-720.6441
-720.331
-720.331
-720.331
-720.116
-720.116
-720.116
-720.116
-720.116
-720.116
-720.2328
-720.2263
-720.2263
-720.2263
-719.9009
-719.5968
-719.9134
-720.1266
-720.1266
-719.6521
-719.6521
-719.6521
-719.6521
-719.7661
-720.525
-719.6942
-719.6942
-720.0945
-719.7719
-719.7719
-721.6018
-720.2239
-720.2239
-720.5199
-720.5199
-719.3591
-719.3591
-721.3782
-721.3782
-720.5521
-720.5521
-720.5521
-722.8503
-722.8503
-722.8678
-722.8678
-722.8241
-719.7965
-719.278
-719.3381
-719.3381
-720.4203
-720.0977
-719.8227
-720.0788
-720.1965
-720.9467
-722.371
-719.9595
-720.6787
-721.9434
-720.3783
-720.6569
-720.6569
-720.6569
-720.1449
-722.2816
-721.2051
-721.2051
-720.6729
-720.6729
-720.1845
-720.3192
-720.3192
-722.6597
-721.3273
-719.5278
-719.4192
-719.9684
-719.0723
-719.0723
-719.4405
-719.147
-719.147
-719.3988
-719.3988
-720.3899
-720.4165
-719.8742
-720.6795
-720.4954
-720.348
-720.348
-720.5768
-721.0647
-720.4139
-721.5192
-721.0186
-721.0186
-720.9658
-721.2765
-720.8327
-720.8327
-720.8327
-720.5863
-720.0412
-719.7446
-719.7446
-719.7446
-720.1971
-720.1971
-720.5442
-719.9426
-719.9426
-721.3746
-721.0196
-719.658
-719.658
-719.658
-719.658
-722.7652
-720.788
-720.788
-719.4056
-719.8491
-719.8491
-719.8491
-719.8491
-719.8491
-720.4061
-720.4061
-720.1306
-721.2793
-721.9741
-721.1444
-721.1444
-721.1444
-720.0058
-720.0374
-720.0374
-720.0374
-720.0374
-719.8483
-719.8483
-721.2818
-725.2716
-725.2716
-722.5033
-719.5331
-719.5331
-719.5331
-720.5618
-721.0262
-719.8837
-719.8837
-719.5911
-720.7158
-721.5493
-720.6711
-720.6711
-719.3982
-719.8625
-721.1309
-721.1309
-720.2271
-719.8976
-719.8976
-721.6883
-721.6859
-720.0859
-720.3327
-720.2382
-720.1835
-720.1835
-720.1835
-720.1835
-720.1835
-720.1835
-720.7821
-719.9501
-719.5351
-719.5351
-719.3408
-719.3179
-719.3179
-719.3197
-719.3242
-721.0342
-720.9717
-720.9717
-721.2177
-721.2177
-721.763
-720.0287
-720.5556
-719.614
-720.7107
-719.4314
-721.0004
-721.0004
-721.0004
-720.8572
-722.2387
-722.2387
-720.9403
-720.9403
-720.9403
-721.1421
-721.1421
-720.3952
-720.3952
-720.3952
-721.7204
-721.7204
-719.6986
-720.0954
-720.0954
-720.0954
-720.3888
-720.972
-720.9784
-719.7495
-719.7495
-719.6145
-722.4324
-722.1437
-723.476
-720.3231
-720.0183
-720.3929
-720.8864
-723.1659
-723.1659
-720.6385
-720.5486
-719.8956
-719.2355
-719.3577
-719.8205
-720.8986
-720.4168
-720.4168
-720.3283
-723.9591
-722.8782
-724.4928
-725.0928
-724.4386
-723.7622
-723.7622
-722.818
-723.5676
-721.8606
-721.3857
-721.3857
-721.3857
-721.3857
-721.4835
-721.0761
-720.8113
-720.8032
-719.8947
-719.8947
-719.8947
-720.0756
-719.8116
-721.475
-723.1995
-723.0161
-723.1952
-720.9822
-720.9822
-720.0362
-719.8834
-719.5589
-719.5034
-719.5034
-722.1294
-721.6132
-720.1331
-720.4037
-720.4037
-720.4037
-720.4037
-720.2391
-722.4359
-723.2214
-724.0926
-722.0585
-721.7942
-720.7815
-720.7815
-720.7815
-723.4102
-721.3481
-723.2727
-723.2727
-722.1775
-722.2297
-722.2297
-721.0328
-722.281
-719.8654
-719.4501
-719.2677
-719.4893
-719.4893
-719.4893
-720.3892
-720.3892
-720.3892
-720.3892
-720.3892
-722.1888
-721.1306
-721.1306
-719.6278
-721.1192
-722.2614
-721.8672
-721.8672
-721.5862
-721.5862
-720.4717
-720.4327
-720.6852
-720.6852
-720.8537
-720.8537
-720.0721
-720.3915
-720.2372
-720.2372
-720.0209
-722.362
-721.1247
-721.3081
-719.6456
-719.6456
-719.6456
-719.6456
-719.939
-720.222
-720.222
-720.222
-719.8606
-720.7484
-719.7749
-719.7615
-719.7615
-719.7615
-719.7615
-719.8414
-721.8543
-721.5461
-720.5408
-720.5408
-720.5408
-719.9605
-720.0946
-720.5737
-720.1325
-720.1325
-720.0363
-719.9488
-719.9488
-720.1505
-720.1505
-720.1946
-720.4955
-721.9196
-721.9196
-722.8138
-720.8274
-723.626
-721.9728
-721.8547
-720.7682
-722.2919
-723.5526
-723.5526
-719.8141
-719.8141
-719.8141
-720.4459
-720.4459
-720.4459
-719.5183
-719.5183
-719.5183
-721.1402
-721.1402
-720.7889
-719.9021
-719.9777
-722.0148
-720.3592
-719.4066
-720.0171
-720.5532
-720.7528
-721.3691
-720.8311
-719.9614
-719.5888
-719.7705
-719.7705
-723.4961
-722.4097
-721.6331
-720.1647
-720.1647
-721.7119
-721.7119
-720.425
-719.5964
-719.5964
-719.8278
-719.8278
-719.8278
-719.9589
-720.8263
-720.7925
-720.7925
-720.7925
-720.802
-720.802
-719.7251
-720.0649
-720.0649
-721.5825
-720.597
-720.597
-721.9483
-720.3973
-720.592
-719.5709
-719.5709
-720.0273
-720.0273
-720.2769
-720.2769
-721.2707
-721.7797
-720.6595
-720.6595
-720.6991
-721.0431
-721.0431
-720.8141
-721.5094
-721.5094
-721.7312
-721.0352
-721.509
-721.509
-720.8448
-720.2822
-720.6293
-719.4268
-719.4268
-719.4268
-719.4268
-720.0194
-720.2065
-719.4518
-719.919
-719.7319
-719.7319
-719.8848
-720.3712
-719.8448
-721.1733
-720.8955
-721.381
-721.4856
-721.3487
-720.5706
-719.435
-719.3121
-720.2969
-720.2969
-720.2969
-720.2969
-720.2969
-721.3574
-721.9124
-720.9278
-720.5693
-720.4988
-720.1044
-720.1044
-720.1044
-719.7397
-719.7397
-719.7397
-721.4201
-721.2318
-721.2318
-720.0173
-719.9404
-719.5794
-719.6207
-720.3719
-720.3719
-720.3719
-719.3804
-719.6781
-721.492
-721.8272
-721.8272
-720.0679
-719.6364
-719.6364
-719.6364
-720.5249
-720.0866
-720.5059
-720.5059
-721.0394
-720.7446
-721.0193
-720.4127
-720.4127
-719.8843
-719.6662
-721.7986
-720.2965
-720.2965
-719.8387
-719.8115
-719.5358
-719.5358
-719.7241
-719.6602
-719.6602
-719.6602
-719.6602
-719.6602
-719.6602
-719.6602
-719.6602
-719.6602
-719.4011
-719.4011
-719.4011
-721.4348
-721.8723
-720.7058
-720.7058
-720.2519
-720.1258
-720.1258
-720.1258
-719.7651
-719.7651
-719.7651
-719.0361
-720.3041
-720.3041
-720.3041
-720.3041
-719.704
-719.704
-719.704
-719.704
-720.1369
-719.5279
-719.5279
-719.5279
-719.5279
-719.5279
-719.8282
-720.2533
-720.3555
-720.3555
-719.7165
-719.7165
-723.5731
-723.7845
-723.7845
-723.7845
-721.5495
-721.5495
-721.9054
-720.9155
-720.9155
-720.9155
-720.9155
-720.9155
-720.1035
-719.9147
-720.0048
-720.0048
-720.951
-719.6071
-720.1305
-720.1305
-721.2221
-720.354
-720.354
-722.7602
-722.7602
-721.1327
-720.6593
-720.6593
-720.6428
-720.6428
-721.1367
-720.1064
-720.539
-720.539
-720.1447
-720.1447
-720.1447
-721.1767
-720.5589
-721.0996
-719.8474
-719.5574
-719.5574
-720.4162
-720.4162
-720.4162
-719.7753
-719.7753
-719.7753
-719.7753
-719.7753
-720.9437
-720.8197
-720.7072
-720.7072
-719.7201
-720.2362
-720.0059
-720.0295
-720.1229
-720.1229
-720.2736
-720.3967
-719.7937
-719.7937
-719.7937
-719.7937
-720.7231
-720.5612
-720.5612
-720.6783
-719.8585
-720.938
-722.8023
-722.8023
-722.8023
-722.8023
-719.8329
-719.922
-720.3969
-720.3969
-719.5739
-719.388
-719.388
-720.9869
-720.9869
-722.2225
-719.8401
-721.7448
-719.8703
-719.8703
-719.6013
-720.3514
-720.3514
-720.3514
-720.3514
-720.3514
-720.3514
-720.0002
-720.0002
-719.5154
-719.7024
-719.5907
-719.9643
-721.3861
-720.6125
-720.0303
-720.0303
-720.0303
-719.593
-720.0741
-720.3346
-720.3346
-719.428
-719.428
-720.184
-720.1379
-720.1379
-719.7357
-719.7357
-719.7357
-719.5744
-720.0072
-720.0072
-720.0072
-720.009
-721.9935
-721.9564
-721.5409
-721.5409
-721.5409
-720.7895
-720.7895
-720.7895
-721.9765
-721.5958
-720.3635
-720.2493
-720.8118
-721.4417
-720.4553
-720.4553
-720.4553
-719.7525
-719.3503
-719.3503
-719.3503
-719.3503
-719.2675
-719.6665
-719.6665
-722.9019
-722.9019
-720.9808
-720.9808
-721.6973
-722.0898
-720.6521
-720.6521
-720.6521
-720.6521
-721.9986
-721.9986
-719.3935
-719.3935
-719.6943
-719.2766
-719.338
-719.338
-719.338
-719.338
-719.338
-719.338
-719.9272
-721.516
-720.2039
-720.2039
-720.2674
-720.2674
-720.2674
-720.1927
-721.2192
-721.2192
-719.1178
-719.6563
-719.6563
-719.6559
-719.6559
-719.6559
-719.6198
-719.6198
-720.8713
-720.8713
-723.2913
-723.4898
-723.4898
-721.8884
-722.5149
-723.8362
-722.0152
-723.0897
-721.3035
-721.0532
-721.0532
-721.0532
-721.0532
-722.2953
-721.4703
-721.4703
-720.4265
-720.4265
-721.1667
-719.8202
-722.9486
-721.9623
-720.3471
-720.3471
-720.8512
-720.8512
-720.5413
-720.5413
-720.9801
-719.1133
-719.1133
-720.8166
-720.2548
-719.8897
-720.9554
-720.8243
-720.3898
-722.7873
-722.9027
-721.8343
-720.2084
-720.2084
-719.8321
-719.7567
-719.7567
-719.7567
-720.6063
-720.3923
-720.4458
-720.3072
-719.5851
-720.365
-719.9642
-719.8696
-719.7135
-721.0901
-721.0901
-720.5484
-719.8012
-719.2682
-719.7908
-720.4187
-719.5534
-719.4342
-719.8439
-719.5863
-720.3439
-719.9882
-719.9882
-719.9882
-719.9882
-719.7264
-719.7264
-720.8909
-720.8909
-720.3406
-720.3277
-720.8555
-720.8555
-720.4066
-720.4066
-720.7037
-720.7037
-720.7037
-721.4257
-719.7096
-719.7096
-721.6496
-721.6496
-721.6496
-719.3468
-719.3468
-719.725
-721.2341
-721.7823
-719.6839
-720.0391
-720.0391
-719.6078
-719.6078
-719.2945
-719.2945
-719.2945
-719.2945
-719.6062
-719.6522
-720.3307
-720.0028
-719.845
-719.562
-720.5123
-719.6987
-719.6987
-719.7681
-719.7681
-719.7641
-719.9454
-719.9454
-719.9454
-722.161
-721.826
-721.1684
-720.6784
-719.6988
-719.6988
-721.6384
-720.9164
-721.5388
-721.5388
-721.1196
-720.176
-720.0935
-720.7535
-720.7535
-719.7303
-719.3934
-719.3934
-720.222
-720.0635
-719.1264
-719.1264
-719.6477
-721.884
-720.6331
-723.2273
-723.2273
-723.3678
-723.3678
-721.0467
-720.6545
-720.6545
-719.9953
-719.5046
-719.8345
-719.8345
-719.417
-719.049
-719.049
-719.6471
-721.4964
-721.0028
-722.4853
-722.4853
-723.6132
-723.4728
-723.4252
-724.8906
-723.8062
-721.9413
-720.7909
-720.7909
-720.7909
-720.5284
-720.5284
-720.5284
-720.5284
-720.5284
-720.5284
-720.5284
-720.5284
-720.5284
-720.5284
-720.5284
-720.5284
-720.516
-720.3152
-719.8355
-719.8355
-720.1013
-719.9492
-719.5281
-720.241
-720.241
-720.241
-720.241
-720.241
-720.241
-719.5549
-720.338
-721.2125
-722.5673
-722.5673
-721.9701
-721.0771
-720.2345
-720.935
-721.3753
-721.7192
-721.34
-720.144
-720.144
-720.576
-720.576
-719.9419
-721.3965
-721.3797
-720.64
-720.8148
-720.8148
-720.8148
-720.2222
-720.2316
-724.3786
-724.3786
-722.2236
-719.8245
-719.8245
-719.8245
-719.8245
-720.4249
-721.0418
-721.0418
-721.0418
-721.0418
-721.0418
-721.9051
-721.6004
-719.6416
-719.4796
-719.476
-720.1454
-720.0893
-720.8949
-720.8949
-721.6689
-721.6689
-721.6689
-721.1515
-721.1515
-722.011
-721.709
-721.709
-721.0724
-720.2058
-720.2058
-720.0483
-722.4985
-722.7957
-722.5599
-722.2362
-722.2362
-722.2362
-722.2362
-720.5453
-720.1306
-719.6961
-719.8518
-719.1366
-719.1366
-719.7443
-719.7443
-719.3795
-721.4654
-720.4211
-721.6885
-721.6885
-720.3433
-720.0703
-719.7782
-720.8979
-719.9224
-719.9224
-719.9224
-719.9224
-720.6112
-720.1478
-720.1478
-719.9787
-719.5837
-719.5837
-719.5837
-719.1961
-719.4772
-719.4772
-719.1406
-719.1406
-719.8115
-719.5928
-719.548
-719.548
-719.548
-720.1619
-719.3196
-719.3045
-720.2355
-721.4512
-719.8348
-719.8348
-719.8348
-719.8348
-720.2749
-719.7303
-719.7303
-719.7602
-720.9094
-720.7526
-720.7932
-721.0294
-721.0294
-719.3004
-720.2294
-720.2294
-721.0056
-721.0056
-720.7544
-720.7544
-723.3542
-721.6345
-721.9013
-723.3328
-720.5155
-720.2523
-720.6556
-720.6556
-720.6556
-722.099
-722.099
-720.4172
-720.4172
-720.1243
-719.4879
-720.8494
-720.4614
-719.8192
-720.8293
-720.8293
-720.5938
-721.5585
-720.0658
-720.0156
-720.0156
-720.0156
-719.233
-719.233
-719.233
-719.233
-719.233
-719.233
-721.1451
-721.1451
-721.567
-721.567
-720.0094
-720.0315
-720.4894
-719.3863
-720.9077
-721.0569
-721.0569
-721.0958
-719.5649
-719.5649
-719.5649
-721.2629
-725.5382
-725.5244
-721.2943
-721.7657
-719.3359
-719.3359
-719.3359
-721.0809
-721.0809
-721.7393
-720.7506
-720.2842
-719.9894
-719.9894
-719.9894
-721.1723
-719.7773
-719.7773
-720.6613
-719.6828
-719.8591
-719.8591
-719.8591
-719.8591
-719.8591
-721.1418
-721.1418
-720.6728
-720.6091
-719.9525
-721.77
-722.373
-721.9653
-721.1664
-724.2208
-720.3359
-721.0279
-719.641
-719.641
-719.6001
-719.2185
-719.2185
-719.3568
-719.3568
-720.2059
-719.995
-719.3646
-720.1813
-719.9091
-719.5095
-722.1042
-722.3078
-722.3078
-722.2163
-721.0948
-721.0948
-720.3733
-720.3733
-720.3733
-720.0242
-720.0242
-720.0242
