-752.3838
-720.6987
-720.6987
-720.6987
-720.6987
-720.6987
-720.6987
-719.7144
-719.8683
-719.6757
-719.7057
-719.7455
-719.3309
-719.3309
-719.3309
-720.166
-721.0331
-721.0331
-722.8458
-722.3455
-721.6351
-720.0802
-720.0694
-719.5137
-719.5449
-720.3228
-720.1479
-720.4809
-720.0936
-720.0936
-720.0936
-720.2385
-722.1483
-721.2753
-721.978
-720.3999
-720.3999
-721.8818
-720.2594
-720.2594
-719.9462
-719.9462
-719.9462
-719.9462
-719.9462
-719.8434
-719.4656
-719.4656
-719.4656
-719.4356
-719.4356
-720.2222
-720.2222
-719.5618
-719.5618
-720.152
-721.5955
-720.5645
-719.3718
-720.4425
-719.8726
-719.5428
-719.3444
-719.3444
-719.3444
-719.3444
-719.8224
-720.5752
-720.5752
-720.5752
-720.4387
-719.8045
-720.2937
-720.2937
-720.2937
-721.8429
-721.8429
-721.0115
-721.0115
-719.9672
-720.6596
-720.6596
-720.7289
-722.8001
-720.9653
-720.9653
-721.0858
-719.9247
-719.8297
-719.3368
-719.3368
-720.2895
-720.0202
-720.0202
-720.0202
-719.7758
-724.2916
-723.5278
-723.5278
-723.5278
-723.5278
-721.7948
-721.7948
-720.7265
-720.7265
-720.0846
-720.0846
-720.0846
-720.0846
-720.0846
-720.0846
-720.0846
-720.0846
-720.0846
-720.0846
-720.0846
-720.0846
-720.0846
-720.0846
-720.3058
-720.3058
-719.766
-720.5006
-721.5391
-721.5391
-719.7161
-719.7161
-719.5317
-719.7064
-719.7064
-719.7064
-722.444
-720.1464
-720.2435
-720.2435
-720.3015
-720.3015
-720.3015
-719.7043
-719.9214
-721.151
-721.151
-721.151
-720.2213
-720.3293
-720.2675
-720.2675
-720.2675
-720.2675
-720.2675
-721.9652
-720.3602
-720.4873
-720.125
-721.0238
-721.9865
-721.6964
-721.6964
-721.1808
-721.1808
-721.1808
-719.782
-719.782
-719.782
-719.782
-721.2221
-721.2221
-721.2221
-721.8885
-720.6275
-720.6275
-719.4542
-719.3572
-719.3572
-719.3572
-719.3572
-721.3888
-720.0919
-719.3699
-720.3197
-721.1861
-721.9116
-720.3338
-720.1361
-720.445
-719.9581
-719.9581
-720.6947
-720.9987
-720.0753
-722.1107
-720.8677
-720.8677
-721.2073
-721.2073
-719.6014
-720.2867
-720.0232
-719.7966
-721.2762
-720.0477
-719.6739
-720.266
-720.266
-720.266
-720.2917
-720.2917
-720.2917
-720.0722
-720.0722
-720.0722
-720.0722
-720.4532
-722.0472
-722.0472
-720.9983
-720.9983
-719.8945
-720.1237
-720.5546
-721.301
-722.5051
-722.3316
-719.5482
-720.5538
-720.5538
-720.5059
-720.2126
-720.2126
-719.1878
-719.1254
-719.5316
-719.5316
-721.0775
-721.0775
-721.0775
-721.6619
-721.6619
-720.929
-720.5307
-722.5901
-722.5901
-722.5901
-721.3507
-720.5275
-719.5192
-720.5588
-724.9774
-724.9774
-724.9774
-722.323
-721.6514
-720.9153
-720.2934
-720.2934
-720.9365
-719.0354
-719.0354
-719.0354
-719.0354
-719.6779
-719.6779
-719.1879
-719.7605
-720.9294
-719.7509
-719.7509
-719.7509
-719.3913
-719.3913
-720.164
-719.8151
-719.8151
-719.8151
-720.3033
-720.3033
-720.3033
-723.0995
-722.7864
-722.7864
-720.0876
-720.0876
-720.0876
-720.0876
-721.2339
-721.0875
-721.0875
-721.0875
-720.0417
-720.1871
-720.1871
-719.8573
-719.8573
-719.8573
-719.5546
-720.3464
-720.3464
-720.5293
-720.8104
-720.6784
-720.2318
-720.2318
-720.6646
-721.0919
-719.9753
-720.5305
-721.7334
-720.864
-721.4049
-721.6195
-722.0544
-720.8134
-720.8134
-720.8134
-719.8532
-721.2733
-721.2733
-721.2733
-720.3339
-723.3991
-723.4245
-723.4245
-725.5128
-723.6404
-720.2706
-720.2706
-720.2706
-719.7427
-719.7427
-719.9984
-720.8103
-720.8103
-721.1777
-720.7912
-720.7912
-720.7912
-719.8019
-719.8019
-719.9775
-719.0854
-719.4187
-720.47
-721.0785
-721.9306
-721.9306
-721.9306
-721.9306
-722.3658
-723.8384
-720.4888
-720.4888
-720.7449
-720.7449
-720.8289
-720.4719
-721.0279
-721.0279
-721.0279
-720.2025
-720.2823
-721.2563
-721.2563
-721.2563
-722.0196
-721.2129
-721.2129
-721.0234
-721.4803
-721.0762
-721.0762
-721.0762
-720.2132
-721.1691
-722.2142
-720.4195
-720.1341
-719.4749
-720.0768
-719.4979
-719.4979
-720.0596
-720.0596
-720.2458
-720.2458
-720.2458
-720.4629
-719.9631
-721.1914
-722.0161
-721.836
-721.7401
-720.472
-720.472
-720.472
-720.472
-720.0755
-720.1333
-721.9453
-720.3213
-721.1175
-721.1175
-721.1175
-720.5815
-720.5279
-719.6905
-719.6905
-719.7864
-719.4482
-719.9234
-719.9234
-723.5269
-722.5583
-721.2052
-719.4116
-720.0241
-720.409
-720.409
-721.3277
-722.5456
-720.7718
-721.2194
-720.7939
-720.7939
-720.7939
-719.4895
-719.7286
-721.9342
-719.6856
-720.3221
-719.9056
-719.4794
-720.3016
-720.3016
-720.3016
-720.3016
-720.7045
-720.9897
-721.0098
-721.0098
-721.1304
-720.6154
-722.3088
-722.3088
-720.4821
-720.726
-719.6182
-719.6182
-719.6182
-719.6182
-720.8159
-720.6648
-720.4321
-720.4695
-720.4695
-720.3719
-720.3719
-721.2374
-722.6679
-721.3519
-720.8262
-719.4284
-720.277
-720.6587
-720.6587
-720.6587
-720.4949
-720.6119
-720.4563
-720.8478
-721.4534
-721.4534
-720.7824
-722.3955
-722.4386
-722.4386
-722.9622
-722.1867
-722.2238
-720.9586
-721.1267
-718.9863
-718.9863
-718.9863
-718.9863
-718.9863
-718.9863
-718.9863
-718.9863
-718.9863
-718.9863
-719.5905
-719.2243
-719.2243
-719.2243
-719.2243
-719.2243
-719.2243
-721.3797
-719.4808
-719.5544
-719.0617
-719.0617
-719.4461
-719.9561
-720.5298
-719.8864
-719.869
-719.4527
-719.4527
-719.4527
-719.4527
-719.7643
-721.5962
-721.0961
-720.5153
-721.2454
-721.2454
-720.7002
-720.7002
-720.7002
-719.3329
-719.8916
-719.9009
-719.4934
-719.4934
-721.76
-721.76
-721.6789
-721.6789
-721.6789
-721.2833
-719.9491
-720.0576
-720.0691
-720.0691
-720.9564
-720.9564
-720.9564
-720.9564
-720.9781
-720.9781
-721.1392
-720.5999
-721.0688
-721.0688
-721.0688
-721.0688
-719.7721
-719.8886
-719.7308
-719.762
-719.762
-719.762
-720.7028
-720.7028
-720.7028
-720.7028
-719.2233
-720.8521
-720.8521
-722.9252
-722.0425
-721.0125
-719.6929
-719.6929
-719.6929
-719.6932
-720.1065
-720.1065
-720.1065
-720.7117
-720.7117
-720.7117
-720.7117
-719.795
-719.795
-719.4196
-719.4196
-719.4599
-719.2972
-719.2972
-719.2972
-719.7281
-719.7281
-719.7281
-722.0984
-720.5591
-720.5591
-719.9298
-719.9298
-719.9298
-719.9298
-720.0163
-720.0163
-720.0163
-720.0163
-720.0339
-719.2582
-719.2582
-719.2582
-719.1323
-719.1323
-719.1323
-719.1323
-719.1323
-719.1323
-719.1323
-719.7624
-719.6941
-722.0599
-722.0599
-722.0599
-720.449
-720.449
-720.449
-720.7109
-721.5682
-721.5574
-721.0081
-721.5379
-719.6022
-719.6022
-719.6022
-720.1899
-720.1899
-720.1899
-719.9394
-720.1594
-720.1594
-720.78
-720.78
-719.5133
-720.3907
-719.3534
-720.9139
-722.0574
-720.5649
-720.4675
-720.4675
-720.5269
-720.0704
-720.0704
-720.0704
-720.0675
-720.0997
-720.0997
-720.0997
-719.9299
-719.9299
-719.5297
-720.5971
-719.8808
-721.0068
-720.5887
-720.5887
-720.4821
-721.1534
-721.4665
-720.0197
-719.3132
-721.1359
-719.8822
-719.5416
-719.5416
-719.5416
-719.5416
-720.1172
-721.7978
-722.0371
-721.0889
-721.5549
-722.2692
-720.6264
-720.4931
-720.4931
-720.4931
-720.4931
-720.4931
-720.6089
-720.6089
-720.6089
-719.9616
-719.9616
-722.1215
-720.8198
-719.9377
-719.9377
-720.0211
-720.0211
-720.3406
-721.8358
-720.3001
-720.3001
-720.6717
-719.3027
-719.3027
-719.6749
-719.6749
-719.7229
-720.0219
-720.0219
-721.0496
-720.4226
-720.4226
-719.8453
-719.8453
-719.8453
-719.3979
-719.599
-719.599
-719.599
-719.9419
-719.9419
-719.36
-719.36
-719.1748
-719.6618
-724.3115
-724.8033
-722.3612
-719.4905
-719.4905
-719.4905
-719.4905
-719.4905
-719.4905
-719.4905
-719.4905
-719.4905
-719.4905
-719.4905
-719.4905
-719.4905
-719.555
-719.555
-722.0844
-722.0844
-720.053
-720.053
-720.053
-720.053
-720.053
-720.8392
-720.3593
-722.4436
-720.7972
-721.5861
-720.6822
-720.6822
-724.3281
-724.2719
-724.2719
-722.8771
-722.8771
-722.8771
-722.8771
-722.9934
-722.9934
-722.2418
-722.8836
-721.7981
-721.167
-721.167
-721.167
-720.1319
-720.0317
-721.602
-721.602
-719.5194
-719.7592
-720.2557
-720.1106
-720.1106
-720.1215
-720.1215
-719.9018
-720.9192
-720.9192
-720.2321
-719.9162
-719.7538
-719.8339
-721.4532
-721.4532
-720.51
-719.8405
-719.8405
-719.8405
-719.7616
-720.3224
-719.4677
-720.018
-720.018
-720.018
-719.9625
-720.4435
-721.7845
-721.7845
-721.1455
-722.0089
-720.3685
-720.4545
-720.4545
-721.7619
-722.0177
-722.0177
-722.1898
-721.0106
-719.2983
-719.5206
-719.2788
-719.2788
-719.2788
-720.468
-720.468
-720.468
-720.468
-722.6541
-722.7989
-720.4052
-720.4052
-720.4052
-720.4052
-720.4052
-720.4052
-720.4052
-721.1366
-721.1366
-719.5055
-719.3042
-720.1486
-720.3771
-720.3491
-720.4144
-720.4144
-719.7792
-720.7675
-720.6771
-720.6771
-720.6127
-720.066
-721.5575
-720.193
-720.3237
-720.0002
-719.7259
-719.2146
-721.0629
-723.5635
-723.5635
-721.0316
-719.633
-720.9362
-720.3656
-719.7642
-719.7642
-719.7642
-719.6942
-719.6942
-719.6942
-721.5321
-720.1428
-720.1428
-720.6306
-720.5405
-720.5092
-721.5799
-721.1534
-722.062
-721.388
-719.8927
-720.2399
-720.623
-720.623
-720.6424
-719.8208
-719.7901
-719.7901
-720.9736
-719.6206
-719.3766
-720.6304
-720.6962
-720.7543
-721.5948
-721.5948
-722.5175
-721.1999
-722.3507
-721.2233
-722.1106
-720.8248
-719.6613
-719.6613
-722.882
-721.676
-720.741
-720.584
-719.7942
-720.5789
-720.9682
-721.8797
-721.0041
-721.0041
-721.0041
-721.0041
-721.0041
-724.6275
-723.8012
-723.5533
-723.3753
-722.1399
-721.3431
-723.5437
-723.5437
-721.1328
-720.9137
-721.0105
-721.0105
-719.9664
-719.9664
-719.9664
-719.9664
-719.9664
-720.5378
-720.5378
-721.0564
-719.7739
-721.5542
-720.8488
-719.8989
-719.7984
-719.7576
-720.3497
-720.2571
-720.5991
-721.6211
-720.801
-720.801
-720.801
-720.9229
-720.9065
-722.0523
-720.6853
-724.0199
-726.2133
-723.5673
-721.0479
-721.2464
-720.2364
-720.1485
-720.1485
-719.8335
-721.4442
-720.4982
-719.2417
-719.2417
-719.3309
-719.2366
-719.2366
-722.8288
-722.8288
-723.0505
-722.5752
-722.2539
-722.2539
-722.2539
-721.6804
-720.7908
-721.4909
-720.8984
-722.5873
-720.9737
-720.9737
-722.2687
-720.3937
-719.4913
-719.4913
-719.5309
-719.6115
-720.3873
-719.6507
-722.0778
-720.3711
-720.3711
-720.3711
-720.3426
-720.3187
-722.2583
-719.1263
-719.3738
-719.5396
-719.5396
-719.9391
-722.0904
-723.8841
-725.0208
-725.7066
-722.7837
-722.1285
-722.1285
-720.7127
-720.2269
-720.2269
-720.5719
-720.2575
-720.2575
-720.2776
-719.8685
-719.0595
-719.0595
-720.2145
-721.571
-721.7806
-721.9764
-720.9449
-719.8633
-719.2971
-719.2971
-719.2971
-719.2971
-719.9059
-719.9981
-719.9981
-719.9981
-719.5376
-720.7516
-720.559
-719.4071
-719.4071
-719.4809
-719.4809
-720.5678
-719.9905
-719.9905
-722.3623
-721.9907
-720.2565
-719.4321
-719.4321
-719.4321
-719.4321
-719.3704
-721.5599
-720.6732
-722.4264
-722.4264
-722.4264
-719.4996
-719.4996
-720.048
-719.2103
-719.2103
-719.2103
-719.4015
-720.936
-721.767
-719.669
-719.669
-719.669
-720.6543
-721.3051
-720.6594
-720.9808
-719.4568
-719.4568
-720.163
-719.5479
-719.5479
-720.1032
-719.1162
-719.4202
-719.6514
-719.3245
-719.6402
-719.6402
-719.6402
-720.208
-720.6277
-720.6277
-720.6277
-719.9867
-719.5453
-719.5453
-719.5453
-719.756
-719.756
-719.756
-720.5264
-720.5264
-720.7833
-719.8516
-719.8516
-720.0031
-719.5886
-719.828
-719.8801
-719.8801
-719.8801
-719.8801
-719.6747
-720.2723
-721.3807
-719.6206
-720.5696
-720.6206
-719.6032
-719.6917
-719.6917
-719.6917
-719.8179
-719.8179
-719.8179
-719.9426
-721.0509
-721.0509
-720.1215
-720.7656
-720.7656
-720.8523
-720.8523
-719.8588
-719.6762
-720.7965
-720.0981
-720.0818
-720.1642
-720.1642
-720.1642
-720.1642
-720.6967
-719.7797
-719.7797
-719.7797
-721.8988
-720.423
-719.5907
-719.5907
-720.5331
-720.5331
-720.5331
-723.4596
-723.2726
-722.1071
-722.1071
-721.5815
-720.6221
-720.6221
-720.6221
-720.6221
-720.5224
-719.7504
-719.7504
-719.972
-719.8039
-719.8155
-719.8155
-720.5609
-721.2488
-721.2488
-721.2488
-720.8109
-720.7556
-721.2922
-720.9089
-720.9089
-720.032
-719.4455
-719.4455
-719.4455
-720.3999
-720.3999
-720.2633
-720.2633
-720.2633
-720.2633
-721.2881
-721.5765
-721.2775
-721.8137
-721.6767
-720.2156
-721.5105
-721.5105
-722.0625
-721.4821
-720.3157
-720.3157
-720.3157
-720.3157
-720.3157
-720.3157
-720.3157
-720.0051
-720.8993
-720.8993
-719.65
-719.6023
-719.4756
-720.887
-720.6035
-721.1971
-721.4094
-722.0024
-722.2157
-722.2157
-722.2861
-720.5999
-720.717
-719.4907
-719.438
-719.438
-719.438
-719.8243
-720.0543
-719.5383
-719.5383
-719.5383
-719.5383
-719.8473
-719.8473
-719.8473
-719.8473
-719.8473
-720.3409
-720.3409
-719.9596
-719.4185
-720.5439
-719.5931
-720.0971
-720.0971
-719.1351
-719.8258
-719.32
-719.32
-719.32
-719.3815
-719.3815
-719.7619
-719.7619
-721.266
-721.0327
-721.0327
-721.0327
-720.7768
-720.8337
-719.6893
-719.8861
-720.2848
-720.0168
-721.752
