-1034.45
-721.2878
-719.7649
-720.1133
-721.4948
-721.1853
-721.1853
-720.6142
-720.6142
-720.1692
-720.1692
-719.6684
-719.0736
-719.5375
-719.5375
-719.5375
-719.5375
-719.5375
-719.5375
-719.6499
-720.8294
-720.8294
-720.5925
-722.2905
-722.2905
-720.4099
-720.0624
-722.3834
-722.3834
-723.993
-722.1734
-722.0399
-721.6734
-721.3658
-721.479
-721.5902
-722.2086
-721.1256
-720.7046
-720.9786
-720.7629
-720.6526
-720.0555
-720.2354
-719.2623
-720.9971
-722.3171
-722.3171
-722.3171
-721.5621
-721.5621
-721.6701
-721.0498
-720.7211
-720.4219
-720.4219
-719.7281
-720.5173
-720.8175
-720.8175
-720.8175
-720.9625
-721.1859
-720.404
-721.4381
-721.4535
-720.9532
-720.7408
-720.7408
-721.0143
-720.6435
-721.5993
-721.5993
-724.6268
-721.017
-720.5702
-721.1174
-719.6909
-720.742
-719.9985
-719.9985
-719.8459
-719.8459
-719.9034
-719.8733
-720.0187
-720.1556
-720.7205
-719.437
-720.244
-721.0624
-721.4201
-721.186
-721.186
-721.186
-719.9529
-719.9529
-719.9529
-721.6962
-721.8665
-721.8665
-723.6217
-722.0128
-723.1756
-723.1756
-723.0005
-723.0005
-723.0196
-722.3012
-722.3012
-722.3012
-720.7754
-720.7754
-720.7754
-720.7754
-720.2096
-720.5495
-720.5136
-720.4618
-720.7611
-720.7611
-720.4861
-720.1021
-720.0597
-720.8659
-720.8659
-721.2156
-720.3508
-720.3508
-722.5023
-720.6855
-720.6511
-720.6511
-720.6511
-720.6164
-720.6164
-720.2469
-720.2469
-720.2469
-720.2469
-720.2469
-719.8879
-719.8879
-719.1178
-719.6768
-722.5691
-724.0919
-721.7061
-721.7061
-721.7061
-720.6346
-720.6346
-721.1547
-720.9991
-722.2018
-721.3894
-721.1401
-720.9883
-720.9883
-721.4384
-721.7656
-722.2314
-722.8714
-721.3854
-722.9726
-722.9726
-723.1333
-723.6726
-723.6726
-723.9171
-722.7443
-722.7443
-723.1557
-721.4915
-721.4915
-719.8266
-719.8266
-719.8266
-720.9011
-719.5717
-719.5717
-719.5717
-719.4069
-719.4069
-719.4069
-719.4069
-720.2746
-720.2746
-723.5199
-723.733
-721.5885
-721.5885
-721.5885
-719.8537
-719.5542
-720.872
-720.872
-720.7913
-720.4437
-720.3355
-719.7369
-719.6345
-720.6743
-720.6743
-720.6743
-720.5207
-719.9216
-719.2555
-719.2555
-719.2555
-719.1826
-719.1826
-719.1826
-719.1826
-719.1826
-719.1826
-720.5603
-721.4302
-723.7888
-719.2765
-719.4162
-720.3036
-721.001
-719.5858
-719.6685
-721.3283
-720.3601
-720.6157
-719.9725
-719.9725
-719.9725
-719.9725
-719.9725
-719.9725
-719.2918
-719.6299
-720.6247
-721.2871
-721.9198
-719.8373
-719.8373
-719.8373
-721.1193
-720.7748
-720.8782
-720.5656
-720.5656
-722.3563
-722.3563
-722.3563
-722.3563
-722.3563
-725.1815
-720.8215
-720.8215
-720.8215
-720.8215
-720.8215
-720.8215
-720.8215
-720.1315
-720.4729
-721.3783
-721.3783
-721.3783
-720.7792
-720.7792
-719.1567
-720.0269
-720.3364
-723.9089
-722.9486
-722.7514
-723.2585
-723.2585
-723.2585
-723.2967
-723.2967
-722.4909
-721.1899
-720.0467
-719.8991
-719.8991
-719.8991
-719.8991
-719.8991
-719.8991
-721.1804
-722.1018
-722.1018
-722.1018
-722.1018
-720.9213
-720.9213
-720.5447
-720.7469
-719.9175
-719.9175
-719.9175
-719.9175
-719.9175
-719.9175
-719.9175
-719.9175
-719.9175
-719.9175
-719.9175
-719.9175
-719.9175
-719.2411
-719.2411
-719.2411
-719.2411
-719.2411
-719.2411
-723.3346
-723.3346
-720.6553
-720.7125
-720.7125
-719.6592
-719.6592
-720.7921
-720.7921
-720.5214
-720.3391
-721.0386
-720.924
-720.924
-720.6535
-720.6535
-720.6248
-720.8797
-720.8059
-719.8796
-720.9053
-719.17
-719.17
-719.4121
-720.9601
-719.6528
-721.0943
-721.0574
-721.0574
-721.0574
-721.0574
-721.0574
-721.016
-721.0903
-720.5036
-721.5354
-719.3475
-719.3475
-720.5505
-720.5736
-720.9553
-721.462
-720.3443
-720.3443
-720.3443
-719.9201
-719.9201
-719.9201
-720.3846
-722.1162
-719.92
-719.92
-720.0636
-719.8084
-719.1545
-719.1545
-720.8142
-720.2348
-720.2348
-720.0869
-720.0869
-720.3222
-720.3889
-720.6245
-719.4572
-720.7054
-719.521
-719.7251
-719.2264
-721.6599
-720.9509
-721.4697
-721.4697
-723.3914
-720.7931
-721.596
-721.596
-721.596
-721.596
-721.0333
-721.3197
-720.9203
-720.9203
-720.9203
-720.9203
-719.8463
-719.8463
-719.6492
-719.6492
-720.4941
-720.4941
-719.8807
-719.8807
-719.8807
-720.7713
-720.7713
-720.8228
-720.8228
-720.8228
-720.8228
-719.5634
-719.5634
-719.5634
-719.5634
-719.5634
-719.5634
-719.5634
-719.5634
-719.8754
-719.8754
-719.6467
-719.6467
-721.4056
-720.9068
-721.5183
-721.5183
-722.6129
-722.142
-721.2608
-719.9074
-720.0941
-720.0941
-720.827
-720.0425
-719.6543
-719.6543
-719.9938
-719.8072
-720.0583
-720.0583
-719.912
-719.912
-719.912
-720.8151
-720.3715
-720.3715
-721.5342
-721.68
-720.6595
-720.5722
-720.9475
-720.7704
-720.7704
-720.7704
-720.7704
-720.0422
-720.0422
-720.0422
-720.6599
-720.4254
-721.6785
-723.7739
-722.5275
-722.5275
-722.5275
-719.9357
-719.8828
-719.8828
-721.1612
-719.6131
-719.6131
-720.0628
-720.1205
-720.6955
-719.846
-719.846
-720.1111
-720.1111
-720.0865
-720.8893
-721.8484
-720.9114
-720.8281
-720.8281
-722.1594
-720.4752
-719.6843
-721.2903
-721.2903
-721.2903
-720.1395
-719.8701
-719.8701
-720.7223
-721.1853
-721.1853
-719.9952
-721.0714
-719.8578
-719.8578
-719.8578
-719.8578
-719.7997
-719.9793
-720.8031
-721.1498
-721.0562
-720.4287
-720.2723
-720.3446
-720.8006
-720.2732
-720.9167
-721.7343
-721.7343
-720.2987
-719.8938
-721.8026
-721.8026
-723.143
-722.3687
-720.7946
-720.7946
-720.7946
-721.1305
-721.1305
-720.4882
-720.4882
-720.4882
-722.8695
-722.3405
-721.1688
-721.1688
-720.8865
-720.3162
-720.364
-720.364
-719.6512
-719.1918
-719.1918
-719.5252
-719.5252
-720.0912
-720.0912
-720.0912
-720.0912
-720.0912
-720.0912
-720.0912
-720.0912
-720.88
-720.88
-720.88
-721.924
-720.0725
-719.6403
-719.582
-719.582
-719.6954
-721.034
-721.034
-721.034
-720.6856
-720.6856
-720.55
-719.975
-719.342
-721.7928
-720.8679
-721.9043
-721.9043
-721.9043
-721.9043
-721.6157
-719.8588
-719.8588
-719.7331
-720.1031
-719.6273
-720.9307
-720.9307
-719.6658
-720.1627
-720.1799
-720.6014
-722.8853
-721.9993
-720.4081
-719.8593
-720.2646
-720.2646
-719.4658
-720.3819
-720.6518
-719.5434
-719.5372
-719.5372
-719.5372
-720.575
-721.0943
-723.4306
-722.774
-721.6707
-721.6707
-723.4833
-719.3661
-719.8669
-721.4817
-721.4817
-721.6038
-721.1173
-721.1173
-721.1173
-721.1173
-720.3399
-720.7132
-719.5999
-720.3517
-720.3517
-720.4499
-720.6697
-720.6379
-719.9618
-719.4058
-721.4748
-721.1064
-722.6091
-721.5942
-720.9552
-720.9552
-720.4141
-720.5002
-720.5092
-720.8554
-721.7653
-721.8562
-719.443
-719.443
-719.443
-719.443
-719.443
-719.443
-719.8268
-719.9757
-719.6754
-720.0805
-720.4393
-720.4393
-720.4393
-720.8584
-720.606
-722.3413
-722.0603
-721.2238
-721.2238
-721.2238
-721.2238
-722.9842
-721.4225
-720.0849
-720.0603
-721.0527
-721.0527
-721.4135
-720.8587
-720.2465
-720.5427
-720.3679
-720.0208
-719.5751
-719.7985
-719.7985
-719.6073
-719.6073
-719.6073
-719.9383
-720.0079
-719.4988
-719.7609
-719.6734
-719.6734
-720.7127
-720.1974
-720.1974
-719.7293
-722.0425
-722.0425
-719.9281
-719.9281
-719.9281
-719.9281
-719.4357
-719.4357
-720.2919
-721.6782
-720.6834
-721.0842
-719.7218
-720.0682
-720.4043
-720.4043
-720.4043
-720.9336
-720.9935
-721.055
-720.7723
-720.7723
-721.1147
-721.6794
-720.8634
-719.6874
-720.7063
-720.5977
-719.4248
-720.2643
-724.827
-726.1263
-726.1263
-723.953
-723.953
-722.9525
-721.608
-721.06
-721.06
-721.2873
-722.3112
-719.5512
-721.774
-719.618
-720.0453
-720.0453
-720.3031
-719.5566
-719.468
-719.8181
-719.7036
-719.1847
-720.601
-719.6031
-719.6031
-719.6031
-719.6031
-720.3635
-720.6789
-719.6128
-719.6128
-722.9441
-722.4106
-722.3637
-721.5592
-721.5592
-720.6822
-720.6822
-720.6822
-721.133
-720.6748
-720.3994
-720.8001
-720.8001
-720.8001
-720.8001
-720.8001
-720.4157
-721.864
-721.864
-719.7958
-721.7242
-722.5169
-720.7453
-720.1481
-722.5366
-722.5366
-722.5366
-719.4156
-719.4156
-719.4156
-719.4156
-719.4156
-719.4156
-720.2383
-721.0275
-721.2683
-721.4758
-720.3458
-720.3458
-720.3458
-720.3458
-720.3458
-720.3958
-720.677
-720.7757
-720.7757
-720.7631
-720.7631
-720.7631
-720.7631
-720.0246
-720.0246
-720.0246
-721.3976
-721.3976
-721.3976
-721.3976
-721.3976
-721.3976
-721.3976
-721.3976
-721.3976
-721.3976
-721.3976
-721.3976
-721.3976
-721.3976
-721.2899
-721.2899
-721.2899
-721.2899
-721.2113
-721.137
-721.193
-720.437
-720.3247
-720.3247
-720.5728
-721.5828
-720.9482
-721.1503
-720.2705
-720.2705
-720.5328
-720.6932
-720.6932
-720.6932
-720.2736
-720.1529
-720.5175
-720.8168
-720.5594
-720.5594
-720.1728
-720.1728
-720.1728
-720.1728
-719.7189
-719.7846
-719.7846
-719.7846
-719.7846
-720.3239
-719.9039
-719.9039
-719.3032
-720.7397
-720.5093
-720.5093
-720.5093
-719.7393
-719.2456
-720.533
-720.5074
-719.6693
-719.6693
-719.6693
-719.6693
-719.7964
-720.0182
-719.8088
-720.3062
-720.2344
-719.6144
-719.6144
-720.4586
-720.4586
-720.4586
-719.9549
-719.9549
-719.9549
-720.4462
-720.3193
-719.5411
-721.034
-721.3124
-722.147
-721.9612
-720.01
-719.7054
-719.9605
-721.4151
-721.4151
-720.8943
-720.8943
-719.8523
-720.9387
-720.3541
-720.3541
-720.0966
-720.5336
-721.1648
-720.6557
-722.0269
-719.9184
-719.716
-719.716
-719.716
-720.7822
-720.088
-719.7899
-721.4241
-720.8423
-720.8423
-721.2624
-720.128
-719.3941
-720.4114
-720.4114
-720.4114
-720.8575
-720.8575
-720.8575
-720.8575
-720.8575
-720.8575
-720.8575
-720.8575
-720.8575
-719.965
-719.965
-719.9465
-721.623
-721.773
-721.4124
-719.9326
-719.9326
-719.9326
-719.9326
-719.9326
-719.9326
-719.9326
-719.9326
-720.1117
-720.1117
-720.1834
-719.5425
-720.6268
-720.6268
-719.5788
-719.5788
-720.3368
-719.8388
-719.8388
-719.2795
-719.2795
-719.2795
-719.2096
-719.912
-719.8595
-719.5293
-719.7344
-719.6833
-720.5549
-720.486
-723.7383
-721.3059
-722.6678
-723.3861
-723.3861
-722.6345
-720.5641
-720.5641
-720.7983
-720.4472
-720.4472
-720.0132
-720.3813
-720.3813
-720.2199
-722.0728
-722.0728
-720.4053
-720.4053
-720.4053
-719.5759
-719.689
-720.308
-720.2646
-720.2646
-720.4128
-720.4128
-720.4128
-719.9909
-719.9909
-719.9909
-720.7626
-720.2704
-720.262
-720.0518
-720.885
-723.2362
-722.8259
-720.4815
-720.4815
-722.3572
-721.0363
-720.3993
-720.3993
-720.4615
-720.4485
-720.4485
-719.4855
-719.4855
-719.4855
-719.4855
-719.4709
-719.2639
-719.6079
-719.6079
-719.694
-720.3549
-719.7517
-720.0092
-719.4604
-719.4604
-719.4604
-719.4604
-719.5035
-719.9347
-719.5206
-719.5206
-719.831
-719.831
-720.798
-720.798
-720.943
-722.2635
-721.5137
-721.5137
-721.5137
-723.5052
-723.5638
-722.2728
-722.2728
-722.2728
-720.9865
-719.8004
-719.8004
-719.8004
-720.4934
-720.4934
-720.4316
-721.4809
-721.4809
-720.8426
-719.9967
-719.9967
-721.2666
-720.8005
-720.7399
-720.7399
-720.3817
-719.8356
-720.3447
-721.5024
-721.1103
-721.1103
-720.3045
-719.6083
-719.6083
-719.6083
-721.1755
-720.5694
-719.6819
-721.3766
-721.3766
-722.1666
-722.5059
-721.3096
-720.6534
-721.4502
-719.9699
-719.9699
-719.9699
-720.5118
-720.0826
-719.5064
-719.5064
-719.5064
-719.3137
-719.4755
-720.6116
-720.4844
-720.1421
-720.1421
-719.7585
-720.7079
-721.1852
-721.1852
-720.0289
-720.1446
-721.7202
-721.4458
-721.4458
-721.4458
-721.4458
-721.2619
-720.6311
-720.6311
-721.0804
-720.3043
-719.9704
-720.6547
-720.6547
-720.659
-720.659
-720.9855
-720.846
-720.6961
-720.6961
-721.206
-720.2451
-719.5994
-720.6221
-720.728
-720.6876
-721.518
-720.5361
-720.5361
-721.1556
-721.6319
-721.6319
-722.7369
-720.2838
-720.2838
-720.9266
-719.9868
-719.365
-719.1791
-719.1791
-719.772
-719.772
-719.772
-719.772
-719.772
-719.772
-719.6555
-719.6555
-719.8931
-719.3774
-719.7822
-719.7822
-720.1556
-720.1556
-720.1556
-720.1556
-719.4953
-719.4953
-719.4953
-719.5585
-720.1472
-720.1472
-724.4468
-723.7007
-720.0691
-720.9782
-721.538
-721.6793
-720.2161
-722.8423
-722.8423
-721.7286
-720.2053
-720.2053
-720.2053
-720.2053
-720.1117
-720.1117
-721.3052
-721.1151
-721.8023
-721.2946
-720.3513
-720.3513
-720.3513
-719.8607
-719.8607
-720.3446
-719.7075
-719.7075
-720.4664
-722.5717
-722.5717
-721.1251
-721.1251
-721.1251
-721.1708
-720.7981
-719.943
-719.9698
-720.0976
-722.308
-720.1823
-719.8371
-719.6023
-720.413
-720.413
-721.3603
-721.2704
-721.7303
-723.4788
-721.0266
-721.0266
-721.1658
-722.0571
-722.0571
-719.7835
-720.2256
-720.2256
-720.8981
-719.9605
-719.9605
-721.361
-719.8682
-721.6563
-719.8382
-719.8382
-719.6386
-719.6386
-719.6386
-719.6386
-719.6386
-720.0287
-719.6884
-719.6884
-719.8932
-719.7202
-719.7202
-719.7202
-719.7224
-720.6977
-720.6977
-720.6977
-721.4004
-719.3017
-720.3054
-721.4665
-719.968
-719.6004
-720.0388
