-1499.127
-722.1512
-722.1512
-720.9607
-721.9677
-719.5785
-719.5785
-720.6327
-720.6327
-720.6327
-721.2279
-721.0039
-720.0938
-720.5163
-721.3898
-721.3898
-721.834
-720.8538
-722.256
-722.256
-722.256
-721.8508
-723.1364
-722.7957
-721.1602
-720.4446
-720.023
-720.4872
-719.7197
-719.7197
-719.8338
-720.867
-721.038
-721.2172
-720.7998
-720.7998
-720.5831
-720.5831
-720.5831
-720.5831
-720.5831
-721.1561
-721.1561
-720.1131
-720.1604
-720.1604
-720.1604
-720.5237
-720.5237
-720.8563
-719.9531
-719.9531
-720.0478
-719.2544
-719.7803
-719.3042
-719.3042
-719.3042
-719.4441
-719.4441
-719.0978
-719.0978
-719.0978
-719.0978
-719.0978
-719.7276
-719.7276
-719.7276
-719.7276
-720.309
-719.9852
-719.9852
-719.9852
-719.9852
-721.8822
-722.8607
-722.8607
-723.5593
-724.1114
-721.1874
-721.1874
-721.1874
-721.1874
-720.8294
-720.5544
-722.9877
-723.5206
-723.5206
-722.1069
-722.5955
-722.6645
-723.0671
-720.8008
-719.9687
-719.1886
-719.6686
-720.1086
-720.1086
-720.2929
-720.5613
-719.8866
-719.8866
-720.3707
-719.3996
-720.0907
-720.5711
-720.5711
-720.108
-720.108
-721.5901
-721.7567
-721.9509
-722.2522
-722.5612
-722.0727
-720.1989
-719.5477
-720.1228
-720.1228
-721.0296
-720.2342
-719.8562
-720.7465
-719.2548
-719.2548
-719.2701
-719.6187
-720.8699
-721.2404
-721.2404
-720.2231
-719.3771
-719.3771
-720.6037
-720.6037
-720.6037
-720.4597
-722.5276
-722.0331
-721.2587
-723.4568
-721.8309
-721.8309
-720.0123
-720.0123
-721.7945
-722.4262
-721.2789
-721.2789
-721.2789
-721.2789
-722.4802
-722.4802
-722.4891
-724.2508
-722.5659
-721.422
-721.0071
-721.0071
-720.5453
-721.6442
-722.5479
-719.2995
-719.946
-719.946
-719.946
-719.946
-719.7588
-724.9147
-725.0326
-722.5981
-721.0333
-721.0333
-721.2301
-720.428
-720.428
-720.428
-719.7374
-719.7374
-719.556
-721.2174
-722.3301
-720.9973
-722.8814
-721.205
-721.0971
-723.8393
-721.5722
-721.5722
-720.2788
-721.9067
-722.4962
-721.8391
-721.6988
-720.7071
-721.0523
-721.0523
-721.0523
-723.9119
-722.7116
-722.5017
-722.4584
-722.4584
-720.0674
-720.0674
-721.0274
-721.7539
-720.9314
-720.3264
-719.3696
-719.3696
-719.3696
-719.1113
-719.1113
-719.7189
-721.496
-719.6232
-720.3195
-720.3195
-720.3195
-720.4541
-719.6213
-720.8315
-720.2285
-720.2285
-722.3665
-720.7574
-720.7574
-719.6908
-719.6189
-719.4156
-720.7656
-720.1636
-720.4693
-720.0787
-720.0787
-719.811
-719.811
-719.811
-720.7221
-720.8013
-720.2179
-720.4235
-720.4235
-721.4013
-720.9832
-722.5666
-722.7222
-722.4229
-721.5719
-722.8748
-723.5066
-723.7761
-723.7761
-721.7094
-722.3084
-722.3084
-722.3084
-721.1852
-720.4094
-720.2748
-720.6212
-719.4926
-720.6067
-720.7507
-720.7507
-720.5748
-720.5748
-719.6816
-719.4652
-719.8705
-719.8705
-720.9489
-720.9489
-720.9489
-719.8873
-719.8873
-719.8873
-719.8873
-719.8873
-719.8873
-719.8873
-719.8873
-721.892
-721.892
-720.4073
-719.9011
-719.9011
-720.2124
-720.3604
-723.2677
-721.8912
-721.8912
-720.9238
-720.9238
-721.7446
-722.0941
-720.3308
-723.2886
-723.2886
-723.2886
-723.2147
-721.8169
-720.6181
-720.5527
-720.5527
-720.5527
-721.7724
-720.608
-723.231
-723.5158
-723.5158
-722.3935
-721.6267
-721.6267
-721.6267
-719.9168
-719.9168
-719.9168
-721.459
-720.137
-720.137
-720.137
-719.9207
-721.1802
-721.7781
-720.829
-720.829
-721.359
-721.5191
-720.9989
-720.9989
-720.9989
-720.9989
-719.9567
-720.0447
-720.0447
-720.0447
-720.2557
-720.0244
-720.0655
-720.5493
-720.398
-719.6936
-719.9409
-721.4266
-720.6731
-721.2161
-721.2161
-719.9871
-720.0184
-719.8274
-719.8274
-719.8274
-719.6995
-719.6995
-720.3738
-721.6659
-721.4879
-721.4879
-722.7366
-719.8843
-719.8843
-719.8843
-720.9564
-720.0577
-720.0577
-720.7776
-720.7776
-720.7776
-720.7776
-720.2185
-720.0436
-720.0436
-720.0436
-720.0436
-719.7225
-719.7225
-719.7225
-721.5146
-721.5427
-721.8618
-721.8618
-722.0729
-722.0729
-723.2081
-722.2577
-720.778
-721.1034
-720.3242
-720.0883
-720.0883
-720.0883
-719.997
-722.0576
-720.8939
-720.8939
-720.8479
-722.9616
-721.5835
-721.5835
-720.0687
-720.578
-720.578
-720.8647
-720.8647
-721.3258
-722.1592
-721.3574
-721.3574
-721.3574
-722.6848
-723.4274
-722.6308
-722.6308
-722.6308
-722.6308
-721.5703
-721.5703
-721.5703
-722.4059
-722.4059
-722.4059
-720.4512
-722.1055
-721.3816
-720.8257
-721.1807
-721.1807
-722.1047
-722.6715
-721.0119
-721.0465
-722.2145
-722.5866
-722.4296
-721.9434
-720.4316
-721.2701
-719.6409
-719.468
-720.345
-720.1918
-719.2346
-719.2346
-719.4456
-719.4456
-719.295
-721.6169
-721.3421
-721.4856
-720.2443
-719.5629
-719.5629
-719.5629
-719.5629
-719.9988
-719.9988
-719.7325
-720.375
-720.375
-720.375
-720.4551
-720.1255
-721.062
-721.8955
-722.5863
-722.8533
-721.3856
-721.3856
-720.9409
-722.1915
-722.2251
-722.621
-721.253
-721.1533
-721.1533
-721.1533
-720.4272
-720.4272
-720.5656
-720.5656
-722.8371
-720.9234
-720.9234
-720.9234
-720.9234
-719.4977
-719.8709
-719.8709
-720.0358
-720.0358
-720.0358
-719.9959
-719.9959
-719.9959
-719.9959
-721.9099
-720.0633
-720.0636
-719.7266
-719.7266
-719.7266
-719.7266
-720.0252
-719.8324
-719.8324
-719.5671
-720.6569
-720.6569
-720.6569
-719.8458
-721.1178
-719.4366
-719.7574
-718.9553
-719.1878
-720.1705
-720.193
-720.193
-720.193
-720.5246
-721.5471
-723.672
-723.6499
-720.7634
-720.7634
-720.7634
-720.7634
-721.3202
-721.2667
-720.9721
-720.2913
-719.6646
-719.8017
-720.058
-720.058
-719.7098
-719.4399
-719.4399
-719.8094
-719.5251
-719.8391
-720.3367
-720.3367
-720.3367
-720.3367
-720.3367
-719.3465
-720.0299
-719.7007
-719.7007
-719.7007
-719.7007
-719.7007
-719.7007
-720.5261
-722.3406
-722.3406
-719.9447
-719.7385
-720.0403
-719.3263
-719.3263
-719.7729
-719.6513
-721.6249
-719.8559
-720.8791
-721.3477
-721.3477
-721.0348
-721.0348
-721.0348
-722.7932
-721.3135
-721.3135
-721.4065
-721.4065
-722.1054
-721.1054
-722.0586
-722.4355
-722.7191
-722.7191
-721.4674
-721.0675
-720.611
-721.2709
-719.7503
-719.9854
-720.6862
-719.4295
-719.6048
-719.6048
-719.3246
-719.8825
-719.8825
-719.5889
-720.8789
-720.0789
-720.7058
-720.7058
-720.7058
-720.3158
-719.7114
-719.7114
-723.2617
-722.5148
-721.8655
-721.3171
-720.4829
-720.3546
-720.1066
-719.4449
-721.3423
-724.8636
-724.3602
-722.6246
-722.6196
-724.7419
-723.836
-721.4511
-719.9731
-719.9731
-720.7934
-719.9617
-719.9617
-719.6373
-720.8527
-721.0853
-721.0853
-721.0853
-719.4213
-720.3181
-719.7389
-719.7389
-719.7389
-719.7389
-720.4167
-720.2218
-719.9987
-720.4549
-720.4549
-724.3389
-724.3389
-721.7372
-721.7372
-721.7372
-721.7372
-721.8386
-721.8292
-721.3978
-719.7102
-719.7102
-721.5156
-721.7471
-720.4726
-719.9311
-719.9311
-720.5772
-720.9191
-720.9191
-720.9191
-720.9191
-721.4112
-721.261
-722.0402
-721.2952
-721.2952
-720.5088
-720.3703
-719.9028
-720.779
-720.2455
-721.1442
-721.634
-720.3084
-719.374
-719.7932
-719.7932
-719.7932
-720.6772
-720.4749
-720.0111
-721.5209
-720.4021
-720.4021
-720.2047
-720.2047
-720.0382
-720.781
-720.6127
-721.3681
-721.3681
-724.2173
-724.2173
-723.1787
-721.7011
-720.1425
-719.932
-720.3079
-720.3079
-721.8669
-721.5535
-721.5535
-721.5535
-721.5535
-721.5535
-721.5535
-721.5535
-720.7293
-719.4622
-719.4622
-720.0581
-720.0581
-719.7107
-719.5543
-719.5543
-719.4023
-719.4023
-719.7194
-720.9198
-720.9198
-720.6105
-720.6105
-721.1676
-720.1273
-720.1273
-720.5348
-720.5348
-720.5348
-720.5348
-720.3233
-720.2724
-721.277
-720.9896
-720.9896
-720.9896
-720.803
-723.0464
-720.4672
-721.231
-721.231
-720.7371
-721.5325
-721.4502
-720.1359
-719.6285
-719.2725
-719.2725
-719.2725
-719.2725
-719.2725
-719.2725
-719.2725
-719.2725
-719.2725
-719.2725
-719.2725
-719.2725
-719.6337
-719.6337
-720.7651
-719.8201
-719.8201
-720.7161
-720.6167
-722.2692
-721.1368
-721.1368
-720.9831
-721.5109
-721.5109
-719.8943
-720.3509
-720.4307
-720.4307
-720.9035
-720.4016
-720.4016
-720.3779
-721.3973
-722.1541
-720.6712
-720.3189
-720.3189
-720.3189
-720.3189
-719.7321
-719.7321
-719.7321
-719.7321
-719.7321
-719.7321
-719.7321
-719.7321
-719.7321
-719.7321
-719.7321
-721.5928
-722.2678
-722.2678
-721.5054
-721.9184
-720.807
-720.926
-720.926
-720.926
-720.926
-721.1099
-721.1099
-720.9503
-720.8374
-721.6285
-721.4559
-721.4607
-720.8752
-721.2954
-722.2904
-722.1058
-720.4588
-720.4588
-722.0594
-721.5014
-720.8019
-721.149
-720.6245
-722.0946
-720.9028
-721.2282
-721.2282
-720.796
-719.8178
-719.8178
-719.8178
-720.7059
-720.9018
-720.7689
-720.477
-719.2044
-719.2044
-720.7946
-719.7534
-719.7534
-720.5121
-719.6202
-719.6202
-719.6202
-719.6202
-719.6202
-719.6202
-719.6202
-719.6202
-719.3581
-719.2328
-719.2328
-719.5198
-719.6032
-719.6032
-720.6644
-720.6644
-720.6644
-720.3815
-721.1404
-721.1404
-721.5614
-721.3172
-720.8822
-720.8822
-720.8822
-719.7013
-719.7013
-719.4614
-719.8629
-720.8548
-720.7936
-720.5721
-720.5721
-720.5721
-720.3832
-720.3832
-719.9309
-721.0773
-721.6595
-720.1968
-720.3924
-720.3924
-720.3924
-720.3924
-720.7283
-720.7283
-720.3753
-721.5021
-721.509
-719.7933
-720.8978
-720.8978
-720.8978
-720.6944
-720.6944
-720.6944
-720.6944
-720.3838
-720.3838
-721.6675
-721.6675
-721.5716
-721.7404
-720.7446
-720.7446
-722.3378
-719.2429
-719.2429
-719.2429
-720.0522
-720.0522
-720.3881
-719.9596
-719.9596
-719.5454
-720.9508
-720.9508
-720.1653
-720.3812
-722.3146
-721.4976
-721.4976
-720.9388
-722.1762
-722.1762
-722.1835
-721.8293
-721.0374
-721.0374
-721.0374
-721.0374
-721.0374
-721.0374
-721.0374
-721.0374
-721.0495
-719.584
-721.1677
-720.124
-720.124
-720.124
-720.124
-720.5537
-719.6197
-719.6197
-721.7394
-721.7394
-720.993
-720.6781
-720.6781
-720.6781
-719.8698
-719.8229
-719.3015
-719.2398
-719.6263
-720.1951
-719.4537
-719.9614
-719.6716
-719.6716
-720.6039
-720.7438
-720.7438
-721.8486
-722.0628
-721.3805
-721.3805
-720.6566
-721.8951
-721.7325
-720.8703
-721.792
-721.792
-720.363
-720.363
-720.1517
-720.1517
-720.262
-720.262
-720.262
-719.5653
-719.6434
-719.6434
-719.6434
-719.6434
-720.8126
-721.2361
-719.7956
-719.7956
-719.7956
-719.9895
-719.6423
-719.5909
-719.5909
-719.5909
-719.5909
-719.5909
-720.1908
-719.6914
-719.6914
-719.9638
-719.9638
-721.0039
-719.2167
-719.6217
-721.7599
-725.9541
-722.3752
-722.3581
-722.3581
-722.3822
-722.3822
-721.6724
-719.8733
-720.0763
-721.1148
-720.2865
-719.8961
-719.7259
-720.2832
-720.2832
-719.66
-719.5629
-721.2733
-721.1674
-720.6311
-720.6311
-720.6025
-719.5042
-719.4346
-719.9414
-719.6511
-721.2789
-719.6989
-719.6989
-719.4294
-719.4294
-721.6
-722.0156
-721.7388
-721.7388
-721.7388
-721.4795
-721.4795
-720.9371
-720.9371
-722.8378
-721.6753
-723.0815
-720.2605
-719.4072
-719.4072
-720.4701
-720.4701
-720.4701
-720.4701
-720.4701
-720.4701
-721.2283
-720.0605
-719.6669
-719.6669
-719.591
-721.5733
-722.1953
-720.0296
-720.7206
-720.3952
-721.1061
-721.1061
-720.1768
-720.9407
-720.9882
-720.3151
-719.936
-719.936
-719.9123
-719.3258
-719.3258
-719.3258
-719.3258
-719.3258
-719.3258
-719.1068
-719.8957
-719.8957
-719.8957
-719.8957
-719.8957
-719.8957
-720.0771
-721.6042
-721.9302
-721.5123
-719.6928
-719.6227
-719.6227
-720.3899
-719.6462
-719.8249
-720.1952
-720.1833
-720.3532
-720.3532
-720.3532
-720.0326
-719.4106
-719.4106
-720.8561
-719.8834
-721.8972
-722.6884
-722.0667
-723.5965
-722.0991
-720.5151
-721.104
-721.104
-721.9378
-720.4945
-721.3266
-721.3266
-720.7749
-720.7749
-722.8629
-721.5013
-723.998
-722.2563
-724.4202
-722.6641
-724.9987
-725.5503
-720.0095
-720.4452
-720.7853
-721.796
-720.4642
-720.4642
-720.761
-720.761
-721.7003
-721.0761
-721.0761
-720.3184
-720.1663
-720.1663
-720.1663
-720.1663
-720.2998
-721.7518
-720.7703
-720.4754
-719.7087
-719.0944
-720.7083
-720.6982
-720.7748
-720.9536
-720.0794
-720.0794
-719.8645
-719.6206
-719.6206
-719.764
-719.764
-721.5826
-721.7004
-721.7852
-718.9868
-718.9868
-719.4765
-719.4765
-719.4765
-719.4765
-721.1467
-721.1467
-721.1467
-721.0855
-721.0855
-719.9881
-719.9881
-720.3463
-721.128
-720.6256
-720.6256
-720.6256
-720.6256
-720.6256
-720.6256
-720.4048
-723.4034
-723.4034
-720.3479
-720.6315
-720.7775
-719.559
-719.559
-719.9295
-719.9296
-720.1328
-719.9948
-719.9654
-720.3156
-719.7494
-719.7494
-719.7494
-721.0328
-720.3856
-720.3045
-719.8492
-719.8052
-726.1972
-726.1972
-726.1972
-719.8028
-719.3281
-719.3281
-719.3281
-719.3281
-719.3281
-719.3855
-719.3855
-719.3855
-719.3855
-719.3855
-719.3855
-719.3855
-719.3855
-719.3855
-719.3855
-719.6629
-719.6629
-719.6629
-719.6883
-719.1494
-719.9771
-720.1139
-720.0146
-720.0146
-720.0146
-720.0146
-720.0146
-720.0579
-719.6434
-720.9974
