-0.385549 0.996786 0.419622 0.113812 0.077781
0.171595 -0.140923 0.034248 0.117448 0.065994
0.135615 -0.148087 0.02857 0.162708 0.142667
0.062476 -0.33175 -0.065403 -0.05101 0.124997
0.062476 -0.33175 -0.065403 -0.05101 0.124997
0.076074 -0.307492 -0.065095 0.010713 0.22811
0.076074 -0.307492 -0.065095 0.010713 0.22811
0.133258 -0.32069 -0.028983 -0.252858 -0.125181
0.265772 -0.096925 0.040281 -0.120707 0.041936
0.217343 -0.142792 0.002036 -0.066803 0.156812
0.088703 -0.341073 -0.135421 -0.198658 0.229611
0.088703 -0.341073 -0.135421 -0.198658 0.229611
0.137233 -0.263921 -0.0548 -0.319267 -0.010926
0.160505 -0.267229 -0.053487 -0.379417 -0.046087
0.160505 -0.267229 -0.053487 -0.379417 -0.046087
0.16434 -0.369415 -0.054078 -0.333503 -0.019257
0.135886 -0.300543 0.034554 0.051356 0.017808
0.166776 -0.184826 0.056523 -0.16936 -0.08363
0.125311 -0.292598 -0.050025 -0.263629 0.095033
0.043841 -0.269177 -0.048095 -0.037581 0.16808
0.043841 -0.269177 -0.048095 -0.037581 0.16808
0.043567 -0.318205 -0.008816 0.358319 0.295855
0.043567 -0.318205 -0.008816 0.358319 0.295855
0.043567 -0.318205 -0.008816 0.358319 0.295855
0.229029 -0.120236 0.042443 0.021682 0.067967
0.229029 -0.120236 0.042443 0.021682 0.067967
0.229029 -0.120236 0.042443 0.021682 0.067967
0.195634 -0.176262 -0.01177 -0.22292 -0.083394
0.195634 -0.176262 -0.01177 -0.22292 -0.083394
0.195634 -0.176262 -0.01177 -0.22292 -0.083394
0.230286 -0.22104 0.02762 -0.165562 -0.068206
0.230286 -0.22104 0.02762 -0.165562 -0.068206
0.230286 -0.22104 0.02762 -0.165562 -0.068206
0.221424 -0.298145 -0.015217 -0.265332 -0.004651
0.221424 -0.298145 -0.015217 -0.265332 -0.004651
0.170778 -0.248642 -0.031891 0.0249 0.294171
0.170778 -0.248642 -0.031891 0.0249 0.294171
0.170778 -0.248642 -0.031891 0.0249 0.294171
0.236488 -0.189769 -0.007285 -0.426337 -0.180087
0.236488 -0.189769 -0.007285 -0.426337 -0.180087
0.236488 -0.189769 -0.007285 -0.426337 -0.180087
0.236488 -0.189769 -0.007285 -0.426337 -0.180087
0.236488 -0.189769 -0.007285 -0.426337 -0.180087
0.214457 0.02677 0.099932 0.12184 0.006345
0.135588 -0.161572 0.0212 -0.021233 0.011209
0.267292 -0.062729 0.107533 -0.072465 -0.151466
0.255691 -0.150515 0.069039 0.036565 0.016175
0.262997 -0.011584 0.079832 -0.073026 -0.073395
0.262997 -0.011584 0.079832 -0.073026 -0.073395
0.262997 -0.011584 0.079832 -0.073026 -0.073395
0.262997 -0.011584 0.079832 -0.073026 -0.073395
0.135115 -0.171643 -0.002923 0.159005 0.246245
0.135115 -0.171643 -0.002923 0.159005 0.246245
0.112295 -0.264262 -0.05535 0.087865 0.336513
0.112295 -0.264262 -0.05535 0.087865 0.336513
0.17926 -0.225496 -0.020863 -0.105002 0.120075
0.17926 -0.225496 -0.020863 -0.105002 0.120075
0.240397 -0.076528 0.104626 0.132792 -0.05568
0.234272 -0.053681 0.089277 0.054096 -0.025547
0.270828 -0.029093 0.086844 -0.136955 -0.173874
0.222395 -0.144102 0.069696 0.149639 0.15111
0.157061 -0.17724 0.031757 0.130158 0.176765
0.184089 -0.143962 0.072992 0.137429 0.02433
0.184089 -0.143962 0.072992 0.137429 0.02433
0.240598 -0.091434 0.128667 0.013406 -0.262547
0.291834 -0.037552 0.209166 0.119145 -0.352429
0.291834 -0.037552 0.209166 0.119145 -0.352429
0.252501 -0.057438 0.19547 0.256314 -0.194128
0.229885 -0.06436 0.110791 -0.040607 -0.307558
0.250863 -0.044975 0.090868 -0.116342 -0.260422
0.236208 -0.061124 0.096324 -0.029795 -0.206738
0.262393 -0.017725 0.144479 0.241299 -0.026383
0.278398 -0.045232 0.143165 0.076375 -0.107391
0.302269 -0.008047 0.147655 -0.19772 -0.362163
0.237357 -0.099445 0.059167 -0.199267 -0.196255
0.237357 -0.099445 0.059167 -0.199267 -0.196255
0.226495 -0.097071 0.043 0.008564 -0.015298
0.171165 -0.308887 -0.047863 -0.02175 0.133325
0.171165 -0.308887 -0.047863 -0.02175 0.133325
0.063964 -0.341916 -0.130887 -0.251489 0.124238
0.050448 -0.271634 -0.078174 -0.170274 0.04726
0.122408 -0.198689 -0.041931 -0.414494 -0.092144
0.168565 -0.107552 0.071519 0.058705 -0.063272
0.149308 -0.124306 0.070914 0.159823 -0.015973
0.108691 -0.193578 -0.010747 0.097102 0.197194
0.129576 -0.131702 0.022208 0.084933 0.082435
-0.035771 -0.524345 -0.143892 0.086227 0.469266
-0.035771 -0.524345 -0.143892 0.086227 0.469266
0.071375 -0.350248 0.010093 0.084277 0.065816
0.283707 -0.05104 0.218366 0.274124 -0.171865
0.232335 -0.110296 0.157024 0.310447 -0.062271
0.232335 -0.110296 0.157024 0.310447 -0.062271
0.232335 -0.110296 0.157024 0.310447 -0.062271
0.153087 -0.219969 0.024054 0.298131 0.215579
0.244819 -0.131029 0.115724 0.140983 -0.006875
0.291029 -0.090391 0.088409 -0.229354 -0.216015
0.294253 -0.135007 0.113676 0.023085 -0.055444
0.277035 -0.09543 0.160032 0.175268 0.00726
0.277035 -0.09543 0.160032 0.175268 0.00726
0.275338 -0.169838 0.092666 -0.075791 -0.09793
0.275338 -0.169838 0.092666 -0.075791 -0.09793
0.237698 -0.151344 0.084213 -0.025661 -0.029762
0.141773 -0.258293 0.020656 -0.128868 -0.083553
0.164183 -0.243099 0.066745 0.173732 0.004765
0.239065 -0.232598 0.06469 -0.021785 -0.217706
0.235707 -0.196299 0.130437 0.110232 -0.21245
0.111752 -0.276787 -0.015231 -0.220567 -0.084512
0.075263 -0.293097 -0.04733 -0.139526 0.064186
0.158325 -0.196531 0.032834 0.129254 0.119802
0.192097 -0.140863 0.027357 0.167529 0.268214
0.081724 -0.293181 -0.128804 -0.125207 0.267814
0.036892 -0.284298 -0.077241 -0.087158 0.103945
0.058515 -0.311077 -0.051789 0.163899 0.334067
0.058515 -0.311077 -0.051789 0.163899 0.334067
0.216874 -0.133503 0.078509 -0.079693 -0.170793
0.216874 -0.133503 0.078509 -0.079693 -0.170793
0.135247 -0.248528 -0.016247 -0.019055 0.088094
0.135247 -0.248528 -0.016247 -0.019055 0.088094
0.135247 -0.248528 -0.016247 -0.019055 0.088094
0.15374 -0.182531 0.047662 -0.011506 -0.012064
0.124248 -0.212611 0.014817 0.09244 0.115507
0.089684 -0.304915 -0.045837 -0.137918 0.059069
0.089684 -0.304915 -0.045837 -0.137918 0.059069
0.089684 -0.304915 -0.045837 -0.137918 0.059069
0.089684 -0.304915 -0.045837 -0.137918 0.059069
0.104305 -0.243701 -0.021132 -0.262531 -0.086624
0.232222 -0.15537 0.005893 -0.504406 -0.292172
0.232222 -0.15537 0.005893 -0.504406 -0.292172
0.232222 -0.15537 0.005893 -0.504406 -0.292172
0.14637 -0.133529 0.03432 -0.236439 -0.227028
0.14637 -0.133529 0.03432 -0.236439 -0.227028
0.088529 -0.169358 -0.005039 -0.300709 -0.251674
0.066314 -0.246915 -0.015979 0.076469 0.160546
0.10852 -0.22806 0.011542 -0.076054 -0.033779
0.10852 -0.22806 0.011542 -0.076054 -0.033779
0.063562 -0.169662 0.027414 0.144993 0.120953
0.016628 -0.217599 -0.014827 0.04886 0.125569
0.001104 -0.235625 0.019245 0.088576 0.03891
0.063188 -0.215354 0.048609 0.171588 0.100223
0.063188 -0.215354 0.048609 0.171588 0.100223
0.063188 -0.215354 0.048609 0.171588 0.100223
0.104222 -0.277809 0.034882 -0.110917 -0.08488
0.178517 -0.20131 -0.006862 -0.372229 -0.239914
0.178517 -0.20131 -0.006862 -0.372229 -0.239914
0.216713 -0.161078 0.050636 -0.190125 -0.171765
0.216713 -0.161078 0.050636 -0.190125 -0.171765
0.164845 -0.25633 -0.025801 -0.287164 -0.070453
0.164845 -0.25633 -0.025801 -0.287164 -0.070453
0.189196 -0.234154 0.032716 -0.292995 -0.27231
0.189196 -0.234154 0.032716 -0.292995 -0.27231
0.189196 -0.234154 0.032716 -0.292995 -0.27231
0.234604 -0.132128 0.044411 -0.335092 -0.163977
0.234604 -0.132128 0.044411 -0.335092 -0.163977
0.200717 -0.14923 0.054244 -0.200364 -0.136819
0.097452 -0.266854 0.041616 0.128139 0.06423
0.097452 -0.266854 0.041616 0.128139 0.06423
0.140802 -0.31281 0.014367 -0.279934 -0.210668
0.140802 -0.31281 0.014367 -0.279934 -0.210668
0.199558 -0.155213 0.012471 -0.520279 -0.275386
0.199558 -0.155213 0.012471 -0.520279 -0.275386
0.199558 -0.155213 0.012471 -0.520279 -0.275386
0.199558 -0.155213 0.012471 -0.520279 -0.275386
0.199558 -0.155213 0.012471 -0.520279 -0.275386
0.199558 -0.155213 0.012471 -0.520279 -0.275386
0.199558 -0.155213 0.012471 -0.520279 -0.275386
0.199558 -0.155213 0.012471 -0.520279 -0.275386
0.199558 -0.155213 0.012471 -0.520279 -0.275386
0.199558 -0.155213 0.012471 -0.520279 -0.275386
0.199558 -0.155213 0.012471 -0.520279 -0.275386
0.199558 -0.155213 0.012471 -0.520279 -0.275386
0.199558 -0.155213 0.012471 -0.520279 -0.275386
0.199558 -0.155213 0.012471 -0.520279 -0.275386
0.199558 -0.155213 0.012471 -0.520279 -0.275386
0.199558 -0.155213 0.012471 -0.520279 -0.275386
0.199558 -0.155213 0.012471 -0.520279 -0.275386
0.199558 -0.155213 0.012471 -0.520279 -0.275386
0.199558 -0.155213 0.012471 -0.520279 -0.275386
0.199558 -0.155213 0.012471 -0.520279 -0.275386
0.199558 -0.155213 0.012471 -0.520279 -0.275386
0.104339 -0.240236 -0.016056 -0.265218 -0.082416
0.233188 -0.063245 0.037991 -0.282206 -0.038748
0.233188 -0.063245 0.037991 -0.282206 -0.038748
0.281064 -0.074301 0.092785 -0.367702 -0.290262
0.236792 -0.123527 0.056121 -0.262696 -0.187395
0.167618 -0.212165 -0.001017 -0.162402 -0.064002
0.167618 -0.212165 -0.001017 -0.162402 -0.064002
0.167618 -0.212165 -0.001017 -0.162402 -0.064002
0.157228 -0.207759 6.9e-05 -0.042824 0.04048
0.104152 -0.286925 0.010216 0.050715 -0.000589
0.126591 -0.285787 -0.011113 -0.210643 -0.163132
0.105621 -0.260909 -0.047228 -0.317652 -0.041298
0.089667 -0.330606 -0.020955 -0.04375 0.020572
0.253225 -0.153945 0.040344 -0.170606 -0.108344
0.177532 -0.23837 -0.004908 -0.286525 -0.162198
0.133722 -0.203618 -0.049063 -0.288539 -0.041393
0.227763 -0.095257 0.032806 -0.062429 0.093033
0.219516 -0.13944 -0.004426 -0.336035 -0.088242
0.219516 -0.13944 -0.004426 -0.336035 -0.088242
0.219516 -0.13944 -0.004426 -0.336035 -0.088242
0.235085 -0.134603 0.051428 -0.105624 -0.088135
0.235085 -0.134603 0.051428 -0.105624 -0.088135
0.086855 -0.248275 -0.07441 -0.215457 0.055404
0.138936 -0.248143 -0.034806 0.06872 0.264521
0.138936 -0.248143 -0.034806 0.06872 0.264521
0.164432 -0.145445 0.018507 -0.001818 -0.008816
0.289743 0.050722 0.145397 0.235244 0.128322
0.25626 0.061344 0.134459 0.148877 0.103503
0.36755 0.1085 0.222922 0.070994 -0.160983
0.36755 0.1085 0.222922 0.070994 -0.160983
0.316427 0.042785 0.155479 -0.139659 -0.068293
0.308403 0.019715 0.164313 0.223349 0.182271
0.308403 0.019715 0.164313 0.223349 0.182271
0.193344 -0.102752 0.078801 0.25606 0.364375
0.193344 -0.102752 0.078801 0.25606 0.364375
0.34793 -0.020843 0.237317 0.35261 0.091383
0.308869 -0.012202 0.160714 0.051216 -0.137313
0.198219 -0.121078 0.068144 0.113091 0.021495
0.198219 -0.121078 0.068144 0.113091 0.021495
0.218712 -0.080157 0.089655 0.22471 0.153015
0.186817 -0.11624 0.066286 0.190366 0.147011
0.186817 -0.11624 0.066286 0.190366 0.147011
0.172629 -0.190089 0.036326 -0.033351 0.004845
0.172629 -0.190089 0.036326 -0.033351 0.004845
0.172629 -0.190089 0.036326 -0.033351 0.004845
0.172629 -0.190089 0.036326 -0.033351 0.004845
0.150882 -0.145484 0.034863 -0.03285 0.103218
0.177357 -0.088733 0.11112 0.202431 0.08049
0.169982 -0.130046 0.065386 0.210858 0.182561
0.169982 -0.130046 0.065386 0.210858 0.182561
0.169982 -0.130046 0.065386 0.210858 0.182561
0.162892 -0.117803 0.080376 0.178189 0.117597
0.185884 -0.075069 0.033414 -0.236969 -0.13761
0.185884 -0.075069 0.033414 -0.236969 -0.13761
0.314185 0.041294 0.208275 0.178273 -0.166382
0.314185 0.041294 0.208275 0.178273 -0.166382
0.314185 0.041294 0.208275 0.178273 -0.166382
0.314185 0.041294 0.208275 0.178273 -0.166382
0.284642 -0.033245 0.149611 -0.156584 -0.332489
0.284642 -0.033245 0.149611 -0.156584 -0.332489
0.284642 -0.033245 0.149611 -0.156584 -0.332489
0.210727 -0.106117 0.094891 -0.143851 -0.181915
0.210727 -0.106117 0.094891 -0.143851 -0.181915
0.210727 -0.106117 0.094891 -0.143851 -0.181915
0.210727 -0.106117 0.094891 -0.143851 -0.181915
0.127086 -0.183066 -0.01597 -0.319289 -0.05791
0.127086 -0.183066 -0.01597 -0.319289 -0.05791
0.127086 -0.183066 -0.01597 -0.319289 -0.05791
0.207135 -0.045645 0.058728 -0.160466 -0.03244
0.114989 -0.177319 -0.007115 -0.22183 0.012861
0.110683 -0.302246 -0.084029 -0.299716 0.127746
0.110683 -0.302246 -0.084029 -0.299716 0.127746
0.137031 -0.198148 -0.002894 -0.212118 -0.053427
0.164865 -0.128548 0.037636 -0.181554 -0.102423
0.159218 -0.094311 0.062995 -0.022609 -0.09314
0.159218 -0.094311 0.062995 -0.022609 -0.09314
0.137324 -0.11222 0.067123 0.076462 -0.008294
0.14031 -0.171695 0.04258 0.094403 0.00672
0.154076 -0.17668 0.012496 0.191747 0.293051
0.154076 -0.17668 0.012496 0.191747 0.293051
0.154076 -0.17668 0.012496 0.191747 0.293051
0.13367 -0.195592 -0.057866 0.113338 0.419945
0.13367 -0.195592 -0.057866 0.113338 0.419945
0.21223 -0.074687 0.084858 0.036719 0.125732
0.243356 -0.035995 0.104051 -0.050459 -0.033672
0.243356 -0.035995 0.104051 -0.050459 -0.033672
0.199459 -0.165223 0.016156 0.074752 0.288399
0.195055 -0.110335 -0.000581 -0.203898 0.005589
0.195055 -0.110335 -0.000581 -0.203898 0.005589
0.256577 -0.125292 0.080641 -0.059886 -0.144039
0.219508 -0.120628 0.126028 0.057816 -0.234381
0.241916 -0.142923 0.1127 -0.164068 -0.346602
0.189398 -0.188139 0.036172 -0.317547 -0.325664
0.189398 -0.188139 0.036172 -0.317547 -0.325664
0.189398 -0.188139 0.036172 -0.317547 -0.325664
0.189398 -0.188139 0.036172 -0.317547 -0.325664
0.254255 -0.120071 0.092835 -0.112412 -0.213717
0.254255 -0.120071 0.092835 -0.112412 -0.213717
0.254255 -0.120071 0.092835 -0.112412 -0.213717
0.254255 -0.120071 0.092835 -0.112412 -0.213717
0.240993 -0.105744 0.107247 -0.014438 -0.202118
0.158506 -0.216705 -0.009196 -0.108556 -0.043179
0.146116 -0.213307 -0.026226 -0.055782 0.01011
0.241206 -0.138246 0.113026 0.100661 -0.181863
0.218122 -0.147357 0.095422 0.00121 -0.189518
0.218122 -0.147357 0.095422 0.00121 -0.189518
0.218122 -0.147357 0.095422 0.00121 -0.189518
0.187158 -0.185957 0.070597 0.034921 -0.088897
0.198307 -0.126931 0.106997 0.224365 0.049737
0.201357 -0.07802 0.139192 0.255577 0.013094
0.202054 -0.109311 0.066164 -0.063891 -0.072248
0.219697 -0.083138 0.050797 -0.060379 -4.7e-05
0.244143 -0.099207 0.105701 -0.122078 -0.217746
0.242132 -0.144293 0.054903 -0.16958 -0.073366
0.242132 -0.144293 0.054903 -0.16958 -0.073366
0.297154 -0.043401 0.129531 0.038855 0.025596
0.225995 -0.156532 0.010666 -0.239511 -0.030332
0.151184 -0.213358 -0.019111 -0.049243 0.256392
0.220325 -0.214039 -0.001169 -0.059979 0.1652
0.153014 -0.191985 -0.103055 -0.376151 0.085349
0.220321 -0.146925 -0.006 -0.066919 0.167035
0.205732 -0.07917 0.069158 -0.26925 -0.195125
0.240583 -0.114931 0.012284 0.005855 0.196196
0.240583 -0.114931 0.012284 0.005855 0.196196
0.240583 -0.114931 0.012284 0.005855 0.196196
0.240583 -0.114931 0.012284 0.005855 0.196196
0.27061 -0.023092 0.03427 -0.368749 -0.144319
0.24121 -0.101627 0.009156 -0.154348 0.12589
0.189428 -0.216474 0.034172 0.072495 0.151368
0.210175 -0.233856 0.010818 0.045796 0.080025
0.194892 -0.171213 0.043587 -0.113016 -0.168745
0.218812 -0.026938 0.084682 0.014576 -0.018509
0.112045 -0.163301 -0.052958 -0.166473 0.105419
0.078298 -0.228524 -0.114344 -0.208012 0.239018
0.115336 -0.225445 -0.06966 0.046284 0.376147
0.115336 -0.225445 -0.06966 0.046284 0.376147
0.115336 -0.225445 -0.06966 0.046284 0.376147
0.115336 -0.225445 -0.06966 0.046284 0.376147
0.115336 -0.225445 -0.06966 0.046284 0.376147
0.25081 -0.108676 0.032242 -0.184233 -0.066296
0.178346 -0.146342 0.008336 -0.11678 -0.039819
0.178346 -0.146342 0.008336 -0.11678 -0.039819
0.176186 -0.21865 0.020115 -0.14078 -0.105915
0.176186 -0.21865 0.020115 -0.14078 -0.105915
0.194807 -0.144545 0.012855 -0.26041 -0.111242
0.194807 -0.144545 0.012855 -0.26041 -0.111242
0.194807 -0.144545 0.012855 -0.26041 -0.111242
0.17361 -0.216635 0.013423 -0.116112 0.010769
0.16718 -0.259856 0.018101 -0.290081 -0.241302
0.237935 -0.105325 0.123329 0.107596 0.009487
0.209296 -0.145343 0.078969 -0.179757 -0.211088
0.209296 -0.145343 0.078969 -0.179757 -0.211088
0.072362 -0.358589 -0.135992 -0.262183 0.192479
0.072362 -0.358589 -0.135992 -0.262183 0.192479
0.072362 -0.358589 -0.135992 -0.262183 0.192479
0.072362 -0.358589 -0.135992 -0.262183 0.192479
-0.053334 -0.404086 -0.146429 -0.140844 0.241078
0.006849 -0.389672 -0.103022 -0.09857 0.157811
0.154416 -0.20617 0.042575 0.205208 0.203097
0.22089 -0.172857 0.001096 -0.380812 -0.126946
0.275595 -0.125122 0.021298 -0.278424 -0.00569
0.275595 -0.125122 0.021298 -0.278424 -0.00569
0.330063 -0.043481 0.072732 -0.49959 -0.330706
0.250028 -0.147382 0.175609 -0.084369 -0.365862
0.097605 -0.331047 -0.006452 -0.240182 -0.150918
0.07172 -0.441362 -0.103398 -0.399527 -0.019899
0.07172 -0.441362 -0.103398 -0.399527 -0.019899
0.07172 -0.441362 -0.103398 -0.399527 -0.019899
0.073694 -0.414486 -0.133 -0.458818 0.064687
0.073694 -0.414486 -0.133 -0.458818 0.064687
0.073694 -0.414486 -0.133 -0.458818 0.064687
0.073694 -0.414486 -0.133 -0.458818 0.064687
0.074932 -0.367386 -0.029504 0.02489 0.156011
0.085906 -0.353232 -0.010222 0.072403 0.131096
0.085922 -0.355301 -0.015493 -0.081199 0.038799
0.118512 -0.327042 -0.002102 -0.342056 -0.171547
0.118512 -0.327042 -0.002102 -0.342056 -0.171547
0.118512 -0.327042 -0.002102 -0.342056 -0.171547
0.081942 -0.391567 -0.075878 -0.299448 -0.044473
0.121976 -0.272982 -0.055713 -0.082871 0.066769
0.152552 -0.28712 0.000811 0.225982 0.205759
0.195161 -0.197834 -0.013793 0.056136 0.135723
0.144627 -0.190731 -0.00979 -0.12242 -0.035744
0.110679 -0.215712 0.016441 -0.129226 -0.132654
0.110679 -0.215712 0.016441 -0.129226 -0.132654
0.096638 -0.232261 -0.001976 0.097333 0.107595
0.129379 -0.142977 0.063641 0.180165 0.090858
0.050019 -0.213138 0.025338 0.346971 0.262196
0.03969 -0.344816 -0.077555 -0.048558 0.173499
0.119824 -0.19685 0.027291 -0.03849 0.030793
0.119824 -0.19685 0.027291 -0.03849 0.030793
0.166298 -0.143659 0.04028 -0.321976 -0.292877
0.152087 -0.136524 0.043651 -0.260551 -0.23886
0.152087 -0.136524 0.043651 -0.260551 -0.23886
0.189465 -0.234853 0.048299 -0.035933 -0.134531
0.189465 -0.234853 0.048299 -0.035933 -0.134531
0.305679 -0.12702 0.141191 -0.05951 -0.29468
0.305679 -0.12702 0.141191 -0.05951 -0.29468
0.106042 -0.245566 0.019104 -0.010833 -0.051956
0.160618 -0.187289 0.06146 -0.01959 -0.112994
0.124092 -0.280789 -0.004091 0.061222 0.133432
0.124092 -0.280789 -0.004091 0.061222 0.133432
0.151429 -0.240381 0.007253 0.251671 0.257335
0.088099 -0.364763 -0.00534 0.192611 0.183235
0.178111 -0.253955 0.012692 -0.128585 -0.093506
0.150506 -0.240776 -0.005295 -0.146232 -0.107577
0.133564 -0.295085 -0.022241 0.002032 0.099163
0.134128 -0.249665 -0.023647 -0.12785 -0.035165
0.204319 -0.119591 0.04469 0.01763 0.011599
0.204207 -0.091567 0.015714 -0.160673 -0.048709
0.157694 -0.207531 0.008213 0.171194 0.260571
0.161536 -0.145287 0.037232 0.11523 0.07839
0.161536 -0.145287 0.037232 0.11523 0.07839
0.221528 -0.112936 0.089784 0.156078 0.06509
0.245695 -0.191723 0.057757 -0.025144 -0.019207
0.245695 -0.191723 0.057757 -0.025144 -0.019207
0.024393 -0.425659 -0.167545 -0.472701 0.034388
0.067511 -0.292658 -0.093152 -0.191968 0.157469
0.075612 -0.267857 -0.108658 -0.285481 0.064329
0.183731 -0.189281 -0.037533 -0.329121 -0.014237
0.183731 -0.189281 -0.037533 -0.329121 -0.014237
0.183731 -0.189281 -0.037533 -0.329121 -0.014237
0.130219 -0.220398 -0.063376 -0.384585 -0.099343
0.119273 -0.216321 -0.047657 -0.141878 0.081027
0.119273 -0.216321 -0.047657 -0.141878 0.081027
0.207899 -0.129894 0.013288 0.086247 0.133334
0.25234 -0.069205 0.051258 0.01746 0.03349
0.197802 -0.146777 -0.014038 -0.0502 0.082339
0.197802 -0.146777 -0.014038 -0.0502 0.082339
0.135456 -0.269939 -0.070002 -0.30097 0.004419
0.165259 -0.198032 -0.003604 0.114618 0.280265
0.20406 -0.159534 0.034163 0.073084 0.08305
0.20406 -0.159534 0.034163 0.073084 0.08305
0.161658 -0.143081 0.050771 0.06006 -0.075789
0.240932 -0.059433 0.110252 0.089907 -0.115096
0.240932 -0.059433 0.110252 0.089907 -0.115096
0.189376 -0.156877 -0.017344 -0.202048 -0.006095
0.189376 -0.156877 -0.017344 -0.202048 -0.006095
0.12451 -0.161531 -0.054006 -0.260931 0.103078
0.12451 -0.161531 -0.054006 -0.260931 0.103078
0.182908 -0.16225 -0.013902 -0.220067 -0.108276
0.182908 -0.16225 -0.013902 -0.220067 -0.108276
0.182908 -0.16225 -0.013902 -0.220067 -0.108276
0.182908 -0.16225 -0.013902 -0.220067 -0.108276
0.242477 -0.081349 0.108726 0.012199 -0.204798
0.243462 -0.102651 0.088769 0.002369 -0.097393
0.195815 -0.189561 0.050018 0.154542 0.169604
0.195815 -0.189561 0.050018 0.154542 0.169604
0.172694 -0.221085 0.006953 -0.181459 0.055161
0.144014 -0.205742 0.023511 0.207529 0.21946
0.144014 -0.205742 0.023511 0.207529 0.21946
0.268281 -0.160454 0.129434 0.167342 -0.043873
0.306996 -0.082858 0.138756 0.360984 0.232046
0.306996 -0.082858 0.138756 0.360984 0.232046
0.306996 -0.082858 0.138756 0.360984 0.232046
0.300316 -0.150241 0.132203 0.225163 0.115961
0.300316 -0.150241 0.132203 0.225163 0.115961
0.225112 -0.248699 0.095235 0.189108 0.070324
0.243856 -0.322413 0.075885 0.146592 0.040204
0.270203 -0.270732 0.063916 -0.021657 0.012414
0.258465 -0.241142 0.092729 0.07734 -0.079221
0.230133 -0.276481 0.015153 0.152464 0.153989
0.230133 -0.276481 0.015153 0.152464 0.153989
0.23623 -0.169633 0.066624 0.325899 0.234001
0.142683 -0.260896 -0.054001 -0.006095 0.242585
0.142683 -0.260896 -0.054001 -0.006095 0.242585
0.142683 -0.260896 -0.054001 -0.006095 0.242585
0.181044 -0.152706 0.011918 0.119817 0.239728
0.213668 -0.070567 0.051639 0.214288 0.196114
0.197356 -0.073916 0.017785 -0.006266 0.157751
0.175602 -0.054514 0.020959 0.030496 0.143121
0.180112 -0.089689 -0.006488 0.052944 0.264302
0.118369 -0.273048 -0.054031 0.013637 0.117958
0.082199 -0.214885 -0.066878 -0.195854 0.002282
0.138829 -0.17175 -0.009717 0.06887 0.114507
0.141371 -0.197088 -0.016723 -0.185721 -0.163376
0.127725 -0.252648 -0.039352 -0.01509 0.062529
0.120599 -0.112751 -0.021894 -0.227944 -0.094623
0.120599 -0.112751 -0.021894 -0.227944 -0.094623
0.120784 -0.148233 -0.038456 -0.007038 0.155128
0.184068 -0.094742 0.008457 0.014357 0.044752
0.22313 -0.044085 0.04082 -0.021612 -0.011525
0.234521 -0.038068 0.028502 -0.254997 -0.047733
0.162799 -0.092852 -0.001462 -0.340248 -0.100612
0.162799 -0.092852 -0.001462 -0.340248 -0.100612
0.129229 -0.191012 -0.018929 -0.128333 0.010685
0.181513 -0.204615 0.008579 -0.125239 -0.044425
0.181513 -0.204615 0.008579 -0.125239 -0.044425
0.181513 -0.204615 0.008579 -0.125239 -0.044425
0.181513 -0.204615 0.008579 -0.125239 -0.044425
0.181513 -0.204615 0.008579 -0.125239 -0.044425
0.175611 -0.171119 -0.017867 -0.181868 0.037522
0.175611 -0.171119 -0.017867 -0.181868 0.037522
0.175611 -0.171119 -0.017867 -0.181868 0.037522
0.175611 -0.171119 -0.017867 -0.181868 0.037522
0.175611 -0.171119 -0.017867 -0.181868 0.037522
0.175611 -0.171119 -0.017867 -0.181868 0.037522
0.178646 -0.182767 -0.007309 -0.018631 0.162937
0.197749 -0.055061 0.033171 -0.226811 -0.089762
0.228312 -0.011775 0.04792 -0.429796 -0.206653
0.248994 -0.092463 0.076209 0.232707 0.249221
0.237534 -0.144509 0.071353 0.162348 0.122245
0.237534 -0.144509 0.071353 0.162348 0.122245
0.196622 -0.174982 0.049858 0.235915 0.215077
0.284681 -0.017618 0.103678 -0.01299 0.020178
0.321956 -0.001222 0.096087 -0.025988 -0.021604
0.363683 0.037329 0.161292 0.050011 -0.119413
0.316922 -0.019915 0.084263 0.170136 0.12868
0.378734 -0.011043 0.176343 0.144878 -0.110777
0.216828 -0.144183 0.120351 0.159345 -0.066751
0.248617 -0.034709 0.178267 0.364956 0.094434
0.180557 -0.114465 0.129532 0.245828 0.024396
0.149114 -0.149418 0.067947 0.279528 0.22252
0.149114 -0.149418 0.067947 0.279528 0.22252
0.149114 -0.149418 0.067947 0.279528 0.22252
0.123583 -0.173778 -0.075839 -0.251347 0.034325
0.123583 -0.173778 -0.075839 -0.251347 0.034325
0.121314 -0.210875 -0.084258 -0.169605 0.224246
0.121314 -0.210875 -0.084258 -0.169605 0.224246
0.121314 -0.210875 -0.084258 -0.169605 0.224246
0.098448 -0.21983 -0.124448 -0.312978 0.259846
0.046724 -0.332171 -0.161761 -0.192045 0.314982
0.046724 -0.332171 -0.161761 -0.192045 0.314982
0.046724 -0.332171 -0.161761 -0.192045 0.314982
0.127272 -0.264403 -0.115472 -0.352886 0.096948
0.152779 -0.21396 -0.07909 -0.38647 0.012505
0.152779 -0.21396 -0.07909 -0.38647 0.012505
0.152779 -0.21396 -0.07909 -0.38647 0.012505
0.152779 -0.21396 -0.07909 -0.38647 0.012505
0.152779 -0.21396 -0.07909 -0.38647 0.012505
0.152779 -0.21396 -0.07909 -0.38647 0.012505
0.152779 -0.21396 -0.07909 -0.38647 0.012505
0.152779 -0.21396 -0.07909 -0.38647 0.012505
0.152779 -0.21396 -0.07909 -0.38647 0.012505
0.254559 -0.088747 0.062022 -0.296726 -0.27956
0.254559 -0.088747 0.062022 -0.296726 -0.27956
0.254559 -0.088747 0.062022 -0.296726 -0.27956
0.231646 -0.15303 0.060947 -0.159716 -0.118153
0.189881 -0.256611 0.009473 -0.154998 0.054907
0.22794 -0.23758 -0.010133 -0.065958 0.155638
0.22794 -0.23758 -0.010133 -0.065958 0.155638
0.30834 -0.163945 0.085559 0.100238 0.061278
0.231808 -0.173896 -0.007155 -0.240263 -0.043536
0.231808 -0.173896 -0.007155 -0.240263 -0.043536
0.231808 -0.173896 -0.007155 -0.240263 -0.043536
0.231808 -0.173896 -0.007155 -0.240263 -0.043536
0.225425 -0.216174 0.00254 -0.113553 0.041826
0.257084 -0.224348 0.041785 0.057835 0.007101
0.257084 -0.224348 0.041785 0.057835 0.007101
0.24627 -0.266422 0.039201 -0.206348 -0.285093
0.230826 -0.293328 -0.031889 -0.147031 0.080064
0.271983 -0.213693 0.033819 -0.251467 -0.230261
0.213533 -0.300168 -0.006556 -0.162072 -0.078224
0.10148 -0.410969 -0.073926 -0.012215 0.145206
0.072362 -0.388685 -0.037591 -0.058596 0.003473
0.075159 -0.437459 -0.030682 0.049453 0.014599
0.075159 -0.437459 -0.030682 0.049453 0.014599
0.180995 -0.166078 0.096747 0.055425 -0.217239
0.188293 -0.045554 0.151397 0.107187 -0.269919
0.188293 -0.045554 0.151397 0.107187 -0.269919
0.214251 -0.089478 0.148398 0.121304 -0.055951
0.179219 -0.047484 0.140111 -0.103888 -0.271674
0.141533 -0.160852 0.058328 0.26718 0.305669
0.141533 -0.160852 0.058328 0.26718 0.305669
0.116651 -0.293029 -0.023129 0.237148 0.438051
0.116651 -0.293029 -0.023129 0.237148 0.438051
0.148188 -0.272021 0.013289 -0.061641 -0.021212
0.234002 -0.203402 0.048544 -0.043287 0.003864
0.217431 -0.125214 0.035489 -0.190381 -0.035174
0.150616 -0.171195 -0.017363 -0.363387 -0.08375
0.150616 -0.171195 -0.017363 -0.363387 -0.08375
0.173069 -0.174844 0.052153 0.255809 0.15428
0.173069 -0.174844 0.052153 0.255809 0.15428
0.087489 -0.231808 0.016755 0.078492 0.040337
0.091606 -0.35268 -0.013548 0.266414 0.249245
0.206631 -0.207418 0.092495 0.066188 -0.205987
0.101136 -0.269111 0.003406 -0.047761 -0.078477
0.136074 -0.142545 0.052983 0.192612 0.070285
0.143892 -0.20284 -0.011762 -0.181109 -0.047885
0.01805 -0.31221 -0.047429 -0.016668 0.125857
0.059561 -0.344363 -0.048401 -0.108943 0.129865
0.080818 -0.298924 -0.060539 -0.168936 0.1261
0.080818 -0.298924 -0.060539 -0.168936 0.1261
0.067743 -0.330779 -0.040482 -0.076123 0.066431
0.067743 -0.330779 -0.040482 -0.076123 0.066431
0.067743 -0.330779 -0.040482 -0.076123 0.066431
0.079505 -0.332234 -0.064516 -0.206151 -0.022666
0.061055 -0.301084 -0.062022 -0.231771 -0.060045
-0.003492 -0.397775 -0.075249 -0.09567 0.051197
0.053584 -0.421687 -0.090296 -0.147023 0.138987
0.157607 -0.217404 0.055838 0.08078 -0.013978
0.231898 -0.054155 0.058676 0.041521 0.042213
0.291188 -0.009472 0.088385 -0.160791 -0.227554
0.291188 -0.009472 0.088385 -0.160791 -0.227554
0.138317 -0.209463 -0.003663 -0.354041 -0.291019
0.173504 -0.210306 0.039788 -0.192789 -0.203285
0.179709 -0.15039 0.055524 -0.109097 -0.201891
0.134324 -0.28147 0.026199 0.134021 0.079618
0.134324 -0.28147 0.026199 0.134021 0.079618
0.225035 -0.106493 0.083471 -0.048797 -0.035872
0.134756 -0.198286 0.049029 0.048406 0.099366
0.134756 -0.198286 0.049029 0.048406 0.099366
0.16643 -0.140629 0.057734 0.153157 0.107643
0.216265 -0.06881 0.076613 -0.099709 -0.052791
0.240617 -0.007643 0.02743 -0.224344 0.116476
0.19037 -0.103909 -0.038642 -0.396182 0.034907
0.19037 -0.103909 -0.038642 -0.396182 0.034907
0.04425 -0.326422 -0.148066 -0.264853 0.26597
0.127737 -0.211751 -0.078205 -0.323894 0.140663
0.127737 -0.211751 -0.078205 -0.323894 0.140663
0.094791 -0.282263 -0.087398 -0.146935 0.256881
0.094273 -0.245096 -0.055456 0.085096 0.360053
0.094273 -0.245096 -0.055456 0.085096 0.360053
0.094273 -0.245096 -0.055456 0.085096 0.360053
0.094273 -0.245096 -0.055456 0.085096 0.360053
0.094273 -0.245096 -0.055456 0.085096 0.360053
0.094273 -0.245096 -0.055456 0.085096 0.360053
0.094273 -0.245096 -0.055456 0.085096 0.360053
0.152278 -0.206926 -0.031657 -0.162682 0.107046
0.09295 -0.359684 -0.125133 -0.313431 0.214399
0.08537 -0.511193 -0.204857 0.014926 0.675944
0.08537 -0.511193 -0.204857 0.014926 0.675944
0.08537 -0.511193 -0.204857 0.014926 0.675944
0.119787 -0.401487 -0.130449 0.032285 0.473638
0.127227 -0.303602 -0.005702 0.45111 0.533199
0.127227 -0.303602 -0.005702 0.45111 0.533199
0.148901 -0.199543 -0.030028 -0.129364 0.090135
0.099049 -0.207526 -0.05232 -0.046068 0.174384
0.166587 -0.088656 0.073564 0.252764 0.221251
0.107267 -0.334198 -0.030405 -0.10498 0.01952
0.108718 -0.245042 -0.002611 0.027328 0.11999
0.108718 -0.245042 -0.002611 0.027328 0.11999
0.006611 -0.395965 -0.070095 0.025388 0.171058
0.113174 -0.290022 0.011791 0.17537 0.194337
0.113174 -0.290022 0.011791 0.17537 0.194337
0.113174 -0.290022 0.011791 0.17537 0.194337
0.137586 -0.296914 -0.009281 0.096582 0.221137
0.123742 -0.301924 -0.070182 0.144168 0.449347
0.073434 -0.383838 -0.161125 -0.193423 0.340194
0.238761 -0.080134 -0.055582 -0.510148 -0.04816
0.150912 -0.208343 -0.045434 -0.148156 0.195285
0.150912 -0.208343 -0.045434 -0.148156 0.195285
0.13835 -0.309333 -0.123788 -0.217237 0.325145
0.13743 -0.303858 -0.102415 -0.507464 0.022287
0.131244 -0.283316 -0.088196 -0.454785 0.018606
0.131244 -0.283316 -0.088196 -0.454785 0.018606
0.131244 -0.283316 -0.088196 -0.454785 0.018606
0.131244 -0.283316 -0.088196 -0.454785 0.018606
0.131244 -0.283316 -0.088196 -0.454785 0.018606
0.131244 -0.283316 -0.088196 -0.454785 0.018606
0.058683 -0.195808 -0.058688 -0.028887 0.217739
0.129306 -0.306728 -0.021928 0.017555 0.195834
0.207257 -0.155641 0.031782 -0.143907 -0.071008
0.186009 -0.066158 0.03663 -0.098525 -0.081213
0.118305 -0.137558 -0.011797 -0.165701 -0.029557
0.090526 -0.270302 -0.062216 -0.132983 0.16691
0.165856 -0.200543 -0.024784 -0.144084 0.01523
0.177022 -0.173259 0.01701 0.091838 0.247734
0.177022 -0.173259 0.01701 0.091838 0.247734
0.168003 -0.132643 0.02222 -0.039318 0.097809
0.14911 -0.194709 -0.01622 -0.222089 0.004738
0.168283 -0.085492 0.007397 -0.150963 0.009587
0.22113 -0.125125 0.025418 -0.371574 -0.213668
0.107227 -0.170673 -0.05259 -0.391102 -0.040878
0.097822 -0.152473 -0.064021 -0.417725 -0.062853
0.157778 -0.179196 0.01422 -0.063499 -0.038143
0.17841 -0.220688 0.025981 0.211938 0.230097
0.24513 -0.165957 0.071764 -0.115067 -0.116801
0.24513 -0.165957 0.071764 -0.115067 -0.116801
0.24513 -0.165957 0.071764 -0.115067 -0.116801
0.177959 -0.165677 0.009443 -0.193401 -0.067008
0.215939 -0.161474 0.073518 0.188928 0.139386
0.199491 -0.149007 0.0835 0.118071 0.012769
0.232483 -0.124179 0.052337 -0.299877 -0.147456
0.150131 -0.213242 -0.019513 -0.017757 0.151368
0.150131 -0.213242 -0.019513 -0.017757 0.151368
0.150131 -0.213242 -0.019513 -0.017757 0.151368
0.1693 -0.120264 0.06689 0.035751 -0.029643
0.130732 -0.219876 -0.060526 -0.053055 0.256394
0.216341 -0.21755 0.027665 0.241594 0.20001
0.326374 -0.065627 0.176336 0.023227 -0.327868
0.326374 -0.065627 0.176336 0.023227 -0.327868
0.272869 -0.107914 0.136737 -0.074124 -0.27275
0.098697 -0.168011 -0.012366 -0.161773 0.016279
0.121997 -0.259153 -0.025131 0.148088 0.28545
0.143309 -0.212498 -0.056395 -0.301632 -0.114141
0.159279 -0.160183 -0.038274 -0.168565 -0.052654
0.19252 -0.155531 0.022844 -0.109225 -0.221748
0.1971 -0.218981 0.098736 0.101128 -0.248379
0.20439 -0.170027 0.1171 0.034216 -0.267802
0.241448 -0.128697 0.161747 0.058887 -0.264054
0.167295 -0.127626 0.126843 0.064653 -0.186739
0.208518 -0.212417 0.066722 0.086352 0.063418
0.126547 -0.251865 -0.045344 -0.188486 0.048298
0.126547 -0.251865 -0.045344 -0.188486 0.048298
0.126547 -0.251865 -0.045344 -0.188486 0.048298
0.126547 -0.251865 -0.045344 -0.188486 0.048298
0.126547 -0.251865 -0.045344 -0.188486 0.048298
0.211624 -0.013801 0.063511 -0.234024 -0.219173
0.189776 -0.049619 0.0637 0.008438 0.029335
0.294424 0.016577 0.14777 -0.113386 -0.272686
0.294424 0.016577 0.14777 -0.113386 -0.272686
0.199397 -0.079246 0.068946 -0.138653 -0.192539
0.22846 -0.260802 0.092527 0.199001 0.082329
0.164404 -0.207458 0.031733 0.056505 0.100145
0.199604 -0.160172 0.093033 0.0387 -0.082816
0.177787 -0.117305 0.021591 -0.182171 -0.051219
0.177787 -0.117305 0.021591 -0.182171 -0.051219
0.135358 -0.202554 -0.011637 -0.260234 -0.019665
0.113796 -0.199308 -0.068415 -0.350584 -0.027215
0.171345 -0.159111 -0.004186 -0.20082 -0.083212
0.188185 -0.169154 0.026958 -0.182122 -0.130354
0.188185 -0.169154 0.026958 -0.182122 -0.130354
0.188185 -0.169154 0.026958 -0.182122 -0.130354
0.188185 -0.169154 0.026958 -0.182122 -0.130354
0.197459 -0.209296 0.055599 -0.005293 0.000924
0.220772 -0.115894 0.073384 -0.237855 -0.123499
0.151689 -0.192415 -0.00509 -0.380255 -0.137425
0.151689 -0.192415 -0.00509 -0.380255 -0.137425
0.151689 -0.192415 -0.00509 -0.380255 -0.137425
0.151689 -0.192415 -0.00509 -0.380255 -0.137425
0.151689 -0.192415 -0.00509 -0.380255 -0.137425
0.168341 -0.105564 0.106304 0.277684 0.144939
0.151933 -0.173688 0.05041 0.060372 0.089239
0.14681 -0.193899 -0.039981 -0.324092 -0.028482
0.267856 -0.140732 0.066239 -0.184568 -0.217587
0.246373 -0.141405 0.058202 -0.258746 -0.239931
0.246373 -0.141405 0.058202 -0.258746 -0.239931
0.181693 -0.13405 -0.006237 -0.312911 -0.039235
0.181693 -0.13405 -0.006237 -0.312911 -0.039235
0.278045 -0.001606 0.131576 0.076566 0.001513
0.290885 0.033612 0.139843 0.162299 0.026765
0.191065 -0.1615 0.086836 0.071889 -0.013728
0.146216 -0.220269 -0.034584 -0.288292 0.01135
0.142488 -0.154925 0.003814 -0.120615 0.026531
0.117684 -0.245212 -0.015697 -0.084053 0.00951
0.141841 -0.145502 0.052739 0.04672 -0.040715
0.183211 -0.163102 0.021705 0.084162 0.127751
0.183211 -0.163102 0.021705 0.084162 0.127751
0.183211 -0.163102 0.021705 0.084162 0.127751
0.201967 -0.133137 0.06144 0.123538 0.122372
0.201967 -0.133137 0.06144 0.123538 0.122372
0.181655 -0.176425 0.001489 -0.200958 -0.03133
0.181655 -0.176425 0.001489 -0.200958 -0.03133
0.334673 0.066048 0.14883 -0.128499 -0.229659
0.334673 0.066048 0.14883 -0.128499 -0.229659
0.33814 0.123429 0.207947 -0.053738 -0.348907
0.265396 0.034883 0.105707 -0.264533 -0.224709
0.20954 -0.158385 -0.016659 0.106088 0.431613
0.249324 -0.11002 -0.016821 -0.231113 0.099503
0.17876 -0.140442 0.044467 0.01413 0.055934
0.218407 -0.202156 0.04246 0.000277 0.085539
0.218407 -0.202156 0.04246 0.000277 0.085539
0.218407 -0.202156 0.04246 0.000277 0.085539
0.199917 -0.136756 0.015307 -0.268828 -0.068885
0.199917 -0.136756 0.015307 -0.268828 -0.068885
0.199917 -0.136756 0.015307 -0.268828 -0.068885
0.199917 -0.136756 0.015307 -0.268828 -0.068885
0.243359 -0.018687 0.079814 -0.277635 -0.281024
0.243359 -0.018687 0.079814 -0.277635 -0.281024
0.243359 -0.018687 0.079814 -0.277635 -0.281024
0.243359 -0.018687 0.079814 -0.277635 -0.281024
0.243359 -0.018687 0.079814 -0.277635 -0.281024
0.243359 -0.018687 0.079814 -0.277635 -0.281024
0.268377 -0.041131 0.096551 0.073356 -0.011244
0.268377 -0.041131 0.096551 0.073356 -0.011244
0.183672 -0.130515 0.061384 0.068787 0.036178
0.183672 -0.130515 0.061384 0.068787 0.036178
0.183672 -0.130515 0.061384 0.068787 0.036178
0.182864 -0.172627 0.007004 -0.092691 0.121647
0.137069 -0.370021 -0.059853 -0.216201 0.079081
0.161324 -0.32265 -0.041615 -0.361553 -0.055862
0.144048 -0.375798 -0.071167 -0.382097 -0.032743
0.223032 -0.189214 -0.008835 -0.416115 -0.121452
0.164448 -0.197636 -0.078816 -0.427385 -0.073532
0.175618 -0.197018 -0.081175 -0.471698 -0.094773
0.175618 -0.197018 -0.081175 -0.471698 -0.094773
0.231594 -0.194168 -0.002225 -0.293381 -0.149909
0.184106 -0.269113 -0.049376 -0.255114 0.042485
0.182336 -0.300557 -0.070939 -0.361994 0.031781
0.226673 -0.205429 0.027327 -0.172746 -0.09726
0.17311 -0.259797 -0.046618 -0.195897 0.122534
0.17311 -0.259797 -0.046618 -0.195897 0.122534
0.17311 -0.259797 -0.046618 -0.195897 0.122534
0.184465 -0.235512 0.00678 -0.041173 0.147945
0.201747 -0.240134 0.011259 0.005097 0.174295
0.259134 -0.141154 0.059878 -0.141453 -0.139331
0.190354 -0.27914 -0.007577 -0.08143 0.042628
0.190354 -0.27914 -0.007577 -0.08143 0.042628
0.190354 -0.27914 -0.007577 -0.08143 0.042628
0.170452 -0.316565 -0.039636 -0.103928 0.048949
0.10621 -0.244379 -0.080149 -0.486001 -0.079118
0.10621 -0.244379 -0.080149 -0.486001 -0.079118
0.10621 -0.244379 -0.080149 -0.486001 -0.079118
0.165444 -0.102179 0.008389 -0.227976 -0.018258
0.165444 -0.102179 0.008389 -0.227976 -0.018258
0.165444 -0.102179 0.008389 -0.227976 -0.018258
0.220814 -0.10126 -0.025374 -0.380231 0.054656
0.181756 -0.080119 -0.022974 -0.549117 -0.192907
0.181756 -0.080119 -0.022974 -0.549117 -0.192907
0.181756 -0.080119 -0.022974 -0.549117 -0.192907
0.181756 -0.080119 -0.022974 -0.549117 -0.192907
0.181756 -0.080119 -0.022974 -0.549117 -0.192907
0.189634 -0.081143 -0.019885 -0.411652 -0.18113
0.186212 -0.167312 -0.044376 -0.733636 -0.410037
0.186212 -0.167312 -0.044376 -0.733636 -0.410037
0.186212 -0.167312 -0.044376 -0.733636 -0.410037
0.19873 -0.186156 -0.014698 -0.402331 -0.131175
0.180182 -0.118666 0.047385 -0.325944 -0.250588
0.173632 -0.125801 0.047979 -0.187937 -0.065141
0.173632 -0.125801 0.047979 -0.187937 -0.065141
0.173632 -0.125801 0.047979 -0.187937 -0.065141
0.200544 -0.184157 0.031085 -0.142689 -0.037683
0.241414 -0.161616 -0.003898 -0.194727 0.033878
0.215358 -0.219637 0.010314 -0.23561 -0.107853
0.23357 -0.198845 0.021161 -0.111528 0.028089
0.23357 -0.198845 0.021161 -0.111528 0.028089
0.113118 -0.339312 -0.09922 -0.053869 0.336586
0.113118 -0.339312 -0.09922 -0.053869 0.336586
0.097866 -0.314986 -0.045142 0.041525 0.305042
0.070042 -0.323318 -0.103256 -0.17091 0.217105
0.184748 -0.280514 -0.032242 -0.124672 0.113953
0.239422 -0.181518 0.090362 0.114255 0.004729
0.090399 -0.294714 -0.064384 -0.128532 0.130111
0.090399 -0.294714 -0.064384 -0.128532 0.130111
0.045215 -0.219537 -0.055453 0.136851 0.209075
0.087398 -0.207187 -0.010284 -0.031202 -0.051604
0.087398 -0.207187 -0.010284 -0.031202 -0.051604
0.076568 -0.268056 -0.061601 -0.256927 -0.038155
0.041537 -0.389623 -0.071765 -0.266631 -0.10424
0.117629 -0.227527 -0.014818 0.062618 0.168868
0.117629 -0.227527 -0.014818 0.062618 0.168868
0.074462 -0.233074 -0.037773 -0.096394 0.025604
0.046657 -0.271939 -0.050346 -0.103166 0.016501
0.097777 -0.221271 0.015111 -0.010784 0.018736
0.101639 -0.209369 -0.006545 0.023238 0.057041
0.158075 -0.129271 0.011713 0.051787 0.079098
0.158075 -0.129271 0.011713 0.051787 0.079098
0.30865 -0.020867 0.112149 0.016105 -0.027042
0.35263 0.037778 0.18773 0.02999 -0.25659
0.30726 -0.06788 0.149934 0.261469 0.030007
0.216949 -0.139551 0.064839 0.126866 0.140972
0.216949 -0.139551 0.064839 0.126866 0.140972
0.137551 -0.232848 0.028736 0.347033 0.377794
0.137551 -0.232848 0.028736 0.347033 0.377794
0.137551 -0.232848 0.028736 0.347033 0.377794
0.205991 -0.183211 0.061817 0.123361 0.137123
0.303616 0.013282 0.206174 0.191166 -0.20917
0.236843 0.008134 0.12611 0.022864 -0.051401
0.171534 -0.024189 0.029849 -0.260168 -0.12081
0.171534 -0.024189 0.029849 -0.260168 -0.12081
0.171534 -0.024189 0.029849 -0.260168 -0.12081
0.171534 -0.024189 0.029849 -0.260168 -0.12081
0.075156 -0.310873 -0.075256 -0.012374 0.192207
0.162015 -0.201325 0.037622 -0.200934 -0.113213
0.19645 -0.171756 0.017066 -0.26364 -0.092785
0.233943 -0.128814 0.027432 -0.423011 -0.176154
0.203499 -0.197938 0.027298 -0.453342 -0.312337
0.203499 -0.197938 0.027298 -0.453342 -0.312337
0.203499 -0.197938 0.027298 -0.453342 -0.312337
0.203499 -0.197938 0.027298 -0.453342 -0.312337
0.203499 -0.197938 0.027298 -0.453342 -0.312337
0.157368 -0.24123 0.009217 -0.282169 -0.216462
0.157368 -0.24123 0.009217 -0.282169 -0.216462
0.157368 -0.24123 0.009217 -0.282169 -0.216462
0.157368 -0.24123 0.009217 -0.282169 -0.216462
0.141442 -0.168877 0.016234 -0.362039 -0.242194
0.125797 -0.262259 -0.028401 -0.105252 0.133494
0.238178 -0.084241 0.086541 -0.197085 -0.174105
0.238178 -0.084241 0.086541 -0.197085 -0.174105
0.238178 -0.084241 0.086541 -0.197085 -0.174105
0.238178 -0.084241 0.086541 -0.197085 -0.174105
0.238178 -0.084241 0.086541 -0.197085 -0.174105
0.238178 -0.084241 0.086541 -0.197085 -0.174105
0.157929 -0.202024 0.040821 -0.039876 -0.042283
0.185843 -0.175809 -0.033878 -0.089367 0.086681
0.172104 -0.20085 -0.082416 -0.320319 0.112384
0.136703 -0.249105 -0.073002 -0.245298 0.119975
0.203951 -0.106064 0.02053 0.060707 0.132626
0.22875 -0.034092 0.073988 -0.216859 -0.167622
0.25269 0.004397 0.099007 -0.091201 -0.100984
0.202805 -0.076139 0.045481 -0.148899 -0.057404
0.202805 -0.076139 0.045481 -0.148899 -0.057404
0.187738 -0.062471 0.090058 -0.014069 -0.100795
0.19053 -0.048928 -0.014522 0.000891 0.232079
0.19053 -0.048928 -0.014522 0.000891 0.232079
0.19053 -0.048928 -0.014522 0.000891 0.232079
0.203808 -0.076748 0.070152 0.04315 0.041742
0.21922 -0.151271 0.040345 0.010624 0.128299
0.21922 -0.151271 0.040345 0.010624 0.128299
0.21922 -0.151271 0.040345 0.010624 0.128299
0.065981 -0.445953 -0.048704 0.058894 0.076702
0.123443 -0.297609 0.049711 -0.113144 -0.210113
0.196962 -0.215878 0.089446 0.143815 0.026125
0.196962 -0.215878 0.089446 0.143815 0.026125
0.059045 -0.270551 -0.062033 -0.036707 0.015794
0.059045 -0.270551 -0.062033 -0.036707 0.015794
0.011331 -0.336879 -0.056044 -0.178785 -0.157015
0.011331 -0.336879 -0.056044 -0.178785 -0.157015
0.030667 -0.379638 -0.072919 0.069811 0.136576
0.014616 -0.354509 -0.105396 0.014513 0.143714
0.10735 -0.200751 0.007997 0.077755 0.127733
0.10735 -0.200751 0.007997 0.077755 0.127733
0.146585 -0.133115 -0.014666 0.034592 0.323061
0.146585 -0.133115 -0.014666 0.034592 0.323061
0.146308 -0.145615 0.001333 0.073583 0.262204
0.058937 -0.218398 -0.082792 0.026551 0.390242
0.058937 -0.218398 -0.082792 0.026551 0.390242
0.046597 -0.268232 -0.054621 -0.218179 0.081516
0.082672 -0.318813 -0.090932 -0.191094 0.183815
0.15093 -0.269962 -0.062021 -0.296683 0.059754
0.15093 -0.269962 -0.062021 -0.296683 0.059754
0.249474 -0.173628 0.078526 -0.042517 -0.058616
0.273123 -0.067294 0.105881 0.043426 -0.028631
0.268393 0.000331 0.115583 0.023059 0.035407
0.122354 -0.179325 -0.030523 0.108988 0.316936
0.241786 -0.091822 0.115578 0.348399 0.184754
0.168249 -0.101216 0.078179 -0.117467 -0.103136
0.185506 -0.253991 -0.065876 -0.289785 0.160932
0.178882 -0.29147 -0.063517 -0.03946 0.420238
0.178882 -0.29147 -0.063517 -0.03946 0.420238
0.248613 -0.150163 -0.029114 -0.265717 0.267594
0.19128 -0.259471 -0.083618 -0.217227 0.168085
0.154566 -0.19224 -0.034829 0.0653 0.331386
0.154566 -0.19224 -0.034829 0.0653 0.331386
0.154566 -0.19224 -0.034829 0.0653 0.331386
0.154566 -0.19224 -0.034829 0.0653 0.331386
0.124215 -0.224708 -0.01462 0.043579 0.18414
0.124215 -0.224708 -0.01462 0.043579 0.18414
0.124215 -0.224708 -0.01462 0.043579 0.18414
0.098593 -0.231495 -0.012998 -0.029382 0.108782
0.106567 -0.181332 0.009807 0.103033 0.203076
0.171916 -0.127354 0.12573 0.213785 -0.028108
0.159323 -0.186873 0.031203 0.134777 0.103585
0.159323 -0.186873 0.031203 0.134777 0.103585
0.149688 -0.198461 -0.028767 -0.024748 0.154147
0.192839 -0.116622 0.024883 -0.118095 0.004277
0.210325 -0.126058 -0.001849 -0.299545 -0.049654
0.210325 -0.126058 -0.001849 -0.299545 -0.049654
0.210325 -0.126058 -0.001849 -0.299545 -0.049654
0.210325 -0.126058 -0.001849 -0.299545 -0.049654
0.210325 -0.126058 -0.001849 -0.299545 -0.049654
0.258676 -0.077234 0.083464 -0.066544 -0.073727
0.226639 -0.156522 0.038166 -0.152146 -0.116723
0.255705 -0.137597 0.101434 -0.151361 -0.340705
0.155814 -0.194185 -0.033088 -0.272681 -0.011496
0.180283 -0.165205 0.017483 -0.013891 0.13852
0.145453 -0.210265 -0.006913 -0.034499 0.118185
0.130479 -0.242965 -0.010552 0.016916 0.188201
0.130479 -0.242965 -0.010552 0.016916 0.188201
0.169903 -0.218571 -0.008091 -0.090803 0.06949
0.098303 -0.275116 -0.024282 -0.073961 0.094701
0.189185 -0.187232 0.040843 -0.089519 -0.019335
0.054596 -0.393743 -0.093838 -0.148746 0.072213
0.080947 -0.355752 -0.060863 -0.310899 -0.096749
0.080947 -0.355752 -0.060863 -0.310899 -0.096749
0.080947 -0.355752 -0.060863 -0.310899 -0.096749
0.14361 -0.259136 -0.022283 -0.00229 0.11374
0.220568 -0.105401 0.047805 -0.1335 -0.134072
0.220568 -0.105401 0.047805 -0.1335 -0.134072
0.2498 -0.069457 0.063167 0.077078 0.1126
0.310537 -0.108059 0.095958 -0.021329 -0.033631
0.169925 -0.224869 -0.006183 -0.06863 0.026426
0.169925 -0.224869 -0.006183 -0.06863 0.026426
0.169925 -0.224869 -0.006183 -0.06863 0.026426
0.169925 -0.224869 -0.006183 -0.06863 0.026426
0.169925 -0.224869 -0.006183 -0.06863 0.026426
0.141655 -0.196944 -0.005605 -0.187814 -0.094662
0.161647 -0.176162 -0.035789 -0.360812 -0.079929
0.161647 -0.176162 -0.035789 -0.360812 -0.079929
0.161647 -0.176162 -0.035789 -0.360812 -0.079929
0.168253 -0.234191 -0.062997 -0.175281 0.15417
0.168253 -0.234191 -0.062997 -0.175281 0.15417
0.275907 0.005862 0.136826 0.117734 -0.050801
0.181646 -0.203953 -0.038157 -0.288693 0.014468
0.15635 -0.266421 -0.113977 -0.496502 0.016871
0.15635 -0.266421 -0.113977 -0.496502 0.016871
0.132057 -0.313558 -0.098787 -0.335932 0.11082
0.252915 -0.006311 0.03746 -0.491593 -0.295507
0.237116 -0.080724 0.037245 -0.387054 -0.201992
0.237264 -0.11299 -0.023572 -0.658447 -0.255587
0.223427 -0.155643 0.008367 -0.276184 -0.050705
0.223427 -0.155643 0.008367 -0.276184 -0.050705
0.231668 -0.139134 0.040725 -0.1017 0.026669
0.267201 -0.063098 0.06118 -0.072552 -0.033552
0.204465 -0.095443 0.042543 0.028279 0.018462
0.158395 -0.125368 0.02426 -0.322365 -0.172289
0.158395 -0.125368 0.02426 -0.322365 -0.172289
0.190938 -0.092952 0.075582 -0.292064 -0.339283
0.190938 -0.092952 0.075582 -0.292064 -0.339283
0.192171 -0.177106 -0.005521 -0.421929 -0.291485
0.192171 -0.177106 -0.005521 -0.421929 -0.291485
0.192171 -0.177106 -0.005521 -0.421929 -0.291485
0.192171 -0.177106 -0.005521 -0.421929 -0.291485
0.192171 -0.177106 -0.005521 -0.421929 -0.291485
0.131552 -0.243149 -0.020906 0.007586 0.067896
0.131552 -0.243149 -0.020906 0.007586 0.067896
0.225029 -0.149686 0.080261 -0.062896 -0.096483
0.206391 -0.128588 0.062122 -0.045303 -0.028148
0.206391 -0.128588 0.062122 -0.045303 -0.028148
0.238548 -0.122796 0.106144 0.052623 -0.090708
0.238548 -0.122796 0.106144 0.052623 -0.090708
0.238548 -0.122796 0.106144 0.052623 -0.090708
0.273003 -0.17045 0.154458 0.18341 -0.064114
0.309683 -0.03699 0.210535 0.186231 -0.197981
0.309683 -0.03699 0.210535 0.186231 -0.197981
0.309683 -0.03699 0.210535 0.186231 -0.197981
0.309683 -0.03699 0.210535 0.186231 -0.197981
0.374209 0.110279 0.227283 -0.109278 -0.400763
0.374209 0.110279 0.227283 -0.109278 -0.400763
0.36766 0.038284 0.21181 -0.188665 -0.449166
0.267384 0.00692 0.1101 -0.306895 -0.305537
0.267384 0.00692 0.1101 -0.306895 -0.305537
0.24601 -0.036258 0.085331 -0.222161 -0.194366
0.24601 -0.036258 0.085331 -0.222161 -0.194366
0.24601 -0.036258 0.085331 -0.222161 -0.194366
0.192174 -0.154799 0.030936 -0.286395 -0.192159
0.201629 -0.147872 0.030112 -0.37523 -0.279641
0.201629 -0.147872 0.030112 -0.37523 -0.279641
0.13878 -0.170184 0.009811 -0.243785 -0.121399
0.100732 -0.220861 -0.003566 0.030242 0.158402
0.094984 -0.215818 -0.088147 -0.454127 -0.047157
0.094984 -0.215818 -0.088147 -0.454127 -0.047157
0.094984 -0.215818 -0.088147 -0.454127 -0.047157
0.094984 -0.215818 -0.088147 -0.454127 -0.047157
0.094984 -0.215818 -0.088147 -0.454127 -0.047157
0.094984 -0.215818 -0.088147 -0.454127 -0.047157
0.083383 -0.272333 -0.100438 -0.424343 -0.030844
0.045524 -0.323453 -0.112253 -0.223251 0.146532
0.045524 -0.323453 -0.112253 -0.223251 0.146532
0.06323 -0.368102 -0.077577 -0.250528 0.036868
0.10391 -0.360537 -0.041866 -0.021877 0.079
0.10391 -0.360537 -0.041866 -0.021877 0.079
0.13486 -0.420406 -0.072676 -0.116341 0.030374
0.13486 -0.420406 -0.072676 -0.116341 0.030374
0.13486 -0.420406 -0.072676 -0.116341 0.030374
0.198283 -0.338207 0.016223 0.194125 0.121082
0.115372 -0.416427 -0.066351 0.146049 0.263069
0.035118 -0.382544 -0.119015 0.183514 0.46344
0.098898 -0.348832 -0.106856 0.073911 0.446282
0.098898 -0.348832 -0.106856 0.073911 0.446282
0.111244 -0.286433 -0.097689 -0.186564 0.213865
0.177028 -0.1889 -0.015157 -0.106083 0.069421
0.177028 -0.1889 -0.015157 -0.106083 0.069421
0.177028 -0.1889 -0.015157 -0.106083 0.069421
0.221253 -0.12844 0.108503 -0.106733 -0.207793
0.240979 -0.162843 0.056602 -0.187956 -0.088281
0.221084 -0.166011 0.065038 -0.319392 -0.228024
0.217753 -0.156555 0.060651 -0.322225 -0.305506
0.217753 -0.156555 0.060651 -0.322225 -0.305506
0.217753 -0.156555 0.060651 -0.322225 -0.305506
0.217753 -0.156555 0.060651 -0.322225 -0.305506
0.217753 -0.156555 0.060651 -0.322225 -0.305506
0.284862 -0.113787 0.131969 0.112747 -0.073584
0.275238 -0.160621 0.121778 -0.017975 -0.197281
0.271444 -0.042834 0.16374 -0.049873 -0.285168
0.277039 -0.020893 0.169291 -0.001226 -0.290372
0.315365 0.051305 0.181064 0.133561 -0.125076
0.306771 0.034744 0.164717 0.06571 -0.090421
0.306771 0.034744 0.164717 0.06571 -0.090421
0.306771 0.034744 0.164717 0.06571 -0.090421
0.264962 -0.06321 0.092528 0.007812 0.026507
0.273186 -0.047998 0.079998 0.011087 0.047249
0.217663 -0.152927 0.024956 -0.113232 -0.05875
0.217663 -0.152927 0.024956 -0.113232 -0.05875
0.28963 -0.025539 0.139527 0.047702 -0.167489
0.234254 -0.028715 0.143629 0.208305 -0.120566
0.107784 -0.1862 -0.003066 -0.055141 -0.036795
0.206424 -0.058834 0.02081 -0.095493 0.017988
0.080263 -0.251844 -0.01929 0.107376 0.156308
0.023667 -0.305683 -0.049741 0.089817 0.243769
0.202683 -0.248665 0.047874 -0.014263 -0.06903
0.082144 -0.383408 -0.090276 0.00857 0.242794
0.082144 -0.383408 -0.090276 0.00857 0.242794
0.114158 -0.288305 0.027987 0.190099 0.095441
0.114158 -0.288305 0.027987 0.190099 0.095441
0.114158 -0.288305 0.027987 0.190099 0.095441
0.17902 -0.272816 0.024546 0.081943 0.082798
0.220807 -0.201976 0.037423 0.234924 0.247822
0.197103 -0.217483 0.053643 0.156565 0.05895
0.188642 -0.241256 0.01081 0.131337 0.16901
0.101692 -0.351944 -0.023567 -0.100599 0.014202
0.112055 -0.360617 -0.069364 -0.273346 -0.036308
0.201324 -0.205464 -0.059184 -0.261736 -0.029659
0.201324 -0.205464 -0.059184 -0.261736 -0.029659
0.174716 -0.148107 0.061696 -0.23138 -0.302643
0.120711 -0.228359 -0.053506 -0.461171 -0.199399
0.203637 -0.07525 0.047631 -0.404849 -0.256615
0.156999 -0.110989 0.024247 -0.311667 -0.117993
0.190445 -0.062885 0.049165 -0.138213 -0.034237
0.196295 -0.150052 0.000424 -0.241833 -0.031475
0.181599 -0.120673 -0.015978 -0.163698 0.090068
0.148457 -0.143981 -0.008034 -0.060287 0.132191
0.182521 -0.130077 -0.003991 -0.437973 -0.280348
0.182521 -0.130077 -0.003991 -0.437973 -0.280348
0.185587 -0.114527 0.018562 -0.329477 -0.335485
0.275102 -0.086464 0.108629 -0.042175 -0.20882
0.234573 -0.102343 0.080921 -0.100028 -0.210885
0.234573 -0.102343 0.080921 -0.100028 -0.210885
0.144361 -0.255347 0.056159 -0.187647 -0.255364
0.144361 -0.255347 0.056159 -0.187647 -0.255364
0.120534 -0.282695 -0.033419 -0.164834 -0.001077
0.120534 -0.282695 -0.033419 -0.164834 -0.001077
0.16312 -0.321984 -0.054847 -0.104771 0.201261
0.195128 -0.172228 -0.016644 -0.114159 0.110135
0.145714 -0.241151 -0.049664 -0.053479 0.277415
0.096825 -0.264787 -0.037284 -0.203775 -0.06225
0.166828 -0.226575 0.004387 -0.086053 0.062741
0.089763 -0.318069 -0.070985 -0.213948 0.047614
0.184768 -0.147618 0.030003 -0.009402 0.10893
0.184768 -0.147618 0.030003 -0.009402 0.10893
0.184768 -0.147618 0.030003 -0.009402 0.10893
0.15147 -0.215019 -0.072345 -0.164602 0.231645
0.262436 -0.097724 0.013932 -0.418656 -0.141158
0.262436 -0.097724 0.013932 -0.418656 -0.141158
0.262436 -0.097724 0.013932 -0.418656 -0.141158
0.262436 -0.097724 0.013932 -0.418656 -0.141158
0.262436 -0.097724 0.013932 -0.418656 -0.141158
0.259435 -0.077472 0.055187 -0.172185 -0.033853
0.24479 -0.133939 -0.008116 -0.404222 -0.111968
0.24479 -0.133939 -0.008116 -0.404222 -0.111968
0.2332 -0.152864 0.012094 -0.286626 -0.113322
0.234106 -0.161263 0.063283 -0.186274 -0.172834
0.234106 -0.161263 0.063283 -0.186274 -0.172834
0.235364 -0.145294 0.033683 -0.119447 0.010242
0.292777 0.006375 0.155 0.081392 -0.09131
0.292777 0.006375 0.155 0.081392 -0.09131
0.247402 -0.116692 0.121862 0.014989 -0.189498
0.133473 -0.176068 -0.021688 -0.154811 0.026968
0.097498 -0.188627 -0.024039 0.051809 0.255381
0.096701 -0.210226 -0.029682 0.075825 0.258134
0.138809 -0.114993 -0.001995 -0.03977 0.176667
0.107834 -0.255845 -0.064127 -0.139244 0.227396
0.107834 -0.255845 -0.064127 -0.139244 0.227396
0.168033 -0.179581 -0.017546 -0.144788 0.135177
0.168033 -0.179581 -0.017546 -0.144788 0.135177
0.261808 -0.056082 0.071681 -0.326498 -0.18598
0.244899 -0.094042 0.115441 -0.071344 -0.144029
0.175011 -0.171278 0.090777 0.060577 -0.081559
0.26373 -0.107843 0.106981 -0.039206 -0.202173
0.230036 -0.189725 0.049195 0.014463 0.00317
0.280941 -0.069616 0.114481 -0.044701 -0.090357
0.209045 -0.082912 0.075202 0.070806 0.064329
0.209045 -0.082912 0.075202 0.070806 0.064329
0.207616 -0.126517 0.007843 -0.098745 0.111664
0.080585 -0.231441 -0.09192 -0.297835 0.08517
0.080585 -0.231441 -0.09192 -0.297835 0.08517
0.141879 -0.266366 -0.068875 -0.214207 0.089185
0.101032 -0.207306 -0.041365 -0.165117 0.022696
0.075732 -0.214974 -0.017228 -0.26742 -0.109007
-0.009972 -0.402181 -0.13518 -0.042277 0.26155
0.126587 -0.298336 0.006092 0.336794 0.305019
0.1747 -0.235399 0.007675 0.184568 0.25115
0.252354 -0.096702 0.037467 0.097149 0.18371
0.253495 -0.17016 0.069879 0.214152 0.100911
0.281601 -0.132672 0.038864 -0.18974 -0.014074
0.160082 -0.217418 -0.077329 -0.061004 0.237484
0.133401 -0.321944 -0.116076 -0.161022 0.283648
0.194184 -0.219313 -0.047308 -0.239978 0.135074
0.194184 -0.219313 -0.047308 -0.239978 0.135074
0.250174 -0.092679 0.043277 -0.162564 0.022824
0.142173 -0.173627 -0.049162 -0.138284 0.193425
0.146546 -0.173158 -0.044971 -0.295556 0.098987
0.163407 -0.136956 -0.008851 -0.286943 0.047799
0.116528 -0.154871 -0.041507 -0.26026 0.034255
0.032295 -0.402362 -0.114375 -0.30883 0.152644
0.155961 -0.187578 0.045772 -0.114532 -0.049117
0.232988 -0.035389 0.175592 -0.016185 -0.365261
0.232988 -0.035389 0.175592 -0.016185 -0.365261
0.232988 -0.035389 0.175592 -0.016185 -0.365261
0.235465 -0.171924 0.051321 -0.10207 0.040577
0.295357 0.025224 0.14874 0.057081 -0.094201
0.131697 -0.224937 -0.009496 0.189553 0.328642
0.12618 -0.24826 -0.018836 0.074339 0.262604
0.080329 -0.279165 -0.087387 -0.036145 0.299486
0.033251 -0.376584 -0.154825 -0.356104 0.190427
0.033251 -0.376584 -0.154825 -0.356104 0.190427
0.126129 -0.257138 -0.061081 -0.333229 -0.003114
0.028352 -0.283522 -0.078409 -0.07479 0.200552
0.080627 -0.196807 -0.018207 0.042089 0.127619
0.080627 -0.196807 -0.018207 0.042089 0.127619
0.080627 -0.196807 -0.018207 0.042089 0.127619
0.009964 -0.327817 -0.070627 0.374833 0.498555
0.009964 -0.327817 -0.070627 0.374833 0.498555
0.009964 -0.327817 -0.070627 0.374833 0.498555
0.035985 -0.325625 -0.061704 0.304664 0.40212
0.035985 -0.325625 -0.061704 0.304664 0.40212
-0.017956 -0.333126 -0.167361 0.097968 0.469459
-0.017956 -0.333126 -0.167361 0.097968 0.469459
-0.017956 -0.333126 -0.167361 0.097968 0.469459
0.035218 -0.22724 -0.058442 0.105981 0.318211
0.035218 -0.22724 -0.058442 0.105981 0.318211
0.035218 -0.22724 -0.058442 0.105981 0.318211
0.084915 -0.251802 -0.083804 -0.132564 0.261122
0.084915 -0.251802 -0.083804 -0.132564 0.261122
0.233608 -0.043248 8e-06 -0.582022 -0.165273
0.233608 -0.043248 8e-06 -0.582022 -0.165273
0.233608 -0.043248 8e-06 -0.582022 -0.165273
0.233608 -0.043248 8e-06 -0.582022 -0.165273
0.233608 -0.043248 8e-06 -0.582022 -0.165273
0.233608 -0.043248 8e-06 -0.582022 -0.165273
0.192019 -0.14788 -0.004399 -0.249369 0.068815
0.192019 -0.14788 -0.004399 -0.249369 0.068815
0.192242 -0.143693 -0.004839 -0.291014 0.062058
0.223245 -0.194316 -0.05974 -0.435023 0.187851
0.199862 -0.141366 -0.037112 -0.356679 0.172811
0.336383 0.076297 0.217943 0.386234 0.119635
0.312223 0.033718 0.185975 0.248709 0.10173
0.21062 -0.032172 0.111897 0.204056 0.171986
0.21062 -0.032172 0.111897 0.204056 0.171986
0.179715 -0.081126 0.028362 0.22966 0.327186
0.179715 -0.081126 0.028362 0.22966 0.327186
0.207141 -0.047786 0.027317 0.19028 0.350532
0.238796 -0.031996 0.059729 0.223424 0.276042
0.238796 -0.031996 0.059729 0.223424 0.276042
0.272241 -0.001915 0.086325 0.129941 0.138495
0.11558 -0.263407 -0.011643 -0.029183 -0.031019
0.11558 -0.263407 -0.011643 -0.029183 -0.031019
0.148205 -0.135258 0.034481 0.136788 0.087864
0.186735 -0.119895 0.05478 -0.008693 -0.029488
0.186735 -0.119895 0.05478 -0.008693 -0.029488
0.210511 -0.093579 0.066601 -0.050676 -0.059165
0.210511 -0.093579 0.066601 -0.050676 -0.059165
0.23788 -0.130437 0.097712 0.202326 0.110657
0.102568 -0.287411 -0.045211 0.158088 0.347258
0.102568 -0.287411 -0.045211 0.158088 0.347258
0.17125 -0.13491 0.017878 0.076916 0.175175
0.129161 -0.234643 -0.016886 -0.043473 0.04033
0.154217 -0.172468 -0.023434 -0.282461 -0.091611
0.154217 -0.172468 -0.023434 -0.282461 -0.091611
0.151673 -0.222675 -0.019163 -0.333041 -0.214785
0.151673 -0.222675 -0.019163 -0.333041 -0.214785
0.151673 -0.222675 -0.019163 -0.333041 -0.214785
0.151673 -0.222675 -0.019163 -0.333041 -0.214785
0.157348 -0.345634 -0.026288 -0.347215 -0.192395
0.157348 -0.345634 -0.026288 -0.347215 -0.192395
0.211295 -0.254231 0.06894 0.038758 0.014707
0.205677 -0.225414 0.029474 -0.247332 -0.121069
0.172378 -0.178219 -0.005017 -0.209906 -0.096859
0.2113 -0.152959 0.081267 0.120347 -0.030519
0.195597 -0.171393 0.042897 0.151552 0.121179
0.195597 -0.171393 0.042897 0.151552 0.121179
0.195597 -0.171393 0.042897 0.151552 0.121179
0.218866 -0.170073 0.031643 -0.195084 -0.100904
0.129809 -0.258513 -0.033918 -0.108841 0.184895
0.21573 -0.124175 0.023204 -0.084482 0.04014
0.241983 -0.1546 0.068831 0.055295 -0.026923
0.241983 -0.1546 0.068831 0.055295 -0.026923
0.305431 -0.044857 0.116556 -0.313788 -0.39132
0.305431 -0.044857 0.116556 -0.313788 -0.39132
0.333188 -0.028034 0.151891 -0.166951 -0.338213
0.333188 -0.028034 0.151891 -0.166951 -0.338213
0.333188 -0.028034 0.151891 -0.166951 -0.338213
0.287372 -0.101121 0.120691 -0.148803 -0.336544
0.287372 -0.101121 0.120691 -0.148803 -0.336544
0.287372 -0.101121 0.120691 -0.148803 -0.336544
0.287372 -0.101121 0.120691 -0.148803 -0.336544
0.260858 -0.099943 0.139646 0.00468 -0.293409
0.256729 -0.057475 0.145178 0.069858 -0.203732
0.256729 -0.057475 0.145178 0.069858 -0.203732
0.07923 -0.257752 -0.026611 -0.07124 -0.01859
0.07923 -0.257752 -0.026611 -0.07124 -0.01859
0.121422 -0.183893 0.066055 0.137419 -0.054138
0.236996 -0.092538 0.077066 -0.247918 -0.213241
0.236996 -0.092538 0.077066 -0.247918 -0.213241
0.236996 -0.092538 0.077066 -0.247918 -0.213241
0.236996 -0.092538 0.077066 -0.247918 -0.213241
0.122319 -0.224369 -0.048936 -0.123801 0.11567
0.146067 -0.210418 -0.065818 -0.254009 0.045794
0.184499 -0.181508 -0.035401 -0.194768 0.018195
0.184499 -0.181508 -0.035401 -0.194768 0.018195
0.119473 -0.309367 -0.076128 -0.094955 0.232134
0.061991 -0.316566 -0.108977 -0.163175 0.236658
