-1706.212
-720.8124
-720.3784
-720.236
-720.236
-720.4616
-721.3355
-721.4043
-721.4043
-720.946
-720.5422
-719.2581
-719.823
-719.2515
-721.9453
-721.3631
-720.9628
-720.9628
-720.8862
-720.8862
-720.8862
-720.8862
-720.312
-720.312
-720.3288
-721.754
-721.754
-720.4626
-720.4626
-720.4626
-720.4626
-720.3934
-721.4274
-721.4274
-720.4219
-720.8386
-722.3825
-722.3825
-721.5046
-719.5526
-720.0932
-719.7339
-719.7762
-719.7762
-719.7762
-719.7762
-719.7762
-719.3117
-719.8661
-720.1229
-722.8847
-722.8847
-722.1346
-719.7702
-719.361
-719.361
-719.361
-719.361
-719.8314
-719.7579
-719.2515
-720.2206
-720.2206
-720.2206
-720.2206
-720.2206
-720.2206
-719.9786
-719.9786
-719.9786
-719.9786
-719.9786
-720.6267
-720.6267
-720.6267
-719.6332
-719.1203
-719.1203
-719.1203
-719.1203
-719.1203
-719.1203
-719.1203
-719.3492
-720.2209
-720.4118
-720.0492
-719.6088
-719.3673
-719.8778
-720.6481
-719.8053
-721.2698
-721.2698
-719.7962
-719.7962
-720.1313
-720.4571
-720.4571
-719.6824
-720.4681
-720.4681
-720.4681
-719.8034
-719.8034
-720.1732
-720.4408
-720.4432
-720.9926
-720.8459
-721.0001
-720.6041
-720.0737
-719.6615
-721.155
-720.4581
-719.5937
-719.482
-721.9391
-720.0898
-719.3478
-719.6208
-724.3809
-721.9874
-720.4906
-720.4906
-720.4906
-720.5516
-720.5516
-720.5516
-720.5516
-720.3883
-720.8125
-720.8125
-721.0277
-720.281
-720.0908
-721.0357
-719.4864
-720.5735
-720.5735
-720.5735
-720.5735
-720.2051
-719.8758
-720.1744
-719.7273
-720.8541
-720.8541
-720.8541
-720.8541
-719.4774
-719.4844
-719.4844
-719.4844
-719.4844
-719.4844
-719.4844
-720.0147
-720.0147
-720.5756
-722.0713
-721.8152
-722.2714
-722.2714
-721.3896
-721.3896
-721.3896
-720.7825
-719.2356
-720.1141
-719.9251
-720.9102
-719.6785
-721.1998
-721.1998
-721.1998
-721.1998
-721.1998
-721.1998
-721.1998
-720.6123
-720.6123
-720.6123
-720.6123
-720.6123
-720.6123
-719.7066
-719.8923
-719.898
-719.898
-719.898
-720.1996
-720.1996
-720.1996
-720.1996
-719.9222
-720.5994
-720.1197
-720.1976
-720.1976
-720.1976
-720.8628
-720.1082
-720.1082
-721.8452
-721.8452
-723.4254
-723.4254
-723.5408
-721.6518
-721.6518
-721.4155
-720.8782
-722.0805
-720.3902
-720.3902
-719.4551
-720.1008
-720.1008
-719.6882
-719.6882
-719.6882
-720.324
-720.0368
-720.0368
-719.9118
-719.9514
-720.6231
-720.6414
-720.8633
-720.8633
-719.8111
-719.8111
-719.8111
-719.8111
-719.3696
-719.3696
-719.3696
-719.3696
-719.3696
-719.3696
-719.3696
-719.3696
-719.3696
-719.3696
-719.3696
-719.3696
-719.3696
-719.3696
-719.3696
-719.3696
-719.3696
-719.3696
-719.7943
-720.7495
-721.2816
-720.9454
-719.5581
-720.3274
-720.3274
-720.7263
-720.16
-721.1968
-720.5734
-720.7912
-720.7912
-720.5106
-719.8346
-719.0716
-719.0716
-719.0716
-719.3095
-719.3095
-721.5739
-721.0507
-719.9142
-719.9142
-719.9142
-719.9142
-720.3139
-719.726
-720.1046
-720.8662
-721.8756
-721.8756
-721.8756
-721.8756
-719.7788
-720.6788
-720.6788
-721.1578
-722.0183
-722.0183
-720.2075
-720.2075
-719.4428
-720.7879
-719.5331
-722.4134
-722.4134
-722.4134
-722.4134
-722.6666
-721.964
-721.355
-720.9988
-719.3562
-719.3562
-719.1994
-719.627
-719.627
-720.5028
-719.9013
-722.0996
-721.221
-721.1537
-721.1537
-721.1537
-721.0484
-720.2705
-720.2069
-721.7316
-720.3863
-720.11
-720.2375
-721.2562
-720.8159
-719.27
-719.6223
-719.6223
-720.1326
-719.9256
-719.9256
-720.3198
-721.6698
-721.8023
-720.7848
-721.0009
-721.7749
-720.4067
-720.2083
-720.2083
-720.2083
-720.7802
-720.4008
-719.9958
-720.5096
-720.5096
-719.4713
-719.4713
-720.4728
-720.4728
-720.9196
-720.9635
-719.8234
-720.4036
-719.5653
-719.44
-719.44
-719.3254
-719.3254
-719.3754
-719.3754
-719.659
-721.8369
-721.2397
-720.473
-720.473
-719.7067
-719.9871
-719.8523
-719.8523
-719.8523
-720.6781
-719.2435
-721.8193
-720.9478
-720.9478
-720.5883
-720.8271
-720.7961
-721.0033
-719.9897
-719.5835
-720.7445
-721.6445
-720.144
-722.7639
-722.7639
-722.9368
-722.9368
-720.9149
-721.228
-719.6159
-719.8252
-720.2357
-720.2357
-719.3336
-719.9818
-720.6028
-720.6028
-720.9682
-722.931
-722.9723
-722.9723
-722.9723
-721.9777
-721.9777
-719.7705
-719.4876
-719.4876
-719.4876
-719.7416
-720.3961
-720.3961
-719.7186
-721.0792
-720.208
-720.5922
-720.5922
-721.9729
-722.3239
-722.3239
-722.5903
-719.5203
-719.5203
-719.5203
-719.5203
-721.2341
-722.6422
-722.6422
-722.6422
-723.2655
-723.862
-723.862
-723.236
-723.891
-720.7484
-719.5939
-719.3223
-719.3223
-720.94
-721.405
-720.6601
-720.6601
-719.8264
-719.6352
-720.4782
-720.4195
-720.328
-719.8836
-719.8836
-722.3948
-720.4352
-720.1568
-722.2351
-720.3181
-720.3181
-720.3181
-720.3181
-720.0703
-720.0703
-719.1722
-719.1722
-719.1722
-719.1722
-719.1722
-719.1722
-719.1722
-719.1722
-719.9231
-721.4702
-720.0872
-720.3843
-720.3242
-719.1836
-719.1836
-719.1681
-719.1681
-719.1681
-720.0412
-720.7106
-720.5518
-720.5518
-720.5518
-720.5518
-721.3577
-720.4476
-721.3074
-720.1598
-720.6196
-720.6196
-719.5955
-719.5955
-719.2999
-719.2999
-719.249
-719.249
-719.249
-719.249
-719.249
-719.249
-720.1303
-719.8336
-719.95
-721.7568
-719.9562
-719.7218
-719.7218
-720.8362
-720.7226
-719.4882
-719.4882
-719.4266
-719.4987
-719.4987
-719.6769
-719.8653
-719.5788
-719.5788
-719.4482
-720.1606
-719.6653
-719.6311
-720.7652
-720.6527
-719.8395
-719.8395
-719.6005
-719.6005
-720.4346
-720.0471
-723.2176
-723.2176
-723.2176
-720.8072
-720.8072
-720.8072
-720.8072
-720.8072
-720.8072
-720.8072
-720.8072
-720.3092
-721.0643
-721.0643
-719.8145
-719.8658
-719.6782
-719.6782
-720.7031
-720.6895
-720.6895
-719.2635
-719.6328
-719.3302
-720.6548
-719.5015
-719.5015
-719.5015
-719.8042
-720.0299
-720.913
-720.8399
-720.6298
-719.8597
-719.8597
-719.8597
-720.1834
-720.2905
-720.4876
-720.4876
-720.4876
-721.1952
-721.5611
-720.5813
-721.2277
-719.822
-720.6848
-722.5571
-719.9366
-719.9366
-719.9366
-721.031
-721.031
-721.3459
-721.3459
-721.3459
-721.3459
-720.9548
-720.9548
-720.7293
-720.7293
-721.0531
-720.1197
-720.1142
-719.8409
-719.5399
-722.9276
-721.8031
-721.3931
-721.3931
-721.3931
-721.3931
-721.1074
-719.6352
-719.6352
-719.7828
-719.7828
-719.7828
-720.2115
-719.5293
-721.9634
-719.2181
-719.2181
-719.2181
-719.2181
-719.2181
-719.2181
-719.4646
-720.2566
-720.3878
-720.3878
-719.9051
-720.1974
-720.7599
-720.1766
-719.3565
-720.732
-720.288
-720.288
-720.288
-720.5802
-721.0972
-720.6888
-720.5027
-720.5027
-720.5027
-720.8964
-720.4009
-720.4009
-720.4009
-719.7716
-721.6945
-721.8925
-720.0803
-720.3764
-721.6037
-723.4618
-723.4618
-723.4618
-724.4947
-724.4739
-724.4739
-724.2061
-724.2061
-721.0453
-719.7546
-719.6215
-720.6867
-721.8198
-722.8533
-721.3064
-722.2264
-722.2264
-722.2264
-722.2264
-722.2264
-722.2264
-721.8521
-720.4893
-720.4893
-720.4893
-720.4893
-720.4893
-720.4893
-720.4893
-721.3259
-721.3259
-721.3259
-721.3259
-720.5653
-721.3302
-721.5552
-722.0646
-721.4337
-722.3548
-719.818
-719.818
-719.818
-721.6359
-721.6359
-723.1417
-723.1417
-721.4518
-721.8123
-722.555
-721.7233
-721.7233
-721.7233
-722.2678
-722.2678
-721.7412
-722.0838
-721.9019
-721.9019
-720.9907
-721.2403
-721.2403
-721.2403
-721.2585
-720.6513
-719.6656
-719.6656
-719.6656
-719.6656
-719.7364
-719.7364
-719.1504
-721.1371
-721.6157
-721.6528
-721.3274
-720.87
-720.87
-721.5183
-721.5183
-721.5183
-721.6256
-721.0928
-721.0928
-721.1094
-721.1094
-721.1094
-721.1094
-723.8228
-721.2043
-721.5506
-721.5506
-721.5506
-721.3587
-721.4599
-722.3329
-722.5281
-722.5281
-722.5281
-720.9935
-721.0432
-719.6378
-719.6335
-719.6335
-719.2055
-719.5751
-719.5751
-719.3861
-719.4717
-719.4717
-719.4717
-719.4717
-720.0663
-719.5286
-719.5286
-719.5286
-720.2257
-720.4093
-721.0255
-722.4578
-722.4578
-722.4578
-722.2498
-722.2498
-724.3769
-721.2255
-720.4895
-720.4895
-720.7837
-721.3479
-719.3113
-719.3113
-719.8145
-719.8145
-719.8145
-719.8145
-719.8145
-719.8145
-720.1763
-720.0565
-719.8164
-719.8164
-719.7822
-719.7822
-719.291
-719.291
-720.7007
-721.2844
-721.0107
-721.0107
-720.4099
-720.4099
-720.4099
-719.5343
-721.0511
-719.5635
-719.5635
-719.5635
-719.5635
-719.6356
-719.6356
-719.6356
-719.6356
-719.6356
-720.2734
-720.2734
-720.2734
-719.7934
-719.7934
-722.0768
-721.4195
-721.4195
-721.4195
-721.4195
-720.5422
-720.5422
-719.7076
-720.1678
-720.0163
-720.6172
-720.1958
-720.2574
-719.9083
-719.8584
-720.7605
-720.7605
-720.4429
-720.3605
-719.1705
-719.314
-719.314
-719.314
-721.1534
-721.1534
-719.7224
-719.7224
-720.5219
-720.1357
-721.8584
-720.1225
-720.2697
-721.1165
-719.9992
-719.9992
-721.068
-721.068
-720.4246
-723.9828
-721.297
-719.9327
-719.9327
-720.4031
-720.8303
-720.2776
-719.9782
-719.9782
-719.9782
-721.5939
-720.75
-720.75
-720.4808
-719.6914
-720.477
-719.67
-720.6783
-719.4361
-719.6127
-719.4283
-720.3972
-721.28
-720.8727
-722.3299
-722.3299
-722.3299
-723.1507
-720.5784
-720.6631
-720.2272
-719.5674
-720.6175
-720.6175
-720.6175
-723.1945
-720.8366
-720.7617
-720.7617
-720.9363
-720.6192
-720.6192
-721.1245
-721.1245
-719.9321
-721.1728
-721.1728
-721.1728
-721.7654
-720.8652
-721.0996
-720.2436
-720.2436
-721.8403
-721.8403
-721.4839
-719.8143
-720.3549
-722.2302
-722.782
-721.4708
-719.6929
-719.4298
-719.4298
-719.2128
-720.4523
-720.4523
-720.4523
-720.4523
-720.6939
-720.6939
-720.6939
-719.7012
-720.4098
-719.5592
-719.5592
-719.5592
-719.5592
-719.5592
-719.5592
-719.5592
-719.5592
-719.5592
-719.5592
-719.5592
-719.1296
-719.1296
-719.1296
-719.5954
-720.371
-721.8357
-720.1557
-721.0226
-720.4872
-720.4872
-720.4872
-721.6194
-721.0424
-722.0533
-722.0533
-720.1596
-720.4705
-720.4705
-719.6283
-719.5506
-719.5378
-720.8982
-720.8982
-720.8982
-721.6378
-722.3627
-721.4389
-720.8031
-719.9159
-719.9159
-720.6259
-720.6259
-720.6259
-721.2374
-720.5982
-719.8788
-720.1961
-719.3515
-719.859
-722.2947
-722.8044
-723.3595
-722.8785
-722.8785
-722.0603
-722.0603
-722.0603
-722.2025
-722.2025
-722.8023
-721.028
-720.9098
-720.9098
-721.388
-720.9595
-719.7451
-719.7451
-719.7451
-720.6765
-721.3437
-721.3437
-721.3437
-719.911
-719.6125
-719.6125
-719.8589
-719.8942
-719.8942
-720.3204
-721.2613
-721.2245
-722.0747
-720.2203
-720.2203
-720.2203
-720.0226
-720.7893
-721.3591
-721.4127
-721.4127
-723.3574
-721.7993
-723.3458
-722.6017
-721.7876
-721.7876
-720.9925
-721.0691
-720.8041
-720.8041
-720.8041
-720.2794
-720.1225
-720.1225
-720.1225
-720.1225
-721.0064
-721.0064
-721.0064
-721.2158
-721.0562
-721.7775
-723.7479
-723.2326
-723.2326
-723.2682
-721.843
-721.843
-721.0138
-719.9712
-719.9712
-719.7291
-719.7291
-719.7976
-719.5926
-719.5702
-719.5702
-719.1489
-719.4277
-719.4277
-719.797
-719.8842
-719.2807
-720.2552
-720.0353
-720.0353
-720.0353
-724.5156
-725.8007
-725.4343
-726.2998
-726.2998
-726.2998
-726.2998
-726.2998
-726.2998
-725.7678
-725.2141
-723.9424
-721.7643
-721.7643
-721.6035
-720.1665
-720.1665
-719.5695
-720.6104
-721.6466
-720.6159
-719.7208
-719.3224
-719.5124
-719.5124
-719.5124
-719.8859
-719.8859
-719.6565
-719.6565
-719.6565
-719.5996
-719.5996
-719.4854
-720.1918
-720.1918
-719.7592
-719.3058
-719.3058
-719.3058
-719.6909
-719.4349
-719.8944
-719.8944
-719.8944
-720.9782
-719.949
-720.5135
-720.5135
-719.7913
-721.4323
-722.3189
-721.9756
-720.6755
-720.6755
-720.653
-720.7695
-720.7695
-720.7695
-719.6658
-719.6658
-719.6658
-719.7748
-719.5022
-719.5022
-720.7414
-719.169
-719.169
-719.3549
-722.2065
-720.6187
-720.6187
-720.1592
-721.6711
-722.5152
-720.4643
-720.5709
-720.5709
-721.148
-721.148
-720.1424
-720.1424
-720.4511
-719.4685
-719.4569
-719.4569
-719.2529
-719.183
-719.3101
-719.3101
-719.3101
-719.3101
-719.4821
-720.0871
-719.4469
-719.4469
-719.4469
-719.4469
-721.0481
-721.0493
-721.5338
-721.5338
-721.5338
-721.5338
-721.5338
-721.5338
-721.5338
-720.3111
-721.2684
-721.2684
-722.5803
-721.9288
-720.0825
-720.0825
-720.0825
-720.0825
-720.0825
-719.6237
-719.6142
-719.6243
-719.6243
-719.6243
-719.6243
-722.3558
-722.3558
-721.9298
-720.3291
-720.3291
-720.3291
-719.2524
-720.0515
-720.0515
-721.2227
-719.4913
-720.4106
-720.4106
-719.7337
-719.7011
-720.1296
-720.1296
-721.1518
-719.6841
-719.981
-720.4397
-720.3026
-720.3026
-720.3026
-720.3026
-723.6501
-723.6501
-722.598
-722.598
-722.5289
-721.2809
-722.0451
-721.7343
-719.9689
-721.2785
-721.496
-721.496
-720.1453
-719.5353
-719.563
-719.3382
-719.3382
-719.3382
-719.3514
-719.3514
-719.386
-719.7707
-719.5369
-721.1298
-721.1298
-721.1298
-721.1298
-720.6522
-720.81
-720.81
-720.882
-719.8509
-720.0257
-720.3392
-719.42
-721.0892
-720.1945
