-1597.681
-719.9612
-720.8244
-721.9835
-721.5775
-722.2569
-722.0612
-721.3249
-721.3249
-721.347
-721.347
-719.9286
-719.381
-719.381
-720.9275
-721.6501
-722.1802
-722.1802
-721.5082
-721.5082
-721.8484
-721.8484
-720.5912
-721.2392
-721.1867
-720.1779
-720.6694
-720.6694
-720.6694
-720.6694
-720.6694
-719.9999
-719.9999
-719.9999
-719.9999
-719.7941
-719.8682
-719.8682
-719.904
-720.6504
-720.6504
-722.0637
-722.0637
-720.9582
-721.4787
-721.3675
-722.9761
-721.2801
-719.7807
-719.9019
-720.6855
-721.0041
-721.9169
-719.4059
-721.4136
-720.8983
-721.782
-720.0022
-720.0064
-720.0379
-720.0379
-720.0379
-720.4461
-720.4461
-720.4461
-720.4461
-720.4461
-720.4461
-720.4461
-720.4461
-720.4461
-720.4461
-720.4461
-720.4461
-720.4461
-720.2645
-720.2645
-720.9077
-721.2183
-720.476
-719.6248
-719.4606
-720.5706
-720.5706
-719.1601
-719.1601
-720.0423
-720.0701
-719.3231
-720.1335
-720.1335
-721.0656
-719.83
-719.1971
-720.1278
-719.5516
-720.6813
-720.6813
-720.6813
-722.6592
-722.6592
-721.565
-723.1131
-725.407
-725.407
-720.9189
-722.473
-722.4441
-722.3003
-722.3003
-722.0451
-722.16
-721.7003
-719.8503
-720.0209
-720.0209
-720.5042
-721.7323
-720.569
-722.5736
-722.2798
-719.936
-719.936
-719.936
-719.936
-719.936
-719.936
-719.936
-719.936
-719.5903
-720.8087
-720.8087
-720.8087
-720.8087
-721.809
-722.1558
-722.7158
-723.1439
-720.5756
-719.8926
-720.0792
-720.0792
-720.0921
-720.0921
-720.0921
-720.0921
-719.807
-719.807
-721.011
-720.7274
-719.119
-719.5552
-719.6247
-721.7624
-722.276
-722.7959
-720.5516
-720.661
-721.802
-721.9735
-721.9735
-722.2915
-722.2915
-722.2915
-722.2915
-720.4986
-720.4708
-720.4708
-720.4708
-720.9913
-720.9913
-721.0879
-720.3052
-721.5053
-720.1196
-720.1196
-720.1196
-720.1196
-719.7033
-720.4747
-719.5458
-719.5458
-719.5458
-719.4765
-720.1192
-721.1061
-720.3215
-719.7551
-719.9977
-720.1407
-720.3136
-720.3136
-719.7687
-719.7687
-725.0947
-725.0947
-725.1312
-725.1312
-725.1312
-723.1632
-721.9874
-720.6976
-719.7248
-719.7248
-719.7248
-719.7248
-720.1498
-721.1259
-721.1259
-721.1259
-722.595
-722.595
-722.595
-720.4655
-720.4655
-719.9994
-719.8638
-719.8638
-720.1861
-720.1861
-720.1811
-719.3925
-720.8174
-720.9156
-720.3735
-720.3907
-720.7081
-720.7081
-720.7081
-721.0137
-720.4184
-719.6658
-720.0833
-719.6862
-720.2362
-719.8454
-720.1942
-719.6305
-719.6305
-719.4055
-720.5689
-719.7425
-720.4312
-721.3171
-719.7933
-720.0385
-720.0614
-720.0614
-720.0614
-720.0614
-720.0614
-719.4025
-719.4025
-721.0226
-721.0226
-720.2774
-719.7407
-719.7407
-719.7407
-719.7407
-719.7407
-719.7407
-719.7407
-719.9046
-719.9046
-719.9292
-721.1475
-720.6908
-720.3209
-720.3209
-719.6869
-719.8657
-719.8397
-719.8533
-720.4795
-719.4254
-719.5544
-719.8383
-719.9044
-721.7607
-719.5412
-719.5412
-719.5412
-719.6491
-719.913
-719.4745
-719.3172
-719.8058
-719.9796
-719.9796
-719.9796
-722.2938
-721.8376
-721.8376
-721.8376
-721.1165
-721.1165
-720.0346
-719.0709
-721.911
-722.1528
-721.6402
-721.5314
-721.3646
-721.3646
-721.3646
-719.8139
-719.771
-721.2428
-721.2428
-721.2428
-721.2428
-721.6765
-721.6765
-721.8861
-721.8861
-721.8861
-721.3506
-721.103
-721.103
-721.103
-721.103
-721.103
-721.103
-721.1848
-721.0898
-721.0898
-721.0898
-721.0898
-721.0898
-721.0898
-719.8079
-719.8633
-719.8633
-719.8633
-720.6275
-719.4349
-720.4983
-720.4983
-720.4983
-720.9392
-720.8064
-720.3367
-720.3367
-721.5074
-721.3828
-720.6754
-719.8701
-719.7123
-719.5984
-719.4903
-720.8562
-720.8562
-721.365
-721.365
-721.365
-721.365
-721.365
-721.591
-721.591
-720.8416
-720.0616
-721.5825
-720.9688
-720.456
-720.1673
-720.1673
-719.9956
-720.0959
-722.4766
-722.9887
-722.9887
-722.1253
-722.1253
-720.7267
-720.7489
-719.6725
-719.5229
-719.5229
-719.5229
-719.5211
-719.7031
-719.7031
-719.7031
-720.9593
-720.4124
-720.2491
-720.5594
-720.5594
-720.5399
-720.7407
-720.4906
-720.4906
-720.0463
-720.0463
-720.7192
-720.6494
-721.0325
-720.6096
-723.3652
-720.6209
-719.7159
-719.7159
-720.2565
-719.7752
-719.7752
-719.7752
-719.7752
-719.7752
-719.7752
-722.8479
-720.3757
-720.3757
-720.5237
-720.2916
-720.2916
-720.2916
-720.2916
-720.2916
-719.5275
-721.2088
-721.2088
-719.906
-719.906
-719.906
-720.5734
-720.5734
-720.9987
-720.9987
-720.9458
-720.9458
-720.9458
-720.5493
-719.3886
-720.3155
-719.6257
-719.6257
-721.286
-721.286
-721.286
-721.286
-721.286
-720.4009
-721.0193
-723.3914
-723.3914
-721.3417
-720.9026
-720.9026
-721.1517
-721.1517
-721.8462
-721.8462
-721.4753
-721.4753
-720.8924
-721.5479
-721.6847
-721.6847
-722.2436
-720.8602
-720.8602
-720.8602
-720.9501
-720.9501
-720.9501
-720.9501
-719.8103
-719.8656
-720.2502
-720.2502
-720.1487
-720.1487
-720.677
-720.677
-721.936
-720.7424
-722.951
-722.951
-722.951
-722.951
-721.7241
-719.8177
-720.1133
-720.1133
-720.0761
-722.294
-721.1896
-720.6486
-720.6486
-720.2271
-720.0788
-720.8158
-720.0013
-720.0013
-720.0013
-720.8763
-721.3715
-720.0654
-720.6631
-720.6631
-720.5574
-720.5574
-720.5574
-719.448
-720.8634
-721.3083
-721.3083
-720.6194
-722.1644
-722.1644
-722.1473
-722.4952
-720.8158
-720.8158
-721.1521
-721.2764
-721.534
-720.4768
-720.6058
-720.2037
-720.3578
-720.2209
-720.2209
-721.9563
-720.0037
-720.5912
-720.416
-720.416
-720.652
-720.6655
-719.619
-719.619
-719.619
-719.619
-720.5548
-722.2786
-722.2786
-721.2285
-720.8623
-720.8623
-720.8371
-720.2553
-720.9759
-720.9759
-720.9759
-720.3336
-719.8062
-719.9191
-720.0757
-720.0757
-720.5093
-725.189
-723.3007
-724.7667
-722.1588
-719.6633
-719.6633
-719.8635
-719.8635
-719.8635
-720.2754
-720.8367
-720.8367
-720.7072
-720.7072
-719.3937
-719.7063
-720.6794
-720.2662
-720.2662
-720.6929
-720.9075
-720.5067
-721.114
-720.5495
-720.4832
-723.6142
-719.8797
-719.8797
-719.8797
-719.7239
-719.8137
-722.3849
-720.8459
-721.1096
-721.1096
-721.0699
-721.468
-722.3879
-722.3879
-720.5098
-720.0228
-719.306
-719.306
-719.514
-720.6572
-720.178
-720.2855
-719.8995
-719.5784
-719.4095
-719.4095
-719.4095
-719.4095
-719.3791
-720.0906
-721.6838
-721.6838
-721.1806
-721.1806
-721.1806
-720.1068
-719.4389
-720.3804
-720.3804
-720.3804
-719.5624
-719.5624
-720.1358
-720.1358
-720.5786
-721.9631
-721.9631
-720.5102
-720.5102
-719.6352
-720.3149
-720.3149
-720.2858
-719.5201
-721.9844
-720.4668
-720.1704
-720.1704
-720.1704
-719.7195
-721.2666
-722.8397
-722.1199
-721.6826
-721.2933
-723.2345
-720.037
-720.3186
-720.3186
-721.7246
-719.4904
-719.4904
-721.7962
-722.3601
-720.1996
-720.1996
-719.3023
-719.847
-719.847
-721.88
-721.88
-720.6987
-720.1302
-720.2011
-720.7496
-720.0007
-719.6767
-720.1036
-719.191
-719.191
-719.8669
-719.8669
-720.7599
-720.5918
-720.5918
-719.4111
-719.789
-720.1126
-721.0992
-721.0992
-721.0992
-721.0992
-721.0992
-721.0992
-721.0992
-720.3691
-719.4282
-719.5386
-719.7134
-720.0113
-720.4036
-720.5726
-721.2041
-721.2041
-721.2041
-721.0727
-721.1803
-722.4285
-721.09
-721.09
-720.9301
-720.9301
-720.9301
-719.7822
-720.0173
-719.5604
-719.5868
-720.7848
-720.3954
-719.9299
-719.9299
-719.9477
-719.9477
-719.9477
-721.2352
-720.9229
-720.2788
-719.9246
-719.8117
-720.5485
-720.5485
-720.3212
-720.3212
-721.321
-720.3791
-720.3791
-720.3791
-720.3791
-721.3416
-720.463
-720.463
-721.4033
-721.4033
-722.0023
-722.0023
-722.0023
-721.4315
-721.4315
-721.4315
-721.3933
-721.2005
-720.0895
-720.9207
-719.5443
-719.5443
-719.5443
-719.5443
-720.0905
-720.0905
-721.2387
-720.4551
-721.1351
-719.9314
-720.5381
-721.449
-721.449
-720.1253
-720.1253
-720.1253
-720.1253
-719.8733
-719.5964
-720.5979
-719.8244
-720.0663
-720.1885
-720.9083
-720.2573
-720.7422
-720.7422
-721.249
-719.6977
-719.6977
-719.6977
-719.6977
-719.856
-722.2946
-721.7185
-721.0185
-719.788
-720.5238
-722.8727
-722.8727
-721.5497
-721.5497
-721.5497
-721.1594
-721.1686
-721.5532
-722.2658
-724.0536
-724.0631
-723.2997
-721.9054
-723.8675
-720.5189
-720.5189
-720.5189
-719.4298
-719.4877
-719.4669
-719.4669
-719.3174
-719.3174
-719.4282
-719.5313
-719.2399
-719.2399
-719.2399
-719.2399
-719.5629
-719.5629
-719.5629
-720.8203
-721.3268
-720.4421
-719.7316
-720.8254
-721.4398
-719.9334
-719.9334
-719.7898
-719.7898
-719.7898
-719.8794
-720.3481
-720.3481
-721.6651
-720.51
-719.9668
-719.6318
-719.9075
-719.9075
-719.9075
-720.1299
-721.2582
-720.591
-720.8331
-720.4694
-720.4694
-720.1595
-719.5998
-719.5998
-719.803
-720.1143
-720.1143
-720.1143
-720.9191
-721.2465
-721.6195
-720.1622
-721.3646
-721.3418
-720.8833
-720.0268
-720.1582
-720.7981
-720.5213
-720.2049
-721.1403
-720.6705
-720.6705
-719.97
-721.1986
-720.9156
-720.7362
-720.7362
-720.7362
-720.7362
-720.114
-720.114
-720.365
-720.365
-720.8336
-721.6705
-720.8335
-719.8917
-719.7326
-719.7412
-719.7412
-720.1813
-722.1443
-722.1443
-720.7261
-720.7261
-720.7261
-720.7261
-720.7261
-721.4613
-722.4784
-721.1246
-720.794
-722.5095
-721.4959
-720.5776
-720.5776
-721.2337
-720.8583
-720.8583
-720.4556
-720.4556
-720.4556
-720.2892
-720.8199
-722.3664
-724.6934
-723.1302
-720.862
-720.862
-720.862
-720.862
-720.3772
-720.3772
-720.335
-720.7429
-720.7429
-721.4123
-719.5402
-719.7473
-719.7473
-719.3103
-721.4022
-720.4144
-719.4688
-719.4688
-719.4688
-719.4688
-719.6801
-720.5088
-720.5088
-719.6542
-720.2721
-719.3883
-719.6209
-719.6209
-719.7162
-719.9041
-719.3987
-723.5768
-723.5768
-721.2836
-721.3656
-720.9001
-720.9001
-720.9001
-720.2878
-719.611
-720.8581
-721.0937
-721.0937
-720.416
-720.416
-723.009
-721.1615
-721.1615
-721.3728
-721.3728
-720.8703
-720.8703
-724.2283
-721.3054
-720.3345
-720.3345
-720.3345
-720.4332
-720.2261
-719.885
-719.885
-719.885
-720.4655
-719.8776
-719.8776
-719.8776
-719.8776
-719.8776
-719.8776
-719.8776
-719.8776
-719.8776
-719.8776
-719.5478
-721.3516
-721.3516
-721.5208
-720.4079
-719.6662
-720.0355
-720.0355
-721.8011
-720.759
-720.759
-720.759
-722.6831
-722.6831
-722.6831
-722.6831
-722.6582
-722.6582
-721.2729
-721.2729
-721.6977
-719.6635
-720.6573
-721.5962
-720.8784
-720.0575
-724.9829
-724.9829
-723.806
-723.806
-723.806
-722.9993
-720.5292
-720.4645
-720.4645
-720.4645
-720.4645
-720.4645
-720.4645
-719.6753
-720.6074
-720.6074
-719.7693
-719.7693
-721.2061
-721.2061
-721.3766
-719.3028
-720.0339
-720.4926
-721.3241
-721.3241
-720.1642
-723.2983
-720.7274
-723.4259
-723.4259
-722.4197
-720.3995
-725.2899
-725.7129
-726.5782
-726.5782
-723.3701
-719.9466
-719.9466
-720.4932
-719.7171
-719.7171
-721.0092
-722.8199
-722.4714
-722.0469
-722.0469
-722.0469
-722.0469
-724.1034
-721.882
-720.0539
-720.8797
-720.7056
-719.6674
-720.2228
-720.2228
-720.2228
-721.5639
-721.5569
-719.8702
-720.2651
-719.7009
-719.6281
-719.6281
-720.0588
-720.0588
-719.6885
-719.5109
-719.5109
-719.5109
-719.5109
-719.9289
-721.0601
-721.0601
-720.2572
-722.0616
-722.0616
-720.461
-720.162
-720.6024
-720.6382
-720.6382
-719.945
-720.0331
-719.3396
-719.6384
-719.6384
-719.2487
-719.2487
-719.8165
-719.8165
-720.2958
-720.5193
-721.1027
-721.877
-722.0807
-722.0496
-722.0496
-722.0496
-720.046
-719.9791
-719.7517
-719.7517
-719.4046
-719.537
-719.3367
-719.7987
-720.7884
-720.7884
-720.7884
-720.7479
-724.2639
-721.3373
-721.3373
-720.957
-721.0966
-720.5332
-720.5332
-720.5332
-725.1924
-724.6701
-724.6701
-724.6701
-722.5055
-722.5055
-719.8071
-719.8071
-720.5959
-720.9257
-720.2901
-720.2901
-719.8577
-720.1058
-720.1058
-720.1058
-720.1058
-719.4
-719.5771
-720.9363
-719.5894
-719.5894
-720.6119
-720.6119
-720.6119
-719.3953
-719.3953
-719.3953
-719.3953
-719.3953
-719.3953
-720.1058
-720.1058
-721.9637
-721.1697
-721.6389
-721.7647
-723.1908
-723.1908
-723.1908
-723.8101
-722.6709
-720.7827
-721.5892
-720.5778
-721.0881
-720.4429
-720.4429
-720.4653
-720.4653
-719.8931
-721.0233
-721.0233
-719.9052
-719.7219
-722.2664
-722.0787
-722.0787
-720.3449
-721.2826
-721.2826
-721.2826
-721.484
-720.0111
-720.2812
-720.1696
-720.1696
-720.3209
-720.1861
-720.8344
-721.1596
-721.1596
-721.1596
-721.1596
-721.1596
-721.3123
-721.6163
-720.4845
-720.0144
-720.0144
-719.7402
-719.7402
-719.5434
-719.8714
-719.7022
-719.5948
-720.0364
-720.0364
-721.1824
-721.1824
-721.1824
-721.1824
-724.2393
-721.7656
-721.2007
-719.5839
-721.6298
-720.3229
-719.4656
-719.4656
-719.4656
-720.2915
-720.2174
-720.5351
-719.8974
-720.3407
-720.3407
-720.4004
-720.4004
-720.5438
-720.7169
-719.7112
-719.7907
-720.3169
-720.3598
-720.3598
-720.3629
-720.3629
-720.3629
-720.3629
-719.5974
-719.9827
-719.9827
-720.4751
-723.1025
-720.9615
-720.0641
-720.0641
