0.519633 0.073255 0.030585 0.271774 0.365158
0.140223 -0.302026 -0.072246 -0.299016 0.050468
0.140223 -0.302026 -0.072246 -0.299016 0.050468
0.162322 -0.245679 -0.063303 -0.574366 -0.233522
0.162322 -0.245679 -0.063303 -0.574366 -0.233522
0.206296 -0.200692 -0.020882 -0.68578 -0.371941
0.206296 -0.200692 -0.020882 -0.68578 -0.371941
0.206296 -0.200692 -0.020882 -0.68578 -0.371941
0.206296 -0.200692 -0.020882 -0.68578 -0.371941
0.206296 -0.200692 -0.020882 -0.68578 -0.371941
0.14992 -0.202614 -0.023144 -0.427862 -0.115243
0.14992 -0.202614 -0.023144 -0.427862 -0.115243
0.14992 -0.202614 -0.023144 -0.427862 -0.115243
0.14992 -0.202614 -0.023144 -0.427862 -0.115243
0.191999 -0.127342 0.02954 -0.381428 -0.217519
0.191999 -0.127342 0.02954 -0.381428 -0.217519
0.142624 -0.11885 0.050442 0.057104 -0.007994
0.156628 -0.123044 -0.001551 -0.302891 -0.131758
0.180045 -0.177154 -0.0149 -0.3694 -0.11093
0.180045 -0.177154 -0.0149 -0.3694 -0.11093
0.180045 -0.177154 -0.0149 -0.3694 -0.11093
0.180045 -0.177154 -0.0149 -0.3694 -0.11093
0.180045 -0.177154 -0.0149 -0.3694 -0.11093
0.180045 -0.177154 -0.0149 -0.3694 -0.11093
0.180045 -0.177154 -0.0149 -0.3694 -0.11093
0.065391 -0.377024 -0.096687 -0.065098 0.227544
0.065391 -0.377024 -0.096687 -0.065098 0.227544
0.047283 -0.388529 -0.086969 -0.035024 0.217621
0.037124 -0.337844 -0.058681 0.28346 0.449685
0.027693 -0.412373 -0.115535 -0.064008 0.246234
0.027693 -0.412373 -0.115535 -0.064008 0.246234
0.043561 -0.399743 -0.07716 -0.024269 0.23427
0.043561 -0.399743 -0.07716 -0.024269 0.23427
0.043561 -0.399743 -0.07716 -0.024269 0.23427
0.043561 -0.399743 -0.07716 -0.024269 0.23427
0.107888 -0.266968 -0.048035 -0.052922 0.261617
0.107888 -0.266968 -0.048035 -0.052922 0.261617
0.107888 -0.266968 -0.048035 -0.052922 0.261617
0.107888 -0.266968 -0.048035 -0.052922 0.261617
0.107888 -0.266968 -0.048035 -0.052922 0.261617
0.3545 0.05248 0.181975 -0.201689 -0.261709
0.3545 0.05248 0.181975 -0.201689 -0.261709
0.169918 -0.016637 0.060529 -0.250928 -0.088336
0.103396 -0.08181 -0.019728 -0.296866 -0.000689
0.103396 -0.08181 -0.019728 -0.296866 -0.000689
0.057855 -0.251969 -0.111736 -0.45912 0.106362
0.043025 -0.385677 -0.155491 -0.245368 0.27912
0.081276 -0.279106 -0.120521 -0.228833 0.324595
0.15947 -0.213476 -0.064749 -0.282375 0.15781
0.15947 -0.213476 -0.064749 -0.282375 0.15781
0.190257 -0.203195 -0.086992 -0.48314 0.039566
0.190257 -0.203195 -0.086992 -0.48314 0.039566
0.255401 -0.201692 -0.016313 -0.411447 -0.188318
0.255401 -0.201692 -0.016313 -0.411447 -0.188318
0.304181 -0.034626 0.067376 -0.311495 -0.340348
0.304181 -0.034626 0.067376 -0.311495 -0.340348
0.304181 -0.034626 0.067376 -0.311495 -0.340348
0.223415 -0.199847 0.050574 -0.088703 -0.140486
0.281571 -0.094157 0.043849 -0.170472 -0.040369
0.164891 -0.115819 -0.04399 -0.209839 0.076891
0.157969 -0.114346 -0.034965 -0.304203 -0.037283
0.157969 -0.114346 -0.034965 -0.304203 -0.037283
0.103481 -0.164606 -0.062274 -0.205336 0.108542
0.103481 -0.164606 -0.062274 -0.205336 0.108542
0.154913 -0.093276 0.013481 -0.24134 -0.051513
0.127528 -0.178812 -0.027274 -0.190745 0.116813
0.127528 -0.178812 -0.027274 -0.190745 0.116813
0.146892 -0.28522 -0.063714 -0.171859 0.162897
0.242767 -0.147036 0.092383 0.242747 0.181695
0.18714 -0.231012 0.023865 0.362739 0.477927
0.18714 -0.231012 0.023865 0.362739 0.477927
0.12002 -0.259769 -0.019442 0.035132 0.213297
0.032367 -0.318492 -0.097093 -0.141887 0.179739
0.032367 -0.318492 -0.097093 -0.141887 0.179739
0.032367 -0.318492 -0.097093 -0.141887 0.179739
0.032367 -0.318492 -0.097093 -0.141887 0.179739
0.032367 -0.318492 -0.097093 -0.141887 0.179739
0.032367 -0.318492 -0.097093 -0.141887 0.179739
0.100645 -0.244129 -0.072194 -0.323881 0.027054
0.100645 -0.244129 -0.072194 -0.323881 0.027054
0.094069 -0.227091 -0.055561 -0.245438 0.079519
0.140779 -0.236118 -0.04505 -0.337384 0.101479
0.318319 0.045356 0.133843 -0.198854 -0.153383
0.158692 -0.187563 -0.079545 -0.511662 -0.045009
0.158692 -0.187563 -0.079545 -0.511662 -0.045009
0.158692 -0.187563 -0.079545 -0.511662 -0.045009
0.100296 -0.246436 -0.093251 -0.350835 0.04874
0.100296 -0.246436 -0.093251 -0.350835 0.04874
0.100296 -0.246436 -0.093251 -0.350835 0.04874
0.079253 -0.307345 -0.069273 -0.055709 0.208573
0.067573 -0.342102 -0.117541 -0.204717 0.185841
0.177524 -0.271066 -0.034323 -0.109459 0.170437
0.216277 -0.178402 0.049932 -0.127276 0.054195
0.216277 -0.178402 0.049932 -0.127276 0.054195
0.177788 -0.262482 0.055985 0.246644 0.205266
0.177788 -0.262482 0.055985 0.246644 0.205266
0.056412 -0.366283 -0.123133 -0.197876 0.125696
0.126054 -0.236585 0.011665 0.293151 0.308592
0.126054 -0.236585 0.011665 0.293151 0.308592
0.126054 -0.236585 0.011665 0.293151 0.308592
0.126054 -0.236585 0.011665 0.293151 0.308592
0.11608 -0.180496 -0.001168 0.062648 0.185435
0.127088 -0.173333 -0.013909 -0.137583 0.141318
0.161791 -0.124015 0.032487 -0.001006 0.036799
0.161791 -0.124015 0.032487 -0.001006 0.036799
0.105132 -0.230791 -0.000711 0.105791 0.237521
0.105132 -0.230791 -0.000711 0.105791 0.237521
0.105132 -0.230791 -0.000711 0.105791 0.237521
0.052597 -0.270672 -0.032061 0.037343 0.272478
0.091276 -0.300813 -0.024812 -0.022403 0.061311
0.073338 -0.338243 -0.046892 -0.125991 -0.033963
0.073338 -0.338243 -0.046892 -0.125991 -0.033963
0.286999 0.010759 0.180647 -0.09345 -0.438442
0.286999 0.010759 0.180647 -0.09345 -0.438442
0.286999 0.010759 0.180647 -0.09345 -0.438442
0.286999 0.010759 0.180647 -0.09345 -0.438442
0.274116 -0.010349 0.18352 0.225178 -0.117989
0.235658 -0.098719 0.123308 0.140407 -0.104557
0.235658 -0.098719 0.123308 0.140407 -0.104557
0.235658 -0.098719 0.123308 0.140407 -0.104557
0.220361 -0.131195 0.122416 0.168916 -0.016335
0.281522 -0.076679 0.120702 -0.004424 -0.126212
0.243308 -0.145451 0.035242 -0.049829 0.007587
0.270715 -0.096063 0.059993 -0.028298 0.109408
0.222149 -0.175054 0.003131 0.000598 0.270049
0.162131 -0.227468 -0.040356 -0.119879 0.227451
0.05235 -0.329511 -0.129127 -0.153798 0.408236
0.05235 -0.329511 -0.129127 -0.153798 0.408236
0.089039 -0.356092 -0.068929 0.230891 0.552515
0.115948 -0.24244 -0.071267 -0.252297 0.085187
0.115948 -0.24244 -0.071267 -0.252297 0.085187
0.115948 -0.24244 -0.071267 -0.252297 0.085187
0.115948 -0.24244 -0.071267 -0.252297 0.085187
0.115948 -0.24244 -0.071267 -0.252297 0.085187
0.115948 -0.24244 -0.071267 -0.252297 0.085187
0.023755 -0.407386 -0.083526 0.04077 0.283744
0.100693 -0.309877 -0.091261 0.072327 0.416347
0.128572 -0.203311 -0.059086 -0.112009 0.138353
0.192726 -0.183047 0.002952 -0.273476 -0.152399
0.192726 -0.183047 0.002952 -0.273476 -0.152399
0.192726 -0.183047 0.002952 -0.273476 -0.152399
0.192726 -0.183047 0.002952 -0.273476 -0.152399
0.192726 -0.183047 0.002952 -0.273476 -0.152399
0.192726 -0.183047 0.002952 -0.273476 -0.152399
0.209567 -0.105705 0.074166 -0.130688 -0.153063
0.209567 -0.105705 0.074166 -0.130688 -0.153063
0.100515 -0.208268 -0.00055 0.014403 -0.006259
0.100515 -0.208268 -0.00055 0.014403 -0.006259
0.264827 -0.16261 0.112435 0.112553 -0.161715
0.259043 -0.127205 0.120205 0.162405 -0.104295
0.174075 -0.050335 0.07675 -0.027445 -0.164608
0.144868 -0.082198 0.017855 0.008474 0.032325
0.180622 -0.078779 -0.018474 -0.479981 -0.240155
0.198672 -0.205153 -0.011687 -0.101972 0.056879
0.134606 -0.230619 -0.047455 -0.028893 0.16543
0.09513 -0.292696 -0.082627 -0.197825 0.073522
0.171852 -0.135265 0.030991 -0.250404 -0.238282
0.188916 -0.123498 0.02836 -0.223434 -0.112802
0.188916 -0.123498 0.02836 -0.223434 -0.112802
0.12032 -0.205401 -0.046695 -0.201032 0.019309
0.136118 -0.204215 -0.042393 -0.144503 0.030021
0.145307 -0.134521 -0.027397 -0.114513 0.024679
0.200151 -0.157221 0.051783 -0.08653 -0.199074
0.153914 -0.281565 0.026214 0.049936 0.00487
0.205809 -0.202967 0.009103 -0.375359 -0.259223
0.205809 -0.202967 0.009103 -0.375359 -0.259223
0.205809 -0.202967 0.009103 -0.375359 -0.259223
0.171683 -0.224318 -0.042036 -0.066871 0.216109
0.194626 -0.210674 -0.03846 -0.29399 0.089272
0.155688 -0.266886 0.010234 0.175558 0.263175
0.155688 -0.266886 0.010234 0.175558 0.263175
0.138833 -0.240755 0.019641 -0.003824 -0.008586
0.210014 -0.115791 0.06943 0.092399 0.011971
0.173144 -0.24846 -0.050448 -0.252035 0.081705
0.219214 -0.158075 0.055057 -0.140926 -0.140631
0.136015 -0.269863 -0.033895 -0.219851 0.05693
0.136015 -0.269863 -0.033895 -0.219851 0.05693
0.136015 -0.269863 -0.033895 -0.219851 0.05693
0.211105 -0.114761 0.062804 0.002744 0.006606
0.240566 -0.139667 0.087252 -0.116194 -0.119898
0.152798 -0.289027 0.005442 -0.226051 -0.037188
0.172536 -0.195868 0.014849 -0.185686 -0.037372
0.005984 -0.389647 -0.094192 -0.132206 -0.000395
0.031798 -0.424535 -0.145774 -0.182627 0.176081
0.179155 -0.129427 0.009808 0.196701 0.218153
0.179155 -0.129427 0.009808 0.196701 0.218153
0.245237 -0.079153 0.056578 0.074776 0.055094
0.283581 -0.096092 0.072295 -0.066271 -0.029926
0.204141 -0.186934 0.028061 -0.222874 -0.229223
0.17326 -0.215458 0.017115 -0.026896 0.014289
0.317913 -0.022264 0.130604 -0.045346 -0.134217
0.27953 -0.019591 0.176915 0.257117 -0.009361
0.263701 -0.086301 0.124928 0.187669 -0.004603
0.263701 -0.086301 0.124928 0.187669 -0.004603
0.263701 -0.086301 0.124928 0.187669 -0.004603
0.132069 -0.209579 -0.035885 -0.123099 0.108008
0.142896 -0.176469 -0.005349 -0.166491 -0.047861
0.055362 -0.294481 -0.048759 -0.086933 0.023922
0.167995 -0.092216 -0.007242 -0.370386 -0.0508
0.061587 -0.260983 -0.037673 0.185304 0.255522
0.146681 -0.247 0.038854 0.012665 0.024799
0.18361 -0.232446 0.023841 -0.163978 -0.070539
0.18361 -0.232446 0.023841 -0.163978 -0.070539
0.206079 -0.162352 0.022391 -0.537315 -0.398383
0.188737 -0.130397 0.029958 -0.306877 -0.260917
0.144812 -0.200668 -0.02401 -0.303386 -0.250808
0.144812 -0.200668 -0.02401 -0.303386 -0.250808
0.144812 -0.200668 -0.02401 -0.303386 -0.250808
0.144812 -0.200668 -0.02401 -0.303386 -0.250808
0.144812 -0.200668 -0.02401 -0.303386 -0.250808
0.144812 -0.200668 -0.02401 -0.303386 -0.250808
0.128235 -0.166088 -0.005305 -0.217863 -0.106524
0.081588 -0.294442 -0.042775 -0.150252 -0.004606
0.018566 -0.398752 -0.098105 0.113163 0.353437
0.228256 -0.1872 0.036425 0.082515 0.225602
0.184314 -0.221722 -0.011337 -0.208117 0.081979
0.094547 -0.293845 -0.090065 -0.264985 0.178851
0.165011 -0.174659 -0.008814 -0.186153 0.011186
0.055213 -0.251071 -0.079834 -0.122132 0.133069
0.022839 -0.349022 -0.111914 -0.085882 0.227496
0.045375 -0.370084 -0.080569 -0.14274 0.062903
0.096599 -0.297256 -0.063774 0.077634 0.325526
0.1275 -0.331628 -0.059311 0.004846 0.264027
0.155222 -0.276883 -0.07748 -0.198523 0.189942
0.155222 -0.276883 -0.07748 -0.198523 0.189942
0.16824 -0.296708 -0.077698 -0.29062 0.087762
0.29436 -0.08543 0.061973 -0.186192 -0.030146
0.188662 -0.148653 0.008708 -0.348159 -0.233676
0.188662 -0.148653 0.008708 -0.348159 -0.233676
0.228882 -0.153529 0.048199 -0.121691 -0.118108
0.186559 -0.217415 -0.021236 -0.1544 0.154446
0.159698 -0.235634 -0.009037 0.117335 0.29482
0.187271 -0.084922 0.057964 0.248223 0.319397
0.249402 -0.057015 0.087979 0.195318 0.204374
0.241599 -0.105827 0.1244 -0.039079 -0.194758
0.235641 -0.003836 0.127657 0.109665 -0.073778
0.1278 -0.17202 0.017174 0.059094 0.04482
0.1278 -0.17202 0.017174 0.059094 0.04482
0.1278 -0.17202 0.017174 0.059094 0.04482
0.099792 -0.259718 -0.051889 0.036845 0.296374
0.119328 -0.138712 -0.060028 0.019159 0.374592
0.119328 -0.138712 -0.060028 0.019159 0.374592
0.119328 -0.138712 -0.060028 0.019159 0.374592
0.056946 -0.185886 -0.057227 0.047841 0.353209
0.056946 -0.185886 -0.057227 0.047841 0.353209
0.237123 -0.050065 0.032832 -0.34918 -0.132573
0.237123 -0.050065 0.032832 -0.34918 -0.132573
0.237123 -0.050065 0.032832 -0.34918 -0.132573
0.241579 -0.05134 0.123518 -0.115959 -0.191972
0.211081 -0.195524 0.040177 -0.235806 -0.056329
0.19969 -0.142839 0.041716 -0.251009 -0.080028
0.285411 -0.052155 0.125925 0.003841 0.044489
0.255562 -0.000292 0.151879 0.329334 0.172491
0.255562 -0.000292 0.151879 0.329334 0.172491
0.159719 -0.205798 0.023971 0.071403 0.198099
0.159719 -0.205798 0.023971 0.071403 0.198099
0.214222 -0.055642 0.097719 -0.085324 -0.186696
0.214222 -0.055642 0.097719 -0.085324 -0.186696
0.214222 -0.055642 0.097719 -0.085324 -0.186696
0.19063 -0.135815 0.072653 -0.051444 -0.135755
0.12595 -0.264471 -0.001186 -0.202691 -0.154044
0.12595 -0.264471 -0.001186 -0.202691 -0.154044
0.12595 -0.264471 -0.001186 -0.202691 -0.154044
0.146071 -0.208802 0.037942 -0.090259 -0.123562
0.207984 -0.191944 0.048766 -0.079754 -0.051902
0.232871 -0.125722 0.081076 -0.273697 -0.261595
0.232871 -0.125722 0.081076 -0.273697 -0.261595
0.194023 -0.19012 0.034046 -0.125164 -0.074899
0.194023 -0.19012 0.034046 -0.125164 -0.074899
0.207598 -0.287173 -0.020671 -0.215724 0.027099
0.135209 -0.306498 0.005377 0.228233 0.233838
0.172776 -0.251933 0.02816 0.227215 0.181255
0.077696 -0.337824 -0.054648 -0.028796 0.128963
0.160555 -0.271971 -0.064634 -0.391544 -0.010256
0.160555 -0.271971 -0.064634 -0.391544 -0.010256
0.210734 -0.216628 -0.046051 -0.37139 -0.054969
0.210734 -0.216628 -0.046051 -0.37139 -0.054969
0.210734 -0.216628 -0.046051 -0.37139 -0.054969
0.176598 -0.185467 0.002312 -0.108772 0.007075
0.176598 -0.185467 0.002312 -0.108772 0.007075
0.176598 -0.185467 0.002312 -0.108772 0.007075
0.176598 -0.185467 0.002312 -0.108772 0.007075
0.081473 -0.273644 -0.057473 -0.026293 0.14917
0.12937 -0.219551 -0.024186 0.232093 0.324104
0.12937 -0.219551 -0.024186 0.232093 0.324104
0.12937 -0.219551 -0.024186 0.232093 0.324104
0.215687 -0.212562 -0.024202 -0.236723 -0.070393
0.250563 -0.032698 0.065545 -0.104142 -0.067437
0.085102 -0.313325 -0.101802 -0.214102 0.190115
0.197112 -0.158436 0.073695 0.26033 0.222826
0.197112 -0.158436 0.073695 0.26033 0.222826
0.194272 -0.203826 0.039955 0.225602 0.240474
0.194272 -0.203826 0.039955 0.225602 0.240474
0.23509 -0.068605 0.074324 0.068418 0.078863
0.174929 -0.224316 -0.031894 0.074928 0.269439
0.222899 -0.105819 0.061556 0.040002 0.061962
0.189158 -0.071721 0.023248 -0.189468 -0.037071
0.189158 -0.071721 0.023248 -0.189468 -0.037071
0.189158 -0.071721 0.023248 -0.189468 -0.037071
0.117713 -0.172872 0.012308 -0.181391 -0.185449
0.220885 -0.076604 0.138538 0.160105 -0.002328
0.270892 -0.064715 0.085488 -0.213512 -0.128681
0.270892 -0.064715 0.085488 -0.213512 -0.128681
0.188123 -0.193085 0.020324 -0.144625 -0.008497
0.088579 -0.353945 -0.141274 -0.323726 0.283989
0.117949 -0.235202 -0.103749 -0.560798 -0.071486
0.117949 -0.235202 -0.103749 -0.560798 -0.071486
0.117949 -0.235202 -0.103749 -0.560798 -0.071486
0.034579 -0.343353 -0.082583 -0.163077 0.089087
0.033998 -0.354397 -0.112932 -0.227161 0.172605
0.091718 -0.343944 -0.041799 -0.023354 0.111077
0.085601 -0.275552 -0.038138 -0.304529 0.007257
0.1556 -0.200481 0.047876 -0.231975 -0.242417
0.1556 -0.200481 0.047876 -0.231975 -0.242417
0.1144 -0.240844 0.003938 -0.115993 -0.017366
0.146929 -0.224814 0.03276 -0.239832 -0.208569
0.129357 -0.211448 -0.049425 -0.228853 0.078356
0.12017 -0.191231 0.018027 0.07565 0.170883
0.051971 -0.278516 -0.064597 -0.093024 0.119586
0.151982 -0.242912 0.032042 -0.098655 0.020006
0.166855 -0.178718 0.089329 0.228419 0.173521
0.199339 -0.181582 0.099902 0.217311 0.189211
0.210259 -0.148112 0.017856 -0.261145 -0.001131
0.131896 -0.32921 -0.052061 -0.138684 0.072428
0.237792 -0.186178 0.039504 -0.2227 -0.122434
0.135741 -0.334072 -0.103513 -0.341204 0.11807
0.125773 -0.218886 -0.020617 0.157647 0.388636
0.11193 -0.311589 -0.035325 0.155316 0.384493
0.248419 -0.076218 0.135864 -0.005104 -0.274675
0.205436 0.008786 0.072496 0.1556 0.102735
0.26013 0.047708 0.077109 0.002662 0.042437
0.215951 -0.109312 -0.020846 0.009797 0.226889
0.233473 -0.082589 0.043214 0.174302 0.150543
0.217685 -0.114343 0.026677 -0.184101 -0.00401
0.205658 -0.179984 -0.003792 -0.123678 0.164914
0.168652 -0.206377 0.000535 -0.079513 0.05866
0.168652 -0.206377 0.000535 -0.079513 0.05866
0.152708 -0.228333 -0.031293 -0.204688 0.029844
0.197021 -0.191309 -0.007888 -0.287066 -0.048515
0.197021 -0.191309 -0.007888 -0.287066 -0.048515
0.148796 -0.296471 0.004394 -0.088056 -0.092388
0.193398 -0.244293 -0.043965 -0.380948 -0.135688
0.24042 -0.152908 0.037526 -0.239851 -0.187365
0.24042 -0.152908 0.037526 -0.239851 -0.187365
0.24042 -0.152908 0.037526 -0.239851 -0.187365
0.19014 -0.231802 0.050714 -0.125432 -0.157047
0.183143 -0.24355 0.014793 -0.223862 -0.149577
0.183143 -0.24355 0.014793 -0.223862 -0.149577
0.183143 -0.24355 0.014793 -0.223862 -0.149577
0.233379 -0.128508 0.015245 -0.37486 -0.17069
0.233379 -0.128508 0.015245 -0.37486 -0.17069
0.276446 -0.086213 0.084447 -0.060829 -0.066057
0.276446 -0.086213 0.084447 -0.060829 -0.066057
0.19162 -0.137168 0.052844 0.125828 0.259726
0.19162 -0.137168 0.052844 0.125828 0.259726
0.162691 -0.176764 0.017591 0.001276 0.160831
0.220176 -0.174125 0.029681 -0.035545 0.074441
0.220176 -0.174125 0.029681 -0.035545 0.074441
0.239365 -0.081949 0.087136 0.101777 0.112552
0.239365 -0.081949 0.087136 0.101777 0.112552
0.239365 -0.081949 0.087136 0.101777 0.112552
0.239365 -0.081949 0.087136 0.101777 0.112552
0.221577 -0.102013 0.078981 0.132116 0.14755
0.221577 -0.102013 0.078981 0.132116 0.14755
0.227724 -0.050339 0.08637 -0.250025 -0.26825
0.227724 -0.050339 0.08637 -0.250025 -0.26825
0.227724 -0.050339 0.08637 -0.250025 -0.26825
0.227724 -0.050339 0.08637 -0.250025 -0.26825
0.302942 -0.023923 0.12543 -0.102987 -0.183363
0.270243 -0.089768 0.062522 -0.1599 -0.105217
0.270243 -0.089768 0.062522 -0.1599 -0.105217
0.281544 -0.037956 0.095724 -0.112259 -0.245707
0.225874 -0.129903 0.021625 -0.270432 -0.106026
0.225874 -0.129903 0.021625 -0.270432 -0.106026
0.225874 -0.129903 0.021625 -0.270432 -0.106026
0.253345 -0.108327 0.017406 -0.444171 -0.136973
0.269393 -0.087486 0.037095 -0.217359 -0.076216
0.269393 -0.087486 0.037095 -0.217359 -0.076216
0.269393 -0.087486 0.037095 -0.217359 -0.076216
0.114281 -0.234682 -0.068292 -0.338787 -0.02098
0.114281 -0.234682 -0.068292 -0.338787 -0.02098
0.114281 -0.234682 -0.068292 -0.338787 -0.02098
0.124028 -0.174086 -0.05747 -0.202419 0.096475
0.18582 -0.088273 0.006203 -0.191947 0.014404
0.214607 -0.123175 0.027105 -0.03934 0.075478
0.214607 -0.123175 0.027105 -0.03934 0.075478
0.267479 -0.085257 0.106266 -0.146009 -0.252629
0.285766 -0.120444 0.08479 -0.131414 -0.179824
0.18093 -0.259791 -0.009599 -0.149367 0.076744
0.230094 -0.18511 0.063885 0.070571 0.006341
0.093731 -0.227122 -0.076649 0.076829 0.349844
0.093731 -0.227122 -0.076649 0.076829 0.349844
0.093731 -0.227122 -0.076649 0.076829 0.349844
0.087206 -0.228021 -0.108329 -0.113218 0.302189
0.151493 -0.208943 -0.066717 -0.124285 0.187279
0.151493 -0.208943 -0.066717 -0.124285 0.187279
0.151493 -0.208943 -0.066717 -0.124285 0.187279
0.190376 -0.24569 0.004239 0.104532 0.157739
0.190376 -0.24569 0.004239 0.104532 0.157739
0.32077 -0.067363 0.094947 -0.114822 -0.12146
0.197204 -0.183145 0.001929 -0.199228 0.014147
0.197204 -0.183145 0.001929 -0.199228 0.014147
0.197204 -0.183145 0.001929 -0.199228 0.014147
0.275691 -0.176949 0.082416 0.111962 0.174299
0.250022 -0.048871 0.080213 -0.263564 -0.121891
0.161314 -0.267758 -0.023346 -0.131249 0.162849
0.161314 -0.267758 -0.023346 -0.131249 0.162849
0.211684 -0.189563 0.019111 -0.263487 -0.004195
0.293083 -0.064645 0.128677 -0.017777 -0.072865
0.190268 -0.141515 0.033126 -0.268683 -0.083902
0.190268 -0.141515 0.033126 -0.268683 -0.083902
0.190268 -0.141515 0.033126 -0.268683 -0.083902
0.148709 -0.190346 -0.025382 -0.344805 -0.074981
0.148194 -0.234719 -0.045925 -0.373124 0.047349
0.169072 -0.181022 0.005611 -0.275024 -0.087939
0.221399 -0.06008 0.052818 -0.165115 -0.038162
0.071807 -0.307663 -0.172658 -0.543131 0.172898
0.225067 -0.171472 0.038443 -0.07932 0.012506
0.104372 -0.365722 -0.102578 -0.289565 0.036722
0.163035 -0.317282 -0.062473 -0.187833 0.049269
0.123005 -0.383134 -0.088008 -0.060856 0.244798
0.144759 -0.242869 -0.05292 -0.272984 -0.006263
0.234059 -0.024182 0.071792 -0.009658 0.044105
0.316069 0.0208 0.099848 -0.337281 -0.214873
0.311893 0.039723 0.179456 0.075649 -0.144293
0.311893 0.039723 0.179456 0.075649 -0.144293
0.069399 -0.295642 -0.017979 -0.005308 0.033282
0.147992 -0.17725 0.065679 -0.056275 -0.099317
0.194077 -0.106154 0.09136 -0.078071 -0.0994
0.194077 -0.106154 0.09136 -0.078071 -0.0994
0.194077 -0.106154 0.09136 -0.078071 -0.0994
0.194077 -0.106154 0.09136 -0.078071 -0.0994
0.108661 -0.215008 -0.038153 -0.073952 0.260336
0.135799 -0.111784 -0.023968 -0.122382 0.087454
0.143922 -0.15143 0.070309 -0.008742 -0.055353
0.143922 -0.15143 0.070309 -0.008742 -0.055353
0.118098 -0.114822 0.03111 -0.210807 -0.11387
0.132058 -0.16071 0.017035 0.001321 0.00219
0.191319 -0.084896 0.085044 0.03815 -0.086075
0.207917 -0.128363 0.07358 0.210344 0.128365
0.147174 -0.295554 0.032944 0.369825 0.251033
0.147174 -0.295554 0.032944 0.369825 0.251033
0.147174 -0.295554 0.032944 0.369825 0.251033
0.147174 -0.295554 0.032944 0.369825 0.251033
0.147174 -0.295554 0.032944 0.369825 0.251033
0.147174 -0.295554 0.032944 0.369825 0.251033
0.100736 -0.324564 0.01224 0.19723 0.124954
0.098678 -0.326564 -0.02795 0.008998 0.019664
0.178473 -0.208933 0.022605 -0.12367 -0.00806
0.178473 -0.208933 0.022605 -0.12367 -0.00806
0.178473 -0.208933 0.022605 -0.12367 -0.00806
0.294663 -0.10788 0.074276 -0.359303 -0.345009
0.277641 -0.113825 0.102305 -0.116109 -0.163071
0.146368 -0.229567 -0.026251 -0.161023 0.138346
0.167874 -0.222778 -0.018244 -0.242471 0.001602
0.213176 -0.09519 0.024438 -0.249815 -0.078389
0.213176 -0.09519 0.024438 -0.249815 -0.078389
0.213176 -0.09519 0.024438 -0.249815 -0.078389
0.213176 -0.09519 0.024438 -0.249815 -0.078389
0.25281 -0.045388 0.063358 -0.434487 -0.343542
0.291426 -0.016068 0.081291 -0.358582 -0.3464
0.298819 -0.067686 0.054517 -0.065237 -0.02401
0.298819 -0.067686 0.054517 -0.065237 -0.02401
0.301878 -0.044311 0.158456 -0.00329 -0.271366
0.301878 -0.044311 0.158456 -0.00329 -0.271366
0.324993 0.026555 0.174076 -0.039052 -0.291373
0.263909 -0.142635 0.057042 -0.171531 -0.24188
0.272602 -0.108515 0.134285 0.023986 -0.223629
0.23439 -0.176538 0.106513 0.182837 -0.054712
0.172324 -0.229843 0.041087 0.158658 0.098189
0.124882 -0.209459 0.016509 -0.020134 -0.01978
0.178565 -0.215065 -0.02213 -0.323633 -0.031857
0.140836 -0.183201 0.012726 -0.074352 0.026917
0.198844 -0.18072 0.01116 0.021968 0.159567
0.198844 -0.18072 0.01116 0.021968 0.159567
0.135419 -0.199155 0.02846 0.058945 0.099597
0.080565 -0.305367 -0.044478 -0.118825 0.080073
0.020147 -0.33397 -0.077168 -0.142287 0.116106
0.154651 -0.182191 0.062401 0.122127 -0.065209
0.135912 -0.175377 0.043172 -0.027746 -0.155567
0.135912 -0.175377 0.043172 -0.027746 -0.155567
0.20066 -0.13264 0.144993 -0.001342 -0.237615
0.20066 -0.13264 0.144993 -0.001342 -0.237615
0.087027 -0.17477 0.002491 -0.230283 -0.237928
0.18878 -0.117421 0.058364 -0.26784 -0.254739
0.18878 -0.117421 0.058364 -0.26784 -0.254739
0.18878 -0.117421 0.058364 -0.26784 -0.254739
0.285 -0.016728 0.105399 -0.29705 -0.261809
0.285 -0.016728 0.105399 -0.29705 -0.261809
0.285 -0.016728 0.105399 -0.29705 -0.261809
0.235218 -0.064653 0.047616 -0.302786 -0.161243
0.266929 -0.057966 0.094821 -0.080915 -0.145849
0.266929 -0.057966 0.094821 -0.080915 -0.145849
0.28638 -0.061179 0.09089 -0.22209 -0.284965
0.157009 -0.070567 -0.052792 -0.521973 -0.092117
0.204087 -0.097415 -0.030245 -0.386148 0.017121
0.21468 -0.043064 0.052605 -0.207567 -0.073254
0.18424 -0.042471 0.1015 0.059886 0.012682
0.21325 0.046262 0.121423 -0.007386 -0.081711
0.21325 0.046262 0.121423 -0.007386 -0.081711
0.126102 -0.052836 0.106915 0.276799 0.175381
0.200462 -0.037781 0.07395 0.206469 0.247183
0.200462 -0.037781 0.07395 0.206469 0.247183
0.200462 -0.037781 0.07395 0.206469 0.247183
0.176009 -0.118267 0.043978 0.285438 0.291709
0.176009 -0.118267 0.043978 0.285438 0.291709
0.176009 -0.118267 0.043978 0.285438 0.291709
0.260831 -0.05127 0.100127 -0.003279 -0.033729
0.289221 0.022484 0.189691 -0.040554 -0.378004
0.040983 -0.296966 -0.103932 -0.254368 0.094012
0.040983 -0.296966 -0.103932 -0.254368 0.094012
-0.041902 -0.462127 -0.142202 -0.110589 0.163991
0.243456 -0.076282 0.05323 -0.330204 -0.371068
0.243456 -0.076282 0.05323 -0.330204 -0.371068
0.243456 -0.076282 0.05323 -0.330204 -0.371068
0.243456 -0.076282 0.05323 -0.330204 -0.371068
0.269123 -0.038658 0.104125 -0.085108 -0.208867
0.192789 -0.205228 0.032147 -0.020049 -0.043625
0.143782 -0.247032 -0.014524 -0.134719 -0.056687
0.143782 -0.247032 -0.014524 -0.134719 -0.056687
0.114015 -0.226614 0.002641 0.027927 0.08251
0.114572 -0.133931 0.008411 0.009548 0.054835
0.148411 -0.076865 0.009265 -0.055789 0.072748
0.210168 -0.05516 0.070157 -0.184992 -0.182619
0.273841 -0.040276 0.130993 0.07712 -0.036827
0.276146 -0.182363 0.072514 -0.102395 -0.04515
0.276146 -0.182363 0.072514 -0.102395 -0.04515
0.201634 -0.243127 0.013483 -0.212257 -0.061229
0.20445 -0.178685 0.061493 0.222958 0.207614
0.20445 -0.178685 0.061493 0.222958 0.207614
0.20445 -0.178685 0.061493 0.222958 0.207614
0.179305 -0.183943 0.034523 0.060744 0.146713
0.187477 -0.149266 0.066407 0.195337 0.157694
0.181604 -0.156384 -0.004977 -0.031072 0.210914
0.181604 -0.156384 -0.004977 -0.031072 0.210914
0.181604 -0.156384 -0.004977 -0.031072 0.210914
0.181604 -0.156384 -0.004977 -0.031072 0.210914
0.11755 -0.242875 -0.011108 -0.085903 0.09107
0.070139 -0.329028 -0.085602 -0.092719 0.268305
0.07851 -0.211451 -0.104481 -0.11102 0.319804
0.047275 -0.255636 -0.130419 -0.127737 0.290662
0.103223 -0.235263 -0.086953 -0.008121 0.328118
0.103223 -0.235263 -0.086953 -0.008121 0.328118
0.103223 -0.235263 -0.086953 -0.008121 0.328118
0.120099 -0.272921 0.006408 0.206801 0.301839
0.120099 -0.272921 0.006408 0.206801 0.301839
0.192473 -0.155979 0.066785 0.09717 0.139452
0.199616 -0.131864 0.064817 -0.021619 0.100514
0.286278 -0.124204 0.126817 -0.01372 -0.053734
0.306007 -0.132666 0.14571 0.042934 -0.133884
0.244499 -0.178417 0.095809 0.207383 0.152459
0.322011 -0.065583 0.194015 0.398189 0.146349
0.322011 -0.065583 0.194015 0.398189 0.146349
0.322011 -0.065583 0.194015 0.398189 0.146349
0.322011 -0.065583 0.194015 0.398189 0.146349
0.211252 -0.230702 0.047095 0.057547 0.182651
0.277322 -0.052358 0.128158 -0.258705 -0.384376
0.255534 -0.041102 0.122965 -0.257828 -0.402841
0.255534 -0.041102 0.122965 -0.257828 -0.402841
0.29027 -0.028763 0.170121 -0.063753 -0.338631
0.120183 -0.033871 0.055682 -0.311795 -0.329082
0.120183 -0.033871 0.055682 -0.311795 -0.329082
0.095856 -0.121211 0.044312 -0.109562 -0.107132
0.170746 -0.105679 0.091492 0.292368 0.211335
0.170746 -0.105679 0.091492 0.292368 0.211335
0.269168 -0.05392 0.058242 -0.405349 -0.267858
0.263924 -0.118644 -0.020481 -0.531895 -0.15278
0.12127 -0.114916 -0.027888 -0.058738 0.166545
0.221514 -0.21037 0.061482 -0.30549 -0.234405
0.221514 -0.21037 0.061482 -0.30549 -0.234405
0.221514 -0.21037 0.061482 -0.30549 -0.234405
0.19711 -0.190271 0.086105 -0.12921 -0.271551
0.238694 -0.083421 0.020569 -0.447272 -0.228713
0.238694 -0.083421 0.020569 -0.447272 -0.228713
0.190491 -0.166143 0.037396 -0.082246 -0.003593
0.187782 -0.250245 0.003942 -0.085302 -0.023357
0.187782 -0.250245 0.003942 -0.085302 -0.023357
0.187782 -0.250245 0.003942 -0.085302 -0.023357
0.187782 -0.250245 0.003942 -0.085302 -0.023357
0.190649 -0.125043 -0.062025 -0.253773 0.147233
0.190649 -0.125043 -0.062025 -0.253773 0.147233
0.190649 -0.125043 -0.062025 -0.253773 0.147233
0.17152 -0.129038 -0.021787 0.131922 0.319517
0.165549 -0.121002 0.00639 0.160135 0.193418
0.049177 -0.216553 -0.086136 -0.156409 0.092627
0.049177 -0.216553 -0.086136 -0.156409 0.092627
0.049177 -0.216553 -0.086136 -0.156409 0.092627
0.121733 -0.195996 -0.060753 -0.109811 0.147956
0.042535 -0.328205 -0.123308 -0.219086 0.196971
0.212708 -0.184152 0.006243 -0.140522 0.10018
0.157288 -0.235812 0.008578 0.103801 0.24603
0.08606 -0.265997 -0.055561 -0.239412 0.062743
0.039137 -0.400261 -0.12624 -0.102616 0.370621
0.159485 -0.286639 -0.009606 -0.038859 0.090044
0.159485 -0.286639 -0.009606 -0.038859 0.090044
0.159485 -0.286639 -0.009606 -0.038859 0.090044
0.147655 -0.297876 0.020488 0.052569 0.050338
0.18936 -0.203365 0.053083 0.121719 0.06437
0.107515 -0.333408 -0.07047 -0.06549 0.231257
0.191151 -0.223563 0.038951 0.115953 0.078311
0.188112 -0.203689 0.017051 -0.167962 -0.171865
0.188112 -0.203689 0.017051 -0.167962 -0.171865
0.188112 -0.203689 0.017051 -0.167962 -0.171865
0.188112 -0.203689 0.017051 -0.167962 -0.171865
0.251559 -0.078184 0.110731 -0.132906 -0.376539
0.212423 -0.198639 0.081544 0.168946 0.082777
0.172715 -0.21766 0.045371 -0.027832 -0.054324
0.101693 -0.319461 -0.055928 -0.065806 0.100003
0.101693 -0.319461 -0.055928 -0.065806 0.100003
0.068951 -0.180524 -0.003285 -0.22805 -0.039162
0.068951 -0.180524 -0.003285 -0.22805 -0.039162
0.209442 -0.103327 0.15513 0.152224 -0.089689
0.187528 -0.270088 0.046686 -0.106623 -0.111845
0.172967 -0.251517 0.05598 0.181386 0.153158
0.172967 -0.251517 0.05598 0.181386 0.153158
0.097464 -0.199619 0.002543 -0.185113 -0.112804
0.097464 -0.199619 0.002543 -0.185113 -0.112804
-0.000367 -0.433007 -0.096615 -0.311465 -0.010492
0.084883 -0.35272 -0.082764 -0.073196 0.194566
0.237071 -0.119883 0.109972 0.258954 0.157448
0.215639 -0.11114 0.094184 0.082742 0.061292
0.349464 -0.042072 0.133962 0.018546 0.028067
0.349464 -0.042072 0.133962 0.018546 0.028067
0.211526 -0.131505 0.124278 0.388507 0.147266
0.185933 -0.252809 0.028027 0.003348 -0.024197
0.160923 -0.255284 -0.036632 -0.224674 0.040429
0.163831 -0.23289 -0.043353 -0.35679 -0.032898
0.250898 -0.124019 0.095284 0.128418 -0.029863
0.180319 -0.152561 0.073788 0.190016 0.150209
0.254801 -0.071848 0.090975 0.079141 0.134877
0.21892 -0.179933 0.031239 0.011315 0.113653
0.191636 -0.126313 0.026992 -0.18894 -0.165677
0.270811 -0.034943 0.111376 -0.035844 -0.063638
0.227218 -0.136462 0.087515 0.146654 0.0516
0.291634 -0.003561 0.10742 -0.040767 -0.006333
0.291634 -0.003561 0.10742 -0.040767 -0.006333
0.330433 0.011493 0.184482 0.097135 -0.166903
0.257502 0.01816 0.161071 -0.112188 -0.313263
0.142881 -0.133635 0.045087 -0.064605 -0.021783
0.068285 -0.25725 -0.033408 -0.149176 0.022082
0.105126 -0.280167 -0.053691 -0.30481 -0.044347
0.05743 -0.341416 -0.047904 0.050701 0.168103
0.251154 0.024956 0.162868 0.068246 -0.245554
0.251154 0.024956 0.162868 0.068246 -0.245554
0.251154 0.024956 0.162868 0.068246 -0.245554
0.305327 0.043387 0.111308 -0.330305 -0.458655
0.305327 0.043387 0.111308 -0.330305 -0.458655
0.202927 -0.071037 0.09928 0.202185 -0.02006
0.255197 -0.09051 0.158356 0.14815 -0.101011
0.218175 -0.17814 0.054202 -0.098779 -0.082756
0.218175 -0.17814 0.054202 -0.098779 -0.082756
0.288406 -0.107299 0.115841 -0.073103 -0.190916
0.324217 -0.037976 0.165788 0.029315 -0.198105
0.263846 -0.048067 0.054388 -0.063813 -0.04782
0.330821 -0.008387 0.078501 -0.177547 -0.110624
0.422743 0.077219 0.193229 0.11061 -0.042347
0.337389 -0.009855 0.135124 0.418998 0.293673
0.337389 -0.009855 0.135124 0.418998 0.293673
0.337389 -0.009855 0.135124 0.418998 0.293673
0.218335 -0.172435 -0.004629 0.209914 0.434874
0.048972 -0.395377 -0.174288 -0.005016 0.466415
0.094292 -0.284671 -0.125319 0.074397 0.459007
0.092297 -0.197327 -0.073946 0.135763 0.401838
0.203843 -0.108134 -0.017741 -0.108828 0.211049
0.310907 -0.067794 0.054496 -0.155548 -0.041889
0.259229 -0.086708 0.021897 -0.249471 -0.095443
0.207805 -0.169479 0.024558 0.190915 0.272904
0.235631 -0.131957 0.03678 -0.065856 -0.009361
0.168074 -0.206887 0.050191 0.147971 0.055759
0.183339 -0.185849 0.063736 0.056173 -0.004407
0.207743 -0.130613 0.111111 0.195778 -0.050197
0.189395 -0.11211 0.075927 -0.106423 -0.096663
0.094586 -0.309669 -0.037463 -0.380531 -0.186827
0.094586 -0.309669 -0.037463 -0.380531 -0.186827
0.059295 -0.330366 -0.062883 -0.255075 0.001159
0.160785 -0.210723 0.011396 -0.050402 0.080756
0.160785 -0.210723 0.011396 -0.050402 0.080756
0.168131 -0.132543 -0.007827 -0.094543 0.074856
0.168131 -0.132543 -0.007827 -0.094543 0.074856
0.295378 0.027286 0.127254 -0.283409 -0.398015
0.295378 0.027286 0.127254 -0.283409 -0.398015
0.16347 -0.159191 -0.016282 -0.06382 0.097078
0.16347 -0.159191 -0.016282 -0.06382 0.097078
0.16347 -0.159191 -0.016282 -0.06382 0.097078
0.265887 -0.100526 0.055664 -0.112502 0.005467
0.265887 -0.100526 0.055664 -0.112502 0.005467
0.273713 -0.045018 0.045754 -0.25287 -0.097659
0.07495 -0.297566 -0.105109 -0.185116 0.249088
0.200009 -0.167419 -0.035878 -0.251411 0.052597
0.235605 -0.148959 -0.009773 -0.308642 0.010474
0.225844 -0.221714 0.055935 -0.005694 0.083468
0.127857 -0.247607 -0.034449 -0.096624 0.131128
0.111522 -0.098762 -0.044861 -0.387728 -0.052217
0.111522 -0.098762 -0.044861 -0.387728 -0.052217
0.111522 -0.098762 -0.044861 -0.387728 -0.052217
0.151225 -0.126442 -0.015936 -0.618348 -0.472811
0.151225 -0.126442 -0.015936 -0.618348 -0.472811
0.151225 -0.126442 -0.015936 -0.618348 -0.472811
0.106799 -0.210972 -0.009505 -0.173375 -0.091051
0.214944 -0.162398 0.010149 -0.150413 -0.062791
0.17896 -0.167448 -0.005789 -0.069912 0.185272
0.204215 -0.170042 0.009823 -0.179818 -0.100778
0.204215 -0.170042 0.009823 -0.179818 -0.100778
0.200409 -0.144185 0.001931 -0.349559 -0.156422
0.200409 -0.144185 0.001931 -0.349559 -0.156422
0.203635 -0.191273 0.057756 -0.268812 -0.30211
0.203635 -0.191273 0.057756 -0.268812 -0.30211
0.203635 -0.191273 0.057756 -0.268812 -0.30211
0.203635 -0.191273 0.057756 -0.268812 -0.30211
0.204744 -0.17646 0.024037 -0.421418 -0.223217
0.204744 -0.17646 0.024037 -0.421418 -0.223217
0.179755 -0.227186 0.00041 -0.270582 -0.003343
0.179755 -0.227186 0.00041 -0.270582 -0.003343
0.266101 -0.11358 0.052755 -0.211995 -0.038798
0.082317 -0.255337 -0.052668 -0.161605 0.136586
0.179414 -0.158138 0.033633 -0.266481 -0.087191
0.209389 -0.069218 0.066021 -0.242662 -0.136586
0.20575 -0.122089 0.072072 -0.047248 -0.09794
0.20575 -0.122089 0.072072 -0.047248 -0.09794
0.154532 -0.161994 0.047275 0.125006 0.152411
0.154532 -0.161994 0.047275 0.125006 0.152411
0.234529 -0.044323 0.077745 0.021388 0.076733
0.148707 -0.182322 -0.017631 -0.02524 0.230542
0.181755 -0.22495 -0.004766 0.078034 0.185454
0.219816 -0.225571 0.000319 -0.24408 -0.168877
0.167176 -0.202777 0.051773 -0.032987 -0.032704
0.214105 -0.036634 0.139539 0.092274 -0.20628
0.285318 0.003593 0.148906 -0.107492 -0.309784
0.233751 -0.103428 0.064008 -0.286851 -0.243991
0.233751 -0.103428 0.064008 -0.286851 -0.243991
0.209579 -0.140973 0.003244 -0.355983 -0.108882
0.209579 -0.140973 0.003244 -0.355983 -0.108882
0.214808 -0.163955 0.050728 -0.192012 -0.169588
0.214808 -0.163955 0.050728 -0.192012 -0.169588
0.214808 -0.163955 0.050728 -0.192012 -0.169588
0.214808 -0.163955 0.050728 -0.192012 -0.169588
0.214808 -0.163955 0.050728 -0.192012 -0.169588
0.214808 -0.163955 0.050728 -0.192012 -0.169588
0.214808 -0.163955 0.050728 -0.192012 -0.169588
0.169285 -0.185206 0.097096 0.110055 -0.192264
0.091099 -0.204409 0.023824 0.284226 0.125645
0.091099 -0.204409 0.023824 0.284226 0.125645
0.218624 -0.122072 0.100785 0.253358 -0.019288
0.132521 -0.205653 0.02095 0.318647 0.253021
0.290831 -0.073977 0.105893 0.025626 -0.043103
0.189836 -0.129251 0.056805 0.1843 0.14514
0.141211 -0.149268 0.008 0.122341 0.196253
0.117545 -0.284554 -0.064506 0.146086 0.322565
0.15783 -0.289497 -0.097804 -0.006685 0.356129
0.242513 -0.066579 0.009128 -0.071212 0.077349
0.286898 -0.056121 0.014685 -0.253929 -0.068002
0.243291 -0.161315 -0.040947 -0.350801 -0.025598
0.224258 -0.127245 0.064024 0.01506 0.035734
0.224258 -0.127245 0.064024 0.01506 0.035734
0.224258 -0.127245 0.064024 0.01506 0.035734
0.185928 -0.140098 0.046875 0.018732 0.02679
0.185928 -0.140098 0.046875 0.018732 0.02679
0.21652 -0.191363 0.002895 -0.093358 0.117566
0.125647 -0.354781 -0.127654 -0.232114 0.315083
0.197521 -0.230427 0.011746 0.131997 0.163877
0.178243 -0.257427 0.005264 0.02305 0.111219
0.077909 -0.355102 -0.065882 -0.064965 0.121122
0.220708 -0.145808 0.064923 -0.146071 -0.186576
0.220708 -0.145808 0.064923 -0.146071 -0.186576
0.220695 -0.148788 0.066625 -0.114802 -0.183754
0.264975 -0.078874 0.078213 0.011218 0.006103
0.384509 0.007879 0.129154 -0.031291 -0.087348
0.336004 -0.146148 0.099626 0.270946 0.08007
0.23937 -0.114051 -0.018176 -0.196806 0.123778
0.13604 -0.246376 -0.086147 -0.103551 0.224214
0.13604 -0.246376 -0.086147 -0.103551 0.224214
0.097435 -0.252631 -0.083219 -0.270944 0.023304
0.097435 -0.252631 -0.083219 -0.270944 0.023304
0.097435 -0.252631 -0.083219 -0.270944 0.023304
0.097435 -0.252631 -0.083219 -0.270944 0.023304
0.097435 -0.252631 -0.083219 -0.270944 0.023304
0.179463 -0.174811 -0.000613 -0.081557 0.13663
0.107821 -0.228433 -0.045337 0.051231 0.245461
0.107821 -0.228433 -0.045337 0.051231 0.245461
0.138136 -0.210669 0.005835 -0.046912 0.139346
0.161429 -0.19257 -0.002618 -0.238359 0.015686
0.161429 -0.19257 -0.002618 -0.238359 0.015686
0.280182 -0.03066 0.135209 -0.037132 -0.166749
0.079521 -0.29952 -0.044214 0.024066 0.211409
0.193804 -0.220308 0.033573 0.088637 0.134537
0.117407 -0.209705 -0.009316 -0.04028 0.06287
0.183424 -0.24732 0.038974 0.085187 0.005299
0.203036 -0.085967 0.043991 -0.24928 -0.236921
0.203036 -0.085967 0.043991 -0.24928 -0.236921
0.203036 -0.085967 0.043991 -0.24928 -0.236921
0.203036 -0.085967 0.043991 -0.24928 -0.236921
0.191719 -0.120819 0.019232 -0.369078 -0.242906
0.191719 -0.120819 0.019232 -0.369078 -0.242906
0.247799 -0.05038 0.058301 -0.077212 0.009278
0.247799 -0.05038 0.058301 -0.077212 0.009278
0.247799 -0.05038 0.058301 -0.077212 0.009278
0.247799 -0.05038 0.058301 -0.077212 0.009278
0.247799 -0.05038 0.058301 -0.077212 0.009278
0.215613 -0.215704 -0.003987 -0.156546 0.020752
0.237362 -0.131855 0.016571 -0.238356 -0.08792
0.237362 -0.131855 0.016571 -0.238356 -0.08792
0.237362 -0.131855 0.016571 -0.238356 -0.08792
0.237362 -0.131855 0.016571 -0.238356 -0.08792
0.237362 -0.131855 0.016571 -0.238356 -0.08792
0.204202 -0.181624 -0.041781 -0.340196 -0.11208
0.204202 -0.181624 -0.041781 -0.340196 -0.11208
0.153507 -0.279946 -0.050005 0.01572 0.163038
0.153507 -0.279946 -0.050005 0.01572 0.163038
0.163292 -0.271865 -0.058227 -0.128068 0.052631
0.163292 -0.271865 -0.058227 -0.128068 0.052631
0.169356 -0.198907 -0.064642 -0.150301 0.10592
0.169356 -0.198907 -0.064642 -0.150301 0.10592
0.169356 -0.198907 -0.064642 -0.150301 0.10592
0.132018 -0.252796 -0.045506 0.065528 0.249539
0.132018 -0.252796 -0.045506 0.065528 0.249539
0.161951 -0.266711 -0.017688 -0.006568 0.102131
0.065567 -0.231341 -0.037323 0.051631 0.158348
0.07843 -0.150778 -0.018833 0.010352 0.191736
0.105576 -0.338055 -0.089172 -0.435079 -0.078842
0.157269 -0.23895 -0.044075 -0.465233 -0.193829
0.113388 -0.196044 -0.063579 -0.629315 -0.280279
0.113388 -0.196044 -0.063579 -0.629315 -0.280279
0.113388 -0.196044 -0.063579 -0.629315 -0.280279
0.113388 -0.196044 -0.063579 -0.629315 -0.280279
0.113388 -0.196044 -0.063579 -0.629315 -0.280279
0.034415 -0.329308 -0.112494 -0.309087 0.065167
0.052662 -0.358241 -0.090146 -0.117011 0.107403
0.114701 -0.265928 -0.071156 -0.179642 0.085902
0.13878 -0.177879 -0.035559 -0.163083 0.120458
0.22934 -0.116853 0.045232 0.00096 0.004899
0.142454 -0.22393 -0.048009 -0.067614 0.182938
0.158419 -0.203603 -0.045819 -0.171495 0.054698
0.158419 -0.203603 -0.045819 -0.171495 0.054698
0.207351 -0.086573 0.025504 -0.319963 -0.114463
0.333148 -0.014206 0.127509 -0.12261 -0.168851
0.318238 -0.001338 0.114234 -0.008412 -0.067714
0.324896 0.099075 0.155898 0.044184 -0.128912
0.116462 -0.145203 0.104587 0.363871 0.20253
0.271017 -0.055308 0.084938 0.018315 -0.102644
0.344782 0.009065 0.153762 -0.122825 -0.39011
0.222067 -0.100612 0.025005 -0.110041 -0.040407
0.192075 -0.168039 -0.004122 -0.272107 -0.126154
0.172427 -0.151174 -0.00951 -0.167332 -0.057195
0.160343 -0.264957 -0.036359 -0.286874 -0.014412
0.160343 -0.264957 -0.036359 -0.286874 -0.014412
0.160343 -0.264957 -0.036359 -0.286874 -0.014412
0.124809 -0.279694 -0.021766 -0.130515 0.009878
0.149963 -0.283439 -0.01974 0.020049 0.218494
0.063263 -0.328153 -0.064518 0.012733 0.196358
0.122254 -0.273466 -0.038668 -0.15037 0.118585
0.240067 -0.087744 0.036061 -0.364612 -0.159666
0.191573 -0.150185 -0.008799 -0.242717 0.05755
0.191573 -0.150185 -0.008799 -0.242717 0.05755
0.24155 -0.210483 0.067887 0.033381 0.038404
0.110941 -0.314511 0.009395 0.068654 0.073364
0.130971 -0.241251 -0.009492 -0.141785 0.008348
0.117368 -0.284127 -0.031899 -0.172484 0.019736
0.044033 -0.268135 -0.058457 0.032124 0.262016
0.005826 -0.337545 -0.083652 0.114932 0.325611
0.135918 -0.235281 -0.087828 -0.287023 0.077373
0.135918 -0.235281 -0.087828 -0.287023 0.077373
0.123523 -0.212164 -0.091364 -0.413959 0.051589
0.122908 -0.293597 -0.067478 -0.323786 -0.026549
0.08564 -0.385721 -0.127419 -0.359748 0.062511
0.142897 -0.298063 -0.092985 -0.377902 0.069869
0.128951 -0.297982 -0.087213 -0.354582 0.027501
0.202673 -0.124926 0.060825 0.175779 0.162244
0.131593 -0.271849 -0.016215 0.187525 0.368227
0.140042 -0.208804 0.050979 0.311075 0.360281
0.132979 -0.258596 0.009693 -0.159088 -0.024141
0.329141 -0.052413 0.208737 0.046031 -0.326823
0.329141 -0.052413 0.208737 0.046031 -0.326823
0.204966 -0.137686 0.05384 0.135981 0.030309
0.211334 -0.089799 0.079836 0.005695 -0.087428
0.098486 -0.143273 -0.038727 -0.187757 0.085612
0.098486 -0.143273 -0.038727 -0.187757 0.085612
0.206871 -0.069985 -0.021485 -0.437379 -0.072767
0.206871 -0.069985 -0.021485 -0.437379 -0.072767
0.206871 -0.069985 -0.021485 -0.437379 -0.072767
0.206871 -0.069985 -0.021485 -0.437379 -0.072767
0.185889 -0.121954 0.001674 -0.023961 0.180584
0.185889 -0.121954 0.001674 -0.023961 0.180584
0.185889 -0.121954 0.001674 -0.023961 0.180584
0.23371 -0.103623 0.030009 -0.18704 -0.081322
0.23371 -0.103623 0.030009 -0.18704 -0.081322
0.181536 -0.153025 0.022452 -0.222456 -0.155863
0.198641 -0.185026 -0.00788 -0.193128 -0.064501
0.205385 -0.189522 -0.015698 -0.051885 0.179126
0.206471 -0.132053 -0.007778 -0.109407 0.126127
0.094361 -0.175903 -0.015991 -0.13095 0.013287
0.18814 -0.134655 0.035476 -0.12771 -0.06454
0.214411 -0.145319 0.052402 -0.165944 -0.193544
0.214411 -0.145319 0.052402 -0.165944 -0.193544
0.214411 -0.145319 0.052402 -0.165944 -0.193544
0.214411 -0.145319 0.052402 -0.165944 -0.193544
0.235902 -0.150945 0.029174 -0.277637 -0.144605
0.235902 -0.150945 0.029174 -0.277637 -0.144605
0.235902 -0.150945 0.029174 -0.277637 -0.144605
0.236392 -0.150395 0.024749 -0.132555 -0.039888
0.176011 -0.283749 -0.037069 -0.217944 -0.014292
0.176011 -0.283749 -0.037069 -0.217944 -0.014292
0.176011 -0.283749 -0.037069 -0.217944 -0.014292
0.176011 -0.283749 -0.037069 -0.217944 -0.014292
0.171837 -0.251468 0.012728 -0.040441 0.005363
0.290442 -0.116331 0.135594 0.019584 -0.16802
0.283626 -0.125039 0.103534 -0.083029 -0.236648
0.260061 -0.113647 0.050367 -0.139913 -0.116724
0.260061 -0.113647 0.050367 -0.139913 -0.116724
0.207967 -0.162371 0.107855 0.298384 0.104855
0.201533 -0.227853 0.066486 0.097951 0.100348
0.102484 -0.220016 -0.00665 0.085946 0.194245
0.08876 -0.150017 -0.028149 0.055234 0.20779
0.15547 -0.127953 0.026562 -0.076525 -0.000982
0.154242 -0.190637 0.032386 0.267422 0.269402
0.154242 -0.190637 0.032386 0.267422 0.269402
0.154242 -0.190637 0.032386 0.267422 0.269402
0.157166 -0.27687 0.04006 0.128867 0.018181
0.13364 -0.201102 0.055686 0.063773 -0.058069
0.305548 -0.071895 0.178483 0.273048 -0.01564
0.305548 -0.071895 0.178483 0.273048 -0.01564
0.298248 -0.031289 0.1477 0.346118 0.209025
0.359457 0.043144 0.201077 0.122913 -0.153478
0.151788 -0.192258 -0.056175 -0.462535 -0.179275
0.151788 -0.192258 -0.056175 -0.462535 -0.179275
0.151788 -0.192258 -0.056175 -0.462535 -0.179275
0.151788 -0.192258 -0.056175 -0.462535 -0.179275
0.151788 -0.192258 -0.056175 -0.462535 -0.179275
0.151788 -0.192258 -0.056175 -0.462535 -0.179275
0.181164 -0.227041 -0.03594 -0.2436 -0.112801
0.160178 -0.289295 -0.08833 -0.160347 0.14988
0.067474 -0.453273 -0.130385 -0.017896 0.2313
0.067474 -0.453273 -0.130385 -0.017896 0.2313
0.162412 -0.344129 -0.034001 -0.051124 -0.064904
0.114458 -0.309422 -0.049753 -0.193051 -0.089533
0.139703 -0.291126 -0.052077 -0.12261 0.11076
0.177863 -0.277927 -0.016196 -0.13787 0.01048
0.177863 -0.277927 -0.016196 -0.13787 0.01048
0.177863 -0.277927 -0.016196 -0.13787 0.01048
0.177863 -0.277927 -0.016196 -0.13787 0.01048
0.215738 -0.215846 0.062135 0.179356 0.160612
0.19128 -0.179833 0.035313 0.036755 0.124924
0.19128 -0.179833 0.035313 0.036755 0.124924
0.19128 -0.179833 0.035313 0.036755 0.124924
0.211878 -0.062733 0.031395 -0.199627 -0.001382
0.225378 -0.12517 0.080814 0.051981 0.106624
0.252533 -0.070157 0.008337 -0.216077 0.109562
0.219673 -0.148217 -0.037989 -0.215193 0.206085
0.203032 -0.165526 -0.012165 -0.068506 0.193895
0.176774 -0.04362 -0.001731 -0.1031 0.128283
0.241224 0.021313 0.139167 0.131307 -0.023941
0.241224 0.021313 0.139167 0.131307 -0.023941
0.167214 -0.127217 0.045904 0.25162 0.25599
0.265796 -0.074207 0.123085 0.075208 -0.101391
0.296934 0.049935 0.079669 -0.560834 -0.394364
0.296934 0.049935 0.079669 -0.560834 -0.394364
0.264116 -0.027784 0.064807 -0.395048 -0.271645
0.264116 -0.027784 0.064807 -0.395048 -0.271645
0.264116 -0.027784 0.064807 -0.395048 -0.271645
0.264116 -0.027784 0.064807 -0.395048 -0.271645
0.179661 -0.13509 0.035734 -0.225681 -0.138597
0.175077 -0.2658 0.013244 -0.171758 0.009162
0.175077 -0.2658 0.013244 -0.171758 0.009162
0.09261 -0.480432 -0.059493 0.034739 0.176943
0.109907 -0.370256 0.016356 0.202884 0.101181
0.142527 -0.277191 -0.049286 -0.331936 -0.172091
0.142527 -0.277191 -0.049286 -0.331936 -0.172091
0.143292 -0.228556 -0.043665 -0.513805 -0.282622
0.143292 -0.228556 -0.043665 -0.513805 -0.282622
0.143292 -0.228556 -0.043665 -0.513805 -0.282622
0.143292 -0.228556 -0.043665 -0.513805 -0.282622
0.143292 -0.228556 -0.043665 -0.513805 -0.282622
0.143292 -0.228556 -0.043665 -0.513805 -0.282622
0.216676 -0.119397 -0.013838 -0.365606 -0.097011
0.201016 -0.092958 0.017818 -0.414651 -0.296467
0.201016 -0.092958 0.017818 -0.414651 -0.296467
0.201016 -0.092958 0.017818 -0.414651 -0.296467
0.201016 -0.092958 0.017818 -0.414651 -0.296467
0.112986 -0.178871 -0.02866 -0.261163 -0.094243
0.189207 -0.136097 0.023492 -0.067188 0.045387
0.189207 -0.136097 0.023492 -0.067188 0.045387
0.26704 -0.067885 0.098676 -0.199831 -0.272721
0.26704 -0.067885 0.098676 -0.199831 -0.272721
0.26704 -0.067885 0.098676 -0.199831 -0.272721
0.26704 -0.067885 0.098676 -0.199831 -0.272721
0.26704 -0.067885 0.098676 -0.199831 -0.272721
0.26704 -0.067885 0.098676 -0.199831 -0.272721
0.26704 -0.067885 0.098676 -0.199831 -0.272721
0.298382 -0.020773 0.113234 -0.139503 -0.204474
0.305734 0.011835 0.132391 -0.021227 -0.143199
0.197825 -0.180675 -0.033258 -0.356063 0.005551
0.208768 -0.192232 -0.011721 -0.418735 -0.099255
0.208768 -0.192232 -0.011721 -0.418735 -0.099255
0.208768 -0.192232 -0.011721 -0.418735 -0.099255
0.208768 -0.192232 -0.011721 -0.418735 -0.099255
0.208768 -0.192232 -0.011721 -0.418735 -0.099255
0.208768 -0.192232 -0.011721 -0.418735 -0.099255
0.208768 -0.192232 -0.011721 -0.418735 -0.099255
0.195144 -0.217968 -0.011515 -0.245208 -0.000315
0.200609 -0.208581 0.005095 -0.107967 0.108786
0.196022 -0.157915 0.033984 -0.089448 -0.006497
0.276236 -0.031774 0.085456 -0.445867 -0.279505
0.276236 -0.031774 0.085456 -0.445867 -0.279505
0.080107 -0.201734 -0.077821 -0.576053 -0.108629
0.080107 -0.201734 -0.077821 -0.576053 -0.108629
0.080107 -0.201734 -0.077821 -0.576053 -0.108629
0.080107 -0.201734 -0.077821 -0.576053 -0.108629
0.080107 -0.201734 -0.077821 -0.576053 -0.108629
0.080107 -0.201734 -0.077821 -0.576053 -0.108629
0.080107 -0.201734 -0.077821 -0.576053 -0.108629
0.080107 -0.201734 -0.077821 -0.576053 -0.108629
0.156774 -0.142189 -0.008566 -0.094922 0.120704
0.156774 -0.142189 -0.008566 -0.094922 0.120704
0.298068 -0.0518 0.083353 -0.049191 0.005828
0.298068 -0.0518 0.083353 -0.049191 0.005828
0.290415 -0.099838 0.124288 -0.142876 -0.246066
0.227926 -0.117153 0.165853 0.329548 -0.023102
0.227926 -0.117153 0.165853 0.329548 -0.023102
0.196906 -0.100605 0.11509 0.282041 0.124166
0.196906 -0.100605 0.11509 0.282041 0.124166
0.231071 -0.07797 0.106787 0.135636 0.071106
0.08828 -0.30008 -0.078313 -0.018538 0.337634
0.077811 -0.321622 -0.115549 -0.368652 0.092722
0.044114 -0.42488 -0.177251 -0.299971 0.325079
0.155889 -0.235865 -0.092416 -0.387654 0.106291
0.155889 -0.235865 -0.092416 -0.387654 0.106291
0.242798 -0.146629 0.01289 -0.192879 -0.029395
0.113971 -0.254031 -0.041559 0.117198 0.3253
0.260299 -0.128594 0.093774 0.034217 -0.0234
0.193145 -0.204082 0.018981 -0.02234 0.137084
0.091191 -0.272041 -0.076614 -0.041496 0.292809
0.091191 -0.272041 -0.076614 -0.041496 0.292809
0.091191 -0.272041 -0.076614 -0.041496 0.292809
0.091191 -0.272041 -0.076614 -0.041496 0.292809
0.089298 -0.296604 -0.074025 -0.049518 0.218391
0.130221 -0.219991 -0.050911 -0.317183 -0.062539
0.130221 -0.219991 -0.050911 -0.317183 -0.062539
0.140031 -0.271164 -0.072429 -0.267023 0.1155
0.183478 -0.153447 -0.047061 -0.110767 0.26408
0.237368 -0.136164 -0.005162 -0.2084 0.026376
0.237368 -0.136164 -0.005162 -0.2084 0.026376
0.260008 -0.07689 0.067499 -0.006454 -0.090024
0.274054 -0.150856 0.089456 0.06744 -0.075603
0.274054 -0.150856 0.089456 0.06744 -0.075603
0.236828 -0.148909 0.048229 0.079823 0.160041
0.236828 -0.148909 0.048229 0.079823 0.160041
0.130909 -0.283036 -0.053273 -0.183384 0.151328
0.130909 -0.283036 -0.053273 -0.183384 0.151328
0.137831 -0.242516 0.001279 -0.110906 0.068104
0.162435 -0.267122 0.038401 -0.009978 0.015208
0.043357 -0.370834 -0.050328 0.018813 0.13481
0.103901 -0.289789 0.029423 0.266629 0.195886
0.186208 -0.187453 0.066939 0.001642 -0.141655
0.148366 -0.234753 -0.053387 -0.378004 -0.072425
0.148366 -0.234753 -0.053387 -0.378004 -0.072425
0.148366 -0.234753 -0.053387 -0.378004 -0.072425
0.148366 -0.234753 -0.053387 -0.378004 -0.072425
0.148366 -0.234753 -0.053387 -0.378004 -0.072425
0.187534 -0.110086 0.039731 -0.155766 -0.066126
0.216119 -0.124779 -0.005543 -0.560449 -0.307554
0.216119 -0.124779 -0.005543 -0.560449 -0.307554
0.216119 -0.124779 -0.005543 -0.560449 -0.307554
0.216119 -0.124779 -0.005543 -0.560449 -0.307554
0.225835 -0.107766 0.073507 -0.159774 -0.228989
0.095696 -0.222082 -0.018719 -0.026321 0.102306
0.181444 -0.173965 0.047954 0.029303 0.029446
0.16571 -0.194851 0.03521 0.201181 0.200866
0.140206 -0.2637 -0.056639 0.049718 0.411029
0.268669 -0.087767 0.090958 0.138834 0.138469
0.265854 -0.062323 0.119417 0.122916 -0.045528
0.268261 -0.098645 0.119664 0.150981 -0.06446
0.284313 -0.020123 0.148722 0.131279 -0.129276
0.305842 0.09857 0.169536 0.048838 -0.164024
0.186946 -0.125916 0.019959 -0.053332 0.000345
0.184874 -0.149185 0.117326 0.393244 0.182297
0.323266 0.000499 0.124581 0.022849 0.004154
0.222404 -0.135517 0.005539 -0.211155 -0.116761
0.222404 -0.135517 0.005539 -0.211155 -0.116761
0.263591 -0.063784 0.092833 0.099494 0.052306
0.235898 -0.060479 0.062212 0.101959 0.067384
0.130451 -0.127556 -0.024853 0.127917 0.259596
0.130451 -0.127556 -0.024853 0.127917 0.259596
0.10071 -0.212374 -0.068803 -0.02938 0.206337
0.138663 -0.145356 -0.027832 -0.185951 -0.062865
0.138663 -0.145356 -0.027832 -0.185951 -0.062865
0.192888 -0.116717 -0.014107 -0.076217 0.116901
0.226474 -0.118692 0.010216 -0.070951 0.038734
0.223798 -0.16798 -0.016281 -0.067631 0.192129
0.240249 -0.145405 0.065044 0.265177 0.183415
0.208182 -0.176885 -0.012535 -0.091871 0.106922
0.184603 -0.193905 -0.02546 -0.088923 0.143243
0.168833 -0.155034 0.021481 -0.163505 -0.049209
0.168833 -0.155034 0.021481 -0.163505 -0.049209
0.168833 -0.155034 0.021481 -0.163505 -0.049209
0.074462 -0.326254 -0.064463 -0.153095 0.095103
0.07538 -0.291549 -0.089874 -0.117578 0.244063
0.07538 -0.291549 -0.089874 -0.117578 0.244063
0.134567 -0.212153 -0.017149 -0.139371 0.04567
0.081401 -0.29154 -0.06777 -0.014796 0.239739
0.081401 -0.29154 -0.06777 -0.014796 0.239739
0.081401 -0.29154 -0.06777 -0.014796 0.239739
0.086923 -0.323568 -0.054919 -0.096371 0.124475
0.127472 -0.177691 -0.030747 -0.453852 -0.156366
0.127472 -0.177691 -0.030747 -0.453852 -0.156366
0.127472 -0.177691 -0.030747 -0.453852 -0.156366
0.127472 -0.177691 -0.030747 -0.453852 -0.156366
0.127472 -0.177691 -0.030747 -0.453852 -0.156366
0.127472 -0.177691 -0.030747 -0.453852 -0.156366
0.127472 -0.177691 -0.030747 -0.453852 -0.156366
0.127472 -0.177691 -0.030747 -0.453852 -0.156366
0.10585 -0.16436 -0.007682 -0.304816 -0.182611
0.10585 -0.16436 -0.007682 -0.304816 -0.182611
0.132336 -0.20032 0.031062 -0.206498 -0.103925
0.067626 -0.355394 -0.101716 -0.422889 0.064308
0.038532 -0.398796 -0.125189 -0.508721 -0.080593
-0.01523 -0.45749 -0.101374 -0.312205 -0.051425
0.101998 -0.282398 0.04765 0.173336 0.016258
0.178554 -0.218005 0.108676 0.076871 -0.078935
0.178554 -0.218005 0.108676 0.076871 -0.078935
0.311922 -0.115139 0.171512 0.100676 -0.114248
0.337486 -0.058107 0.144978 0.099885 0.049102
0.383252 0.026288 0.174029 -0.159898 -0.199058
0.181714 -0.154603 0.104782 0.023648 -0.142095
0.170861 -0.103797 0.051719 -0.15582 -0.125637
0.170861 -0.103797 0.051719 -0.15582 -0.125637
0.170861 -0.103797 0.051719 -0.15582 -0.125637
0.240022 -0.039317 0.103168 -0.113582 -0.12057
0.251402 -0.072984 0.066533 -0.221975 -0.143768
0.251402 -0.072984 0.066533 -0.221975 -0.143768
0.199073 -0.143397 0.015709 -0.30529 -0.121025
0.199073 -0.143397 0.015709 -0.30529 -0.121025
0.23217 -0.108845 0.061317 -0.13765 -0.062907
0.081539 -0.31129 -0.062833 -0.414694 -0.205071
0.128352 -0.296556 -0.012427 -0.321902 -0.185006
0.128352 -0.296556 -0.012427 -0.321902 -0.185006
0.128352 -0.296556 -0.012427 -0.321902 -0.185006
0.128352 -0.296556 -0.012427 -0.321902 -0.185006
0.03699 -0.402355 -0.047905 -0.06655 0.033801
0.084978 -0.352148 -0.051462 -0.26924 -0.113068
0.084978 -0.352148 -0.051462 -0.26924 -0.113068
0.084978 -0.352148 -0.051462 -0.26924 -0.113068
0.097913 -0.359938 -0.09745 -0.356976 -0.04764
0.135075 -0.259656 -0.087697 -0.415569 -0.005584
0.1766 -0.181745 -0.025706 -0.43981 -0.225703
0.1766 -0.181745 -0.025706 -0.43981 -0.225703
0.041164 -0.260649 -0.109929 -0.304429 0.035797
0.041164 -0.260649 -0.109929 -0.304429 0.035797
0.125672 -0.17016 -0.048289 -0.138626 0.060043
0.058825 -0.221694 -0.037364 0.062151 0.095953
0.111558 -0.306025 -0.049775 0.172679 0.261839
0.044378 -0.323719 -0.108522 -0.063494 0.215541
0.112196 -0.325672 -0.074359 -0.079911 0.199292
0.145507 -0.182388 0.029661 -0.1186 -0.122491
-0.021267 -0.454352 -0.131082 -0.271352 0.0591
0.043775 -0.339347 -0.079695 0.084851 0.251697
0.043775 -0.339347 -0.079695 0.084851 0.251697
0.139878 -0.269197 -0.046343 -0.004548 0.179677
0.14693 -0.204328 0.038259 0.037377 0.050057
0.150994 -0.18108 0.018231 -0.048199 0.020925
0.150994 -0.18108 0.018231 -0.048199 0.020925
0.150994 -0.18108 0.018231 -0.048199 0.020925
0.261235 -0.050913 0.129738 0.289369 0.159236
0.261235 -0.050913 0.129738 0.289369 0.159236
0.250233 -0.087382 0.066502 0.127018 0.241772
0.239202 -0.07622 0.070011 0.036492 0.147375
0.253019 -0.057431 0.135644 -0.109177 -0.266694
0.242437 -0.087814 0.029782 -0.27856 -0.083497
0.102545 -0.255325 0.019861 -0.114091 -0.138474
0.057812 -0.368561 -0.091458 -0.076696 0.173131
0.060908 -0.36751 -0.115464 -0.204015 0.183823
0.060908 -0.36751 -0.115464 -0.204015 0.183823
0.201136 -0.22874 -0.033526 -0.338607 -0.00901
0.201136 -0.22874 -0.033526 -0.338607 -0.00901
0.201136 -0.22874 -0.033526 -0.338607 -0.00901
0.17767 -0.221982 -0.015566 -0.147728 -0.03005
0.23852 -0.099461 0.059126 -0.130339 -0.141619
0.23852 -0.099461 0.059126 -0.130339 -0.141619
0.27406 -0.087873 0.093352 -0.01572 -0.119497
0.218806 -0.010031 -0.00983 -0.361659 -0.05228
0.2051 -0.030933 -0.027701 -0.342332 -0.069734
0.138584 -0.160932 -0.075305 -0.122252 0.191931
0.239255 -0.138182 -0.034508 -0.429072 -0.02126
0.239255 -0.138182 -0.034508 -0.429072 -0.02126
0.239255 -0.138182 -0.034508 -0.429072 -0.02126
0.239255 -0.138182 -0.034508 -0.429072 -0.02126
0.239255 -0.138182 -0.034508 -0.429072 -0.02126
0.240498 -0.122265 -0.026779 -0.35605 0.057847
0.190476 -0.160225 -0.046815 -0.397674 -0.028709
0.15177 -0.276816 -0.090528 -0.304433 0.088241
0.15177 -0.276816 -0.090528 -0.304433 0.088241
0.205888 -0.134581 0.00481 -0.024366 0.223443
0.205888 -0.134581 0.00481 -0.024366 0.223443
0.259276 -0.056457 0.104386 -0.019961 -0.027346
0.259276 -0.056457 0.104386 -0.019961 -0.027346
0.270392 -0.043877 0.126208 0.139636 0.035691
0.168414 -0.150874 -0.010061 0.168773 0.328933
0.148503 -0.088552 0.05027 0.073191 0.011484
0.203647 -0.073769 0.09579 0.101388 -0.041697
0.159451 -0.14462 0.015095 0.066858 0.220725
0.159451 -0.14462 0.015095 0.066858 0.220725
0.159451 -0.14462 0.015095 0.066858 0.220725
0.159451 -0.14462 0.015095 0.066858 0.220725
0.159451 -0.14462 0.015095 0.066858 0.220725
0.188513 -0.053861 0.058378 0.161934 0.180767
0.188513 -0.053861 0.058378 0.161934 0.180767
0.289332 0.021241 0.150296 0.283183 0.205374
0.282039 -0.001945 0.138867 0.142373 0.076589
0.282039 -0.001945 0.138867 0.142373 0.076589
0.267415 -0.096662 0.065866 0.108766 0.138511
0.227342 -0.092067 -0.034166 -0.444093 0.009464
0.227342 -0.092067 -0.034166 -0.444093 0.009464
0.227342 -0.092067 -0.034166 -0.444093 0.009464
0.2577 -0.086095 0.000227 -0.444212 -0.12909
0.2577 -0.086095 0.000227 -0.444212 -0.12909
0.2577 -0.086095 0.000227 -0.444212 -0.12909
0.255131 -0.077595 0.049222 -0.209012 -0.105254
0.233571 -0.110143 0.023936 -0.062577 0.127891
0.143148 -0.239464 -0.050468 0.100905 0.297664
0.148362 -0.17188 -0.003889 0.186393 0.293193
0.148362 -0.17188 -0.003889 0.186393 0.293193
0.171908 -0.183761 0.075025 -3e-06 -0.026402
0.214431 -0.146209 0.084636 0.169341 0.09242
0.080547 -0.277819 -0.033902 -0.17841 -0.039696
0.080547 -0.277819 -0.033902 -0.17841 -0.039696
0.016924 -0.314625 -0.082675 -0.308623 -0.036322
-0.045048 -0.362726 -0.161712 -0.36529 0.141614
0.120288 -0.25339 0.039992 0.350783 0.281623
0.154348 -0.13338 0.051137 -0.031074 -0.105676
0.08865 -0.207237 -0.008743 0.040582 0.147113
0.088171 -0.140774 -0.01008 -0.050437 0.146142
0.082926 -0.199441 -0.085719 -0.254174 0.107374
0.082926 -0.199441 -0.085719 -0.254174 0.107374
0.135734 -0.134053 -0.070629 -0.462487 -0.050833
0.138952 -0.197234 -0.072159 -0.194957 0.156523
0.138952 -0.197234 -0.072159 -0.194957 0.156523
0.177511 -0.129637 -0.036101 -0.191249 0.106738
0.218828 -0.057314 0.046979 -0.269748 -0.25033
0.246816 -0.102795 0.041751 -0.32824 -0.215824
0.246816 -0.102795 0.041751 -0.32824 -0.215824
0.246816 -0.102795 0.041751 -0.32824 -0.215824
0.246816 -0.102795 0.041751 -0.32824 -0.215824
0.274378 -0.086302 0.147893 0.12885 -0.173339
0.08311 -0.357207 -0.060871 -0.150137 0.075144
0.181103 -0.188773 0.101559 0.066103 -0.082547
0.258161 -0.179213 0.106513 -0.035167 -0.128443
0.133523 -0.214065 -0.0153 -0.308405 -0.051129
0.119929 -0.187009 0.027528 -0.375165 -0.309201
0.165148 -0.194901 0.040814 -0.292478 -0.255725
0.050278 -0.35657 -0.095742 -0.098487 0.220792
0.105378 -0.221823 0.030468 -0.169575 -0.136479
0.11708 -0.180451 -0.03829 -0.230992 -0.11045
0.11708 -0.180451 -0.03829 -0.230992 -0.11045
0.105138 -0.204682 -0.061723 -0.159354 0.075113
