-768.1271
-719.5014
-719.5014
-719.5014
-721.1691
-720.184
-720.184
-721.1483
-719.5197
-719.7416
-720.7625
-720.8674
-723.1168
-722.7442
-720.8915
-720.5449
-720.1042
-720.1042
-720.4827
-720.4827
-721.0401
-721.0401
-720.4202
-720.3282
-719.7186
-719.3919
-719.7118
-719.6653
-719.2737
-720.0739
-720.3307
-720.3307
-721.1395
-721.1395
-721.7998
-720.8265
-722.1447
-724.0622
-720.0231
-721.1087
-720.7515
-720.9604
-720.9604
-720.2916
-719.7167
-719.8289
-720.1871
-720.1871
-719.6075
-719.1979
-719.2813
-719.6021
-719.6021
-719.6021
-720.0177
-720.0403
-720.0403
-720.2377
-720.2377
-720.2377
-720.2525
-720.5873
-720.8899
-719.8299
-720.1554
-720.1554
-720.1554
-719.3158
-719.3158
-719.3158
-719.3158
-720.258
-719.934
-719.934
-720.5246
-720.5246
-721.0524
-721.0524
-720.0903
-720.4383
-721.436
-720.7533
-720.1791
-720.4797
-720.1818
-720.1818
-720.1818
-720.1818
-719.6541
-719.6541
-719.6267
-719.7188
-723.0116
-723.0116
-722.5752
-719.326
-719.3094
-719.3094
-719.7446
-719.6202
-719.6202
-719.7741
-719.7741
-719.7741
-719.5045
-719.5619
-719.5619
-720.3722
-720.5172
-721.3955
-720.1603
-720.1603
-721.1458
-720.1328
-720.1328
-720.1328
-720.1328
-720.1328
-720.1328
-719.8403
-719.8403
-719.8403
-720.2522
-720.4173
-721.0215
-720.5064
-720.541
-719.9331
-719.4948
-719.4948
-719.7362
-719.7362
-719.7362
-719.5509
-719.5509
-719.4241
-719.1069
-719.432
-719.432
-720.0996
-721.1298
-721.5407
-719.8139
-720.5338
-719.5672
-719.5672
-720.4749
-721.3874
-722.7315
-722.6039
-722.7483
-722.7483
-723.5618
-723.5618
-723.0191
-723.0191
-723.0191
-723.6739
-728.8606
-721.1237
-720.2453
-720.2453
-719.2602
-720.0791
-720.0791
-720.0791
-720.0791
-720.0791
-720.0791
-720.0791
-720.0791
-719.8417
-720.0869
-720.0869
-720.0869
-720.1665
-720.1665
-720.6144
-720.6144
-721.0311
-721.8036
-721.6679
-720.1771
-720.1771
-720.1361
-720.1361
-720.1361
-720.1361
-720.3522
-720.0438
-721.2714
-721.2714
-721.2714
-721.4028
-721.7009
-721.8849
-722.802
-722.802
-721.3661
-721.3661
-720.7023
-720.7023
-720.7023
-721.2728
-723.7218
-722.886
-721.0425
-721.0425
-722.3297
-721.8002
-721.568
-721.568
-721.4678
-721.4678
-721.4678
-720.9331
-720.0975
-720.7521
-720.7521
-722.6253
-722.8874
-720.0849
-720.1799
-719.4551
-720.5034
-720.5034
-721.3597
-720.1361
-720.1361
-720.1361
-720.3853
-720.3853
-719.6618
-719.0016
-720.3506
-721.2652
-719.5484
-719.5484
-721.5049
-721.5049
-722.0101
-721.6356
-722.0982
-720.0535
-719.8326
-719.8326
-722.0596
-722.0596
-722.0596
-720.7599
-720.7599
-722.0347
-722.0347
-722.0347
-722.1969
-722.1969
-722.1969
-722.1969
-722.1969
-719.867
-719.867
-719.867
-719.867
-719.867
-719.4431
-720.8749
-720.8749
-723.225
-721.6287
-721.0453
-721.0453
-721.0453
-721.6065
-720.4947
-720.4947
-720.3005
-720.4362
-720.5861
-720.5861
-720.4084
-720.4084
-720.4084
-720.4084
-721.7029
-719.845
-720.2207
-720.2207
-720.4418
-720.2368
-720.2368
-720.2368
-720.1182
-721.0365
-721.0365
-721.634
-720.3591
-719.3133
-719.3133
-719.3133
-719.3133
-719.3133
-720.3273
-720.0476
-720.0476
-719.8372
-719.7495
-719.5672
-719.5672
-719.3943
-719.3943
-719.6783
-722.3671
-720.7547
-719.507
-719.7474
-719.7474
-719.7474
-719.7292
-719.7292
-719.8064
-719.8064
-720.5404
-719.9712
-719.8379
-719.8379
-719.8379
-719.6405
-719.6405
-719.6405
-719.9339
-719.9339
-719.905
-719.905
-719.905
-719.905
-719.4011
-719.4894
-720.4723
-719.9341
-719.2768
-719.8437
-719.8056
-720.6203
-720.6203
-720.6203
-722.4301
-722.4301
-724.2114
-722.7031
-720.9513
-720.3233
-720.3233
-720.8305
-720.8305
-721.6082
-721.5999
-721.5999
-722.1324
-722.1324
-722.1324
-719.6199
-721.9232
-721.9232
-720.5462
-720.5462
-720.5462
-720.0199
-720.0199
-720.0199
-720.0199
-719.5095
-719.5095
-720.0449
-720.0449
-720.2157
-720.0665
-720.0665
-720.3159
-720.3159
-719.9309
-719.2277
-720.3407
-720.3407
-721.3798
-720.644
-720.1235
-720.1235
-720.9047
-720.2989
-720.2989
-720.7344
-720.2494
-720.2494
-719.8014
-719.8962
-720.7629
-721.8802
-723.7873
-720.8045
-720.3726
-720.3726
-719.0601
-719.0601
-719.0601
-720.3104
-721.562
-723.5545
-723.5545
-721.4989
-719.6066
-719.6856
-719.6856
-719.4852
-719.4852
-721.3081
-721.3829
-723.7413
-721.3871
-721.2205
-721.6802
-721.6802
-719.9138
-719.9138
-719.6671
-719.6671
-719.6671
-719.6671
-719.6443
-720.3409
-719.9446
-719.904
-721.7208
-721.7208
-720.4939
-719.7013
-719.775
-719.9623
-719.9623
-720.1871
-720.7233
-719.896
-719.5903
-719.4988
-719.4988
-719.4988
-719.4346
-719.7395
-720.573
-720.3508
-719.2519
-719.2519
-719.2519
-719.2519
-721.1299
-721.1299
-722.1749
-721.1245
-719.5443
-720.4913
-720.1648
-719.6662
-719.6662
-719.6662
-719.6662
-720.422
-720.1359
-719.6403
-720.0619
-720.0619
-720.0619
-720.0619
-719.8736
-719.8736
-720.0121
-720.0121
-720.357
-720.357
-720.357
-720.7249
-724.1194
-722.0663
-723.137
-722.0702
-720.0503
-721.662
-720.4795
-719.703
-719.4723
-721.1802
-721.1802
-721.1802
-722.4642
-722.8894
-722.5723
-722.5723
-721.4067
-721.396
-720.8967
-720.8967
-719.8025
-719.8025
-719.9839
-720.3524
-719.6912
-720.0952
-720.5398
-721.9095
-720.3249
-720.3249
-720.3249
-722.927
-722.784
-722.3162
-722.255
-721.4372
-721.2284
-721.3721
-721.332
-721.367
-721.0452
-721.9419
-723.424
-722.2144
-722.2144
-721.0571
-721.0571
-719.5525
-719.5525
-719.6414
-719.7326
-719.8323
-720.5421
-721.803
-721.5552
-722.0935
-719.6149
-720.212
-720.212
-719.8734
-719.5806
-720.6857
-720.6857
-719.908
-719.908
-719.908
-719.908
-720.0091
-720.018
-721.7128
-721.8685
-720.6048
-720.6048
-721.09
-720.7881
-719.5378
-719.5378
-720.0452
-720.8177
-720.8177
-720.6251
-720.2539
-719.9165
-719.9165
-719.9165
-719.6365
-719.6365
-719.9339
-719.9339
-721.6126
-719.9681
-720.9026
-721.7613
-720.9728
-721.1625
-721.1625
-720.5477
-719.9061
-723.2663
-721.1377
-719.2075
-720.2986
-721.712
-722.5481
-720.2984
-719.8692
-720.8602
-720.8602
-721.102
-721.102
-719.9133
-719.9133
-720.4219
-720.4219
-720.4219
-719.9818
-720.0326
-720.4163
-720.2557
-720.2557
-721.6845
-722.5429
-723.9338
-719.9414
-720.2706
-720.2159
-720.6356
-720.6356
-720.6356
-721.0507
-720.4595
-719.8735
-719.7458
-719.7458
-719.7458
-719.7458
-719.7458
-719.7458
-720.036
-721.1053
-721.1053
-720.1169
-722.9228
-720.854
-720.6831
-720.1824
-720.785
-720.1274
-719.2925
-719.2925
-719.2925
-719.2925
-719.2666
-719.2666
-719.9393
-721.3393
-721.5337
-721.8191
-721.3664
-721.4334
-719.9383
-720.571
-720.571
-723.4923
-726.4569
-723.1751
-725.5319
-722.7506
-723.1562
-721.6697
-722.1765
-721.6257
-720.4206
-720.4206
-721.3479
-720.448
-720.448
-720.8815
-720.5938
-720.7712
-720.773
-722.2126
-723.3533
-721.1698
-719.9062
-720.9704
-721.5001
-721.1577
-719.8957
-719.8602
-719.6282
-719.6282
-719.6282
-719.6282
-721.4189
-721.2108
-722.6554
-722.6554
-720.7106
-720.7106
-720.7106
-720.2479
-719.6933
-719.6933
-719.6933
-719.6933
-721.398
-721.398
-720.9837
-720.9837
-720.9837
-720.9837
-720.9837
-720.9837
-720.9837
-720.5895
-719.9322
-719.8256
-719.8256
-720.7757
-722.5585
-721.5052
-721.5052
-721.5052
-721.5052
-721.2072
-721.2072
-721.2072
-719.9448
-719.9448
-719.6826
-721.6152
-721.6152
-721.6152
-721.9075
-721.9075
-721.9075
-721.6348
-721.8101
-720.8843
-720.8843
-719.4844
-719.4844
-719.4844
-720.0842
-720.3977
-720.3977
-720.3977
-720.5054
-721.2842
-720.5181
-721.6196
-722.3713
-720.9951
-722.4117
-722.4117
-720.464
-720.464
-721.0812
-721.9155
-721.9155
-721.9155
-722.0135
-721.4238
-719.4986
-719.4207
-719.4207
-720.0317
-720.0637
-721.8871
-720.4588
-720.1731
-720.9653
-720.0387
-720.0002
-720.321
-720.321
-720.3757
-720.4501
-719.5064
-719.9815
-720.1708
-719.3135
-719.3135
-719.3135
-719.9187
-719.9187
-720.7929
-720.7929
-720.7929
-720.7929
-720.7929
-720.7929
-721.303
-721.303
-720.617
-720.617
-720.7325
-721.1904
-720.6283
-719.4147
-719.4147
-721.8334
-722.1177
-721.3276
-721.3276
-720.2241
-720.2241
-719.7296
-720.0395
-720.1948
-721.2426
-721.2426
-721.2426
-721.9916
-721.9916
-720.1671
-720.193
-719.4928
-719.4928
-719.7567
-719.7567
-719.7567
-719.6464
-720.0993
-720.0993
-720.8541
-720.2726
-721.0541
-721.9486
-719.8931
-719.4064
-719.4064
-719.4064
-719.6141
-719.6141
-719.6141
-720.0291
-720.5593
-720.5593
-720.5593
-720.5593
-720.3971
-720.3971
-720.2882
-719.8839
-720.644
-720.4659
-722.4951
-720.4283
-720.336
-720.336
-720.336
-719.8891
-719.8891
-720.0056
-721.9546
-720.5238
-720.5238
-720.5238
-720.5476
-720.1727
-720.0266
-721.0118
-720.042
-719.9266
-719.9266
-719.9266
-719.9266
-719.9266
-719.9266
-719.9266
-719.9266
-720.2898
-720.2898
-719.4999
-721.0275
-721.8199
-721.424
-721.5881
-721.5881
-721.5881
-720.9166
-720.9138
-720.3009
-720.3009
-720.7299
-719.686
-719.686
-719.2768
-719.2768
-719.2768
-719.2768
-719.2014
-719.2014
-720.0201
-719.679
-720.5824
-720.5824
-720.4421
-720.4421
-720.3747
-720.2874
-719.6057
-719.6057
-719.6057
-719.6057
-720.1795
-720.1758
-720.1758
-720.1758
-720.1758
-720.6941
-720.6941
-720.6941
-719.6676
-719.174
-719.174
-721.2439
-721.2439
-721.2439
-721.8114
-721.9096
-720.88
-720.88
-721.4272
-724.0159
-721.676
-720.5579
-720.4958
-720.4958
-720.4958
-720.4958
-720.5965
-720.5965
-720.5609
-719.2404
-722.0924
-722.0924
-721.2891
-721.716
-721.716
-720.2873
-720.2873
-720.2873
-720.2873
-720.6703
-720.81
-720.81
-720.0487
-720.0487
-720.0487
-720.0487
-720.3093
-720.3093
-720.3093
-720.3093
-719.9107
-720.292
-719.7087
-719.613
-724.211
-724.211
-722.997
-721.3128
-721.2503
-720.9662
-721.6375
-721.6375
-721.4623
-724.3518
-724.3518
-724.3518
-721.8088
-722.538
-721.1175
-720.759
-719.8068
-719.8068
-720.287
-720.5053
-720.248
-719.5514
-719.9728
-719.5365
-719.5365
-719.5365
-720.0356
-719.5934
-719.5934
-720.7917
-719.8674
-719.8674
-719.8674
-720.0223
-720.0223
-720.5968
-720.3089
-720.3089
-719.2439
-719.2439
-720.5464
-720.5464
-720.4997
-720.4997
-720.4997
-719.2003
-719.2003
-722.4064
-722.4064
-721.0248
-721.0248
-722.4605
-722.4605
-721.6368
-721.6368
-721.1105
-722.5015
-720.3211
-719.5354
-719.5354
-719.5354
-719.2047
-719.1769
-719.1769
-719.6774
-720.7282
-720.3182
-720.3182
-719.7978
-721.2556
-722.5937
-725.0834
-725.0834
-725.0834
-722.3721
-721.0742
-724.5894
-721.9005
-721.9005
-721.9005
-719.4181
-721.2699
-720.5874
-719.5967
-719.5967
-722.6399
-720.8095
-720.253
-720.5074
-720.7155
-720.7155
-721.6767
-721.6767
-720.8736
-720.8736
-720.7038
-720.7074
-720.0143
-720.8393
-722.2171
-722.2171
-721.2484
-720.9898
-720.6603
-720.6603
-720.6603
-720.6245
-720.6245
-720.8862
-720.6733
-720.016
-720.016
-720.016
-720.3531
-721.2443
-719.9106
-720.0755
-719.5134
-719.5134
-721.0107
-720.1674
-720.1674
-720.1674
-720.0679
-720.2941
-720.2941
-720.2941
-719.8416
-719.8416
-719.3549
-719.3549
-719.6119
-719.6119
-719.6119
-719.6119
-719.8319
-719.8319
-719.163
-719.163
-720.445
-720.2317
-720.2317
-720.2317
-719.1892
-719.8364
-720.1735
-720.1735
-719.8763
-722.2939
-720.1636
-719.8866
-720.0247
-720.1423
-721.6893
-721.6893
-721.1801
-720.6791
-720.6567
-720.6567
-719.8709
-719.8709
-719.8924
-719.8924
-719.8924
-719.4619
-720.4519
-720.4519
-720.3437
-720.2913
-719.6286
-719.6286
-719.6652
-719.5436
-719.6881
-719.6881
-719.898
-720.6235
-719.9134
-719.9134
-719.9134
-723.9159
-723.1465
-720.7853
-720.6437
-720.6437
-720.3227
-720.2413
-720.2413
-721.0773
-721.0773
-721.6104
-720.9223
-720.3911
-723.2063
-721.2956
-720.3192
-719.1467
-720.0813
-719.8166
-719.8166
-719.8166
-721.1099
-721.1099
-720.3111
-720.3111
-720.3111
-720.3111
-720.5643
-720.6528
-720.6528
-719.8236
-719.8236
-719.8236
-719.8236
-719.8064
-720.2776
-719.7678
-719.5548
-720.0999
-720.0999
-720.1184
-720.0679
-721.2551
-721.3965
-720.8497
-721.0937
-720.0685
-720.5
-720.9218
-722.0629
-719.7918
-719.7918
-719.7918
-720.4392
-719.3839
-719.9806
-720.2116
-720.2116
-720.2116
-719.2537
-719.2537
-719.2537
-719.2537
-722.8192
-722.8192
-720.8832
-720.8832
-720.8832
-722.4687
-720.1501
-720.1501
-720.1501
-720.4122
-720.4122
-720.569
-720.2928
-721.5098
-721.5098
-722.295
-720.4413
-719.8448
-719.4934
-719.4934
-721.3256
-721.5942
-721.5942
-721.5942
-720.1278
-720.1278
-721.287
-721.1541
-721.0407
-720.7515
-720.7515
-720.4662
-720.3197
-720.3197
-719.2939
-719.4807
-719.4807
-719.4807
-719.4807
-719.4807
-719.4807
-719.4807
-719.4807
-720.2118
-719.8622
-720.6704
-720.6704
-720.0652
-720.5493
-720.143
-719.6888
-719.6888
-719.6888
-719.6888
-720.1693
-720.1693
-720.1693
-720.1693
-720.1693
-720.501
-719.5265
-720.0485
-720.9436
-720.9436
-721.0423
-721.0423
-721.0423
-720.4228
-720.0847
