-0.453063 0.314068 0.425995 -0.146379 -0.308183
0.163906 -0.22255 0.012282 0.033264 0.070284
0.186846 -0.171133 0.05514 0.070985 0.021844
0.119837 -0.347861 -0.039059 -0.133284 0.030146
0.058418 -0.306483 -0.067306 -0.186248 0.061838
0.058418 -0.306483 -0.067306 -0.186248 0.061838
0.101707 -0.210862 0.067508 0.216174 0.110476
0.174664 -0.12483 0.123216 0.170064 -0.127795
0.246855 -0.095375 0.137136 0.191762 -0.110777
0.22511 -0.041498 0.049231 -0.147857 -0.100636
0.100533 -0.248057 -0.121326 -0.20485 0.260031
0.100533 -0.248057 -0.121326 -0.20485 0.260031
0.130476 -0.255041 -0.058158 0.02121 0.35463
0.15775 -0.271827 -0.037887 -0.087222 0.153032
0.15775 -0.271827 -0.037887 -0.087222 0.153032
0.126248 -0.230327 -0.029714 -0.049364 0.05377
0.176331 -0.272638 -0.027488 -0.075164 0.024303
0.143669 -0.283901 -0.089928 -0.201256 0.157555
0.233101 -0.204092 0.003061 -0.049123 0.112511
0.320805 -0.054725 0.10675 -0.282308 -0.294557
0.320805 -0.054725 0.10675 -0.282308 -0.294557
0.341105 0.071161 0.196238 -0.044424 -0.206155
0.341105 0.071161 0.196238 -0.044424 -0.206155
0.306 -0.046998 0.121802 0.043724 -0.040532
0.320523 -0.050169 0.114777 -0.05909 -0.075658
0.245933 -0.169485 0.037397 0.015482 0.118645
0.139868 -0.137846 -0.019665 -0.313046 -0.167976
0.126777 -0.298704 -0.093148 -0.203747 0.129661
0.126777 -0.298704 -0.093148 -0.203747 0.129661
0.14022 -0.272247 -0.023383 -0.215146 -0.115887
0.179791 -0.174058 0.091129 0.129052 -0.113471
0.013432 -0.372741 -0.111229 -0.207207 0.033664
0.146509 -0.294176 0.018443 -0.129674 -0.068061
0.160532 -0.258832 0.014234 -0.027969 0.118922
0.157004 -0.138277 0.064095 0.072202 0.044995
0.176397 -0.09916 0.051319 -0.056452 0.040778
0.176397 -0.09916 0.051319 -0.056452 0.040778
0.231065 -0.047117 0.073554 0.020508 0.13237
0.238615 -0.047275 0.146169 0.167308 -0.028065
0.096274 -0.262526 -0.031995 0.166832 0.304627
0.153203 -0.263123 -0.03545 -0.063704 0.183631
0.189811 -0.145967 -0.025058 -0.179331 0.076581
0.189811 -0.145967 -0.025058 -0.179331 0.076581
0.189811 -0.145967 -0.025058 -0.179331 0.076581
0.177414 -0.150111 0.047563 -0.041855 -0.0609
0.15595 -0.276149 -0.046458 -0.266574 -0.021503
0.15595 -0.276149 -0.046458 -0.266574 -0.021503
0.15595 -0.276149 -0.046458 -0.266574 -0.021503
0.127746 -0.292217 -0.095219 -0.376119 0.018656
0.185561 -0.228985 0.01361 0.049158 0.172852
0.185561 -0.228985 0.01361 0.049158 0.172852
0.185561 -0.228985 0.01361 0.049158 0.172852
0.185561 -0.228985 0.01361 0.049158 0.172852
0.19487 -0.137692 0.041255 0.1076 0.19929
0.197954 -0.104234 0.064171 -0.161748 -0.134414
0.223 -0.080431 0.046856 -0.078446 0.011392
0.250603 -0.079965 0.053002 0.082448 0.150246
0.25545 -0.144029 0.062761 0.089643 0.047751
0.25545 -0.144029 0.062761 0.089643 0.047751
0.253496 -0.183547 0.049261 0.05838 0.051789
0.253878 -0.197949 0.008548 -0.054882 0.147516
0.307778 -0.106343 0.099302 -0.10299 -0.150305
0.34375 -0.036367 0.123781 -0.177555 -0.229194
0.248253 -0.212251 0.048111 -0.117562 -0.167844
0.211629 -0.216041 0.03218 -0.090594 -0.077277
0.211629 -0.216041 0.03218 -0.090594 -0.077277
0.211629 -0.216041 0.03218 -0.090594 -0.077277
0.198559 -0.209574 0.034301 -0.15593 -0.146885
0.198559 -0.209574 0.034301 -0.15593 -0.146885
0.13432 -0.287675 -0.046371 0.046504 0.348051
0.13432 -0.287675 -0.046371 0.046504 0.348051
0.147845 -0.284804 -0.056631 0.018071 0.304165
0.222749 -0.159966 0.031094 -0.048971 0.063087
0.161235 -0.114322 0.015088 -0.189055 -0.055164
0.220328 -0.044074 0.104703 0.028505 -0.088992
0.256716 -0.021995 0.110396 -0.016428 -0.075097
0.124616 -0.237915 -0.058517 -0.09496 0.279973
0.124616 -0.237915 -0.058517 -0.09496 0.279973
0.120929 -0.32088 -0.098322 -0.094946 0.30757
0.156616 -0.214979 -0.05219 0.034801 0.382517
0.156616 -0.214979 -0.05219 0.034801 0.382517
0.116989 -0.31482 -0.078504 0.000365 0.305907
0.116989 -0.31482 -0.078504 0.000365 0.305907
0.116567 -0.290962 -0.093465 -0.040574 0.376097
0.181045 -0.145543 -0.019959 -0.219447 0.080963
0.126343 -0.183509 -0.044302 -0.061118 0.249564
0.086917 -0.276708 -0.07574 -0.333732 -0.054519
0.160953 -0.21415 -0.049866 -0.300139 -0.048767
0.160953 -0.21415 -0.049866 -0.300139 -0.048767
0.160953 -0.21415 -0.049866 -0.300139 -0.048767
0.223076 -0.157321 -0.003425 -0.225783 -0.018441
0.223076 -0.157321 -0.003425 -0.225783 -0.018441
0.223076 -0.157321 -0.003425 -0.225783 -0.018441
0.162681 -0.149414 3e-05 -0.262062 -0.09596
0.162681 -0.149414 3e-05 -0.262062 -0.09596
0.162681 -0.149414 3e-05 -0.262062 -0.09596
0.1206 -0.281353 -0.067837 -0.291016 0.063751
0.207579 -0.190265 0.016118 -0.086328 0.032389
0.212871 -0.191965 0.018611 0.032584 0.108886
0.308638 -0.002228 0.131711 -0.211139 -0.399217
0.308638 -0.002228 0.131711 -0.211139 -0.399217
0.308638 -0.002228 0.131711 -0.211139 -0.399217
0.308638 -0.002228 0.131711 -0.211139 -0.399217
0.308638 -0.002228 0.131711 -0.211139 -0.399217
0.308638 -0.002228 0.131711 -0.211139 -0.399217
0.308638 -0.002228 0.131711 -0.211139 -0.399217
0.241989 -0.039908 0.128171 -0.005383 -0.200929
0.166202 -0.097835 0.042176 -0.175242 -0.150344
0.123813 -0.167263 -0.026878 -0.028097 0.057706
0.165502 -0.079666 -0.02402 -0.22807 -0.036748
0.129214 -0.188187 -0.06112 -0.335559 -0.085847
0.129214 -0.188187 -0.06112 -0.335559 -0.085847
0.090067 -0.345531 -0.032492 -0.042591 -0.013593
0.111147 -0.358656 -0.050542 -0.119265 -0.029792
0.153798 -0.338689 -0.068169 -0.124899 0.088014
0.079855 -0.319651 -0.117094 -0.227051 0.11038
0.079855 -0.319651 -0.117094 -0.227051 0.11038
0.120189 -0.298166 -0.098479 -0.271399 0.111419
0.188797 -0.268778 -0.029575 -0.274336 -0.076779
0.18793 -0.188175 0.030622 0.061838 0.147395
0.18793 -0.188175 0.030622 0.061838 0.147395
0.145616 -0.267231 -0.026776 -0.016247 0.142547
0.166452 -0.229082 -0.018357 -0.120378 0.090198
0.250748 -0.143898 0.086594 0.108809 0.031959
0.196398 -0.143831 0.048561 -0.030001 -0.041099
0.209422 -0.134222 0.038741 -0.007619 0.039029
0.18971 -0.1875 -0.021782 -0.26006 -0.00642
0.249551 -0.104634 0.117608 0.034043 -0.101618
0.186128 -0.260427 -0.005968 -0.260486 -0.088238
0.02322 -0.435055 -0.098326 0.137232 0.41987
0.02322 -0.435055 -0.098326 0.137232 0.41987
0.02322 -0.435055 -0.098326 0.137232 0.41987
0.02322 -0.435055 -0.098326 0.137232 0.41987
0.02322 -0.435055 -0.098326 0.137232 0.41987
0.139758 -0.225602 -0.045905 -0.42851 -0.091771
0.117343 -0.276495 -0.045265 -0.122062 0.144175
0.11618 -0.228685 -0.041251 -0.071476 0.156416
0.114238 -0.203197 -0.02166 -0.131149 0.087837
0.078856 -0.182552 -0.011415 0.012609 0.117039
0.119628 -0.143254 0.007309 -0.185317 -0.119369
0.119628 -0.143254 0.007309 -0.185317 -0.119369
0.170593 -0.212362 -0.038974 -0.100378 0.17072
0.119995 -0.319125 -0.089456 -0.050519 0.308101
0.082268 -0.338909 -0.08531 -0.247988 0.042186
0.117342 -0.276573 -0.002701 -0.107068 -0.084391
0.064031 -0.281896 -0.019994 0.036541 0.163027
0.14211 -0.279354 0.012301 -0.001095 0.096398
0.14211 -0.279354 0.012301 -0.001095 0.096398
0.147246 -0.292281 -0.019352 0.088145 0.298893
0.147246 -0.292281 -0.019352 0.088145 0.298893
0.056563 -0.29008 -0.068225 0.274722 0.458687
0.131763 -0.201974 0.006818 -0.088677 -0.044054
0.188504 -0.167585 0.028417 -0.047843 0.060403
0.120968 -0.274556 -0.03248 0.101214 0.362685
0.120968 -0.274556 -0.03248 0.101214 0.362685
0.120968 -0.274556 -0.03248 0.101214 0.362685
0.120968 -0.274556 -0.03248 0.101214 0.362685
0.172157 -0.331211 -0.034348 -0.210151 -0.047168
0.172157 -0.331211 -0.034348 -0.210151 -0.047168
0.17889 -0.359061 -0.028391 -0.203034 0.041435
0.186052 -0.221132 -0.02985 -0.127916 0.162213
0.186052 -0.221132 -0.02985 -0.127916 0.162213
0.135494 -0.310166 -0.115539 -0.319078 0.158774
0.135084 -0.264926 -0.047155 -0.111814 0.137593
0.123878 -0.304493 -0.074575 -0.279249 0.010304
0.172884 -0.332715 -0.049767 -0.241657 -0.05548
0.054818 -0.391562 -0.09767 -0.365147 -0.084423
0.035639 -0.426678 -0.138173 -0.22682 0.169262
0.015962 -0.382853 -0.126508 -0.167885 0.14698
-0.016392 -0.432537 -0.091363 0.021429 0.15774
0.107809 -0.331115 0.005663 0.007155 0.06143
0.06479 -0.383618 -0.050613 -0.114837 0.007828
0.06479 -0.383618 -0.050613 -0.114837 0.007828
0.262465 -0.05075 0.153146 -0.047812 -0.387394
0.262465 -0.05075 0.153146 -0.047812 -0.387394
0.262465 -0.05075 0.153146 -0.047812 -0.387394
0.262465 -0.05075 0.153146 -0.047812 -0.387394
0.20302 -0.150896 0.100448 -0.203129 -0.42539
0.163876 -0.204673 0.084335 0.113645 -0.090609
0.163876 -0.204673 0.084335 0.113645 -0.090609
0.226824 -0.12213 0.112346 0.001525 -0.288307
0.237266 -0.064348 0.087201 0.062542 0.020213
0.246675 -0.12673 0.070783 0.123474 0.101931
0.246675 -0.12673 0.070783 0.123474 0.101931
0.220759 -0.132095 0.033087 0.099941 0.19082
0.195778 -0.298942 -0.017346 -0.137358 0.00942
0.195507 -0.324961 -0.018454 -0.256056 -0.166351
0.075062 -0.362494 -0.014953 0.082119 8.9e-05
0.075062 -0.362494 -0.014953 0.082119 8.9e-05
0.175451 -0.246915 0.046565 0.094019 -0.027953
0.222618 -0.136671 0.056513 -0.018836 -0.036947
0.222618 -0.136671 0.056513 -0.018836 -0.036947
0.222618 -0.136671 0.056513 -0.018836 -0.036947
0.222618 -0.136671 0.056513 -0.018836 -0.036947
0.136547 -0.286543 0.051974 0.195612 0.059015
0.151511 -0.241087 0.0432 0.049573 -0.05537
0.051247 -0.370664 -0.032833 0.076097 0.113876
0.181326 -0.214121 0.027526 0.3261 0.33546
0.161419 -0.259162 -0.027961 0.084273 0.255979
0.146846 -0.130171 0.064698 0.112593 0.108011
0.109942 -0.221543 0.012728 0.075468 0.243704
0.115326 -0.262775 -0.018456 0.07892 0.282776
0.115326 -0.262775 -0.018456 0.07892 0.282776
0.182325 -0.165491 -0.040106 -0.213913 0.161862
0.15592 -0.156955 -0.092113 -0.322493 0.166505
0.15592 -0.156955 -0.092113 -0.322493 0.166505
0.041691 -0.211211 -0.123513 -0.203478 0.298399
0.041691 -0.211211 -0.123513 -0.203478 0.298399
0.041691 -0.211211 -0.123513 -0.203478 0.298399
0.041691 -0.211211 -0.123513 -0.203478 0.298399
0.041691 -0.211211 -0.123513 -0.203478 0.298399
0.080003 -0.355624 -0.118721 -0.378319 0.149272
0.080003 -0.355624 -0.118721 -0.378319 0.149272
0.080003 -0.355624 -0.118721 -0.378319 0.149272
0.080003 -0.355624 -0.118721 -0.378319 0.149272
0.170884 -0.210816 -0.00721 -0.39825 -0.130809
0.159102 -0.247084 -0.014977 -0.411135 -0.132242
0.159102 -0.247084 -0.014977 -0.411135 -0.132242
0.159102 -0.247084 -0.014977 -0.411135 -0.132242
0.123765 -0.209439 -0.032766 -0.212308 0.091515
0.080228 -0.328366 -0.065902 -0.216479 0.013267
0.080228 -0.328366 -0.065902 -0.216479 0.013267
0.134601 -0.358289 -0.053265 -0.202467 0.035027
0.235425 -0.145714 0.079827 -0.095321 -0.140801
0.206613 -0.228407 0.080344 0.090091 -0.080946
0.21053 -0.162838 0.090494 0.20145 -0.012491
0.222807 -0.103525 0.073917 -0.033924 -0.0859
0.222807 -0.103525 0.073917 -0.033924 -0.0859
0.129335 -0.281081 -0.058286 -0.282122 0.122213
0.129335 -0.281081 -0.058286 -0.282122 0.122213
0.136977 -0.208542 -0.055641 -0.454176 -0.017844
0.136977 -0.208542 -0.055641 -0.454176 -0.017844
0.136977 -0.208542 -0.055641 -0.454176 -0.017844
0.136977 -0.208542 -0.055641 -0.454176 -0.017844
0.165711 -0.226866 -0.038756 -0.495701 -0.148521
0.164954 -0.187327 -0.027871 -0.37179 -0.071608
0.164954 -0.187327 -0.027871 -0.37179 -0.071608
0.145775 -0.184666 -0.051489 -0.139145 0.181777
0.165002 -0.277099 -0.04536 -0.004574 0.390054
0.165002 -0.277099 -0.04536 -0.004574 0.390054
0.165002 -0.277099 -0.04536 -0.004574 0.390054
0.165002 -0.277099 -0.04536 -0.004574 0.390054
0.081516 -0.303196 -0.017412 0.199286 0.385298
0.064339 -0.317429 0.003303 0.474345 0.41431
0.103731 -0.254904 0.034614 0.44037 0.336675
0.103731 -0.254904 0.034614 0.44037 0.336675
0.103731 -0.254904 0.034614 0.44037 0.336675
0.159152 -0.260212 0.068193 0.393086 0.359778
0.159152 -0.260212 0.068193 0.393086 0.359778
0.159152 -0.260212 0.068193 0.393086 0.359778
0.121013 -0.207212 0.027672 0.262631 0.317729
0.121013 -0.207212 0.027672 0.262631 0.317729
0.164729 -0.253578 -0.021088 0.080213 0.268392
0.170223 -0.23095 0.008709 0.363246 0.437155
0.170223 -0.23095 0.008709 0.363246 0.437155
0.149774 -0.221177 0.012511 0.193042 0.230382
0.149774 -0.221177 0.012511 0.193042 0.230382
0.149774 -0.221177 0.012511 0.193042 0.230382
0.251844 -0.092473 0.092986 0.099695 0.085859
0.208446 -0.122632 0.061943 0.346162 0.382984
0.178788 -0.150173 0.083182 0.167757 0.054403
0.237824 -0.171948 0.069361 0.025817 0.015648
0.237824 -0.171948 0.069361 0.025817 0.015648
0.237824 -0.171948 0.069361 0.025817 0.015648
0.240857 -0.163719 0.028046 -0.293673 -0.170305
0.310083 -0.142512 0.068859 -0.118931 0.007402
0.277942 -0.194929 0.046092 -0.237405 -0.112949
0.277942 -0.194929 0.046092 -0.237405 -0.112949
0.237285 -0.249339 0.024691 -0.241924 -0.105742
0.237285 -0.249339 0.024691 -0.241924 -0.105742
0.287725 -0.152154 0.111653 0.230155 0.192591
0.25987 -0.20493 0.057636 0.027775 0.113343
0.192227 -0.310528 0.032697 0.163393 0.193877
0.23589 -0.165537 0.086952 0.385386 0.233592
0.271262 -0.08396 0.106922 0.361605 0.195194
0.18577 -0.176892 -0.008681 -0.089745 0.063121
0.18577 -0.176892 -0.008681 -0.089745 0.063121
0.327752 -0.000338 0.157239 -0.023077 -0.174275
0.327752 -0.000338 0.157239 -0.023077 -0.174275
0.327752 -0.000338 0.157239 -0.023077 -0.174275
0.156504 -0.1377 0.057553 -0.033244 -0.100807
0.156504 -0.1377 0.057553 -0.033244 -0.100807
0.163177 -0.109437 0.039721 -0.106235 -0.108898
0.163177 -0.109437 0.039721 -0.106235 -0.108898
0.201118 -0.188364 0.023628 -0.37432 -0.285886
0.201118 -0.188364 0.023628 -0.37432 -0.285886
0.201118 -0.188364 0.023628 -0.37432 -0.285886
0.159508 -0.304659 -0.027077 -0.293139 -0.095807
0.159508 -0.304659 -0.027077 -0.293139 -0.095807
0.159508 -0.304659 -0.027077 -0.293139 -0.095807
0.159508 -0.304659 -0.027077 -0.293139 -0.095807
0.176407 -0.133954 0.036735 -0.213398 -0.220526
0.220741 -0.168048 0.104566 -0.141621 -0.343046
0.220741 -0.168048 0.104566 -0.141621 -0.343046
0.220741 -0.168048 0.104566 -0.141621 -0.343046
0.151609 -0.205423 0.053204 0.069279 -0.109734
0.150829 -0.23811 0.010923 -0.045505 -0.121616
0.144393 -0.188564 -0.033431 -0.374297 -0.160776
0.233085 -0.092427 0.035526 -0.449886 -0.375892
0.233085 -0.092427 0.035526 -0.449886 -0.375892
0.226334 -0.068182 0.046605 -0.4256 -0.332754
0.226334 -0.068182 0.046605 -0.4256 -0.332754
0.226334 -0.068182 0.046605 -0.4256 -0.332754
0.226334 -0.068182 0.046605 -0.4256 -0.332754
0.226334 -0.068182 0.046605 -0.4256 -0.332754
0.226334 -0.068182 0.046605 -0.4256 -0.332754
0.226334 -0.068182 0.046605 -0.4256 -0.332754
0.226334 -0.068182 0.046605 -0.4256 -0.332754
0.226334 -0.068182 0.046605 -0.4256 -0.332754
0.226334 -0.068182 0.046605 -0.4256 -0.332754
0.226334 -0.068182 0.046605 -0.4256 -0.332754
0.226334 -0.068182 0.046605 -0.4256 -0.332754
0.226334 -0.068182 0.046605 -0.4256 -0.332754
0.226334 -0.068182 0.046605 -0.4256 -0.332754
0.226334 -0.068182 0.046605 -0.4256 -0.332754
0.226334 -0.068182 0.046605 -0.4256 -0.332754
0.226334 -0.068182 0.046605 -0.4256 -0.332754
0.206282 -0.09011 0.020367 -0.351002 -0.185821
0.206282 -0.09011 0.020367 -0.351002 -0.185821
0.206282 -0.09011 0.020367 -0.351002 -0.185821
0.206282 -0.09011 0.020367 -0.351002 -0.185821
0.206282 -0.09011 0.020367 -0.351002 -0.185821
0.206282 -0.09011 0.020367 -0.351002 -0.185821
0.230906 -0.074544 0.046352 -0.174327 -0.024815
0.164807 -0.267918 -0.042814 -0.306891 -0.051683
0.164807 -0.267918 -0.042814 -0.306891 -0.051683
0.164807 -0.267918 -0.042814 -0.306891 -0.051683
0.133196 -0.326945 -0.026722 -0.200149 -0.057987
0.208263 -0.222699 0.015009 -0.279356 -0.161609
0.208263 -0.222699 0.015009 -0.279356 -0.161609
0.241157 -0.070841 0.058978 -0.39755 -0.325794
0.241157 -0.070841 0.058978 -0.39755 -0.325794
0.241157 -0.070841 0.058978 -0.39755 -0.325794
0.193439 -0.155451 -0.020708 -0.512748 -0.202917
0.06306 -0.243959 -0.070162 -0.314387 0.042949
0.06306 -0.243959 -0.070162 -0.314387 0.042949
0.06306 -0.243959 -0.070162 -0.314387 0.042949
-0.03086 -0.383428 -0.131601 -0.205584 0.215415
0.133734 -0.171193 -0.03141 -0.060084 0.273857
0.158044 -0.129111 0.057223 0.206033 0.293373
0.257795 -0.107202 0.086101 -0.152891 -0.085002
0.227725 -0.172752 0.035953 -0.096026 0.009362
0.227725 -0.172752 0.035953 -0.096026 0.009362
0.227725 -0.172752 0.035953 -0.096026 0.009362
0.227725 -0.172752 0.035953 -0.096026 0.009362
0.227725 -0.172752 0.035953 -0.096026 0.009362
0.227725 -0.172752 0.035953 -0.096026 0.009362
0.17937 -0.169907 -0.004478 -0.396335 -0.221581
0.17937 -0.169907 -0.004478 -0.396335 -0.221581
0.17937 -0.169907 -0.004478 -0.396335 -0.221581
0.149453 -0.241155 -0.002362 0.022954 0.203705
0.19392 -0.201712 0.007106 -0.214832 -0.111682
0.19392 -0.201712 0.007106 -0.214832 -0.111682
0.166527 -0.257828 -0.009141 -0.210417 -0.046437
0.166527 -0.257828 -0.009141 -0.210417 -0.046437
0.126121 -0.293712 -0.042574 0.054991 0.20801
0.136457 -0.322808 -0.023785 0.024658 0.157091
0.136457 -0.322808 -0.023785 0.024658 0.157091
0.136457 -0.322808 -0.023785 0.024658 0.157091
0.142094 -0.21642 0.010102 0.05289 0.165308
0.142094 -0.21642 0.010102 0.05289 0.165308
0.142094 -0.21642 0.010102 0.05289 0.165308
0.142094 -0.21642 0.010102 0.05289 0.165308
0.142094 -0.21642 0.010102 0.05289 0.165308
0.142094 -0.21642 0.010102 0.05289 0.165308
0.142094 -0.21642 0.010102 0.05289 0.165308
0.213364 -0.105542 0.11623 0.026397 -0.158186
0.290691 0.003491 0.186946 -0.02687 -0.346478
0.32554 -0.042011 0.113021 -0.213316 -0.224481
0.305535 -0.07691 0.093526 -0.095848 -0.165507
0.300231 -0.01889 0.089386 -0.22756 -0.138976
0.218212 -0.124917 0.119018 0.089084 -0.100574
0.20051 -0.15172 0.020046 -0.479946 -0.28096
0.141292 -0.180968 0.018548 -0.229336 -0.158613
0.151017 -0.182348 -0.031735 -0.275333 -0.014535
0.151017 -0.182348 -0.031735 -0.275333 -0.014535
0.202616 -0.15641 0.003997 -0.288116 -0.124203
0.16328 -0.20895 -0.038031 -0.287979 0.028683
0.16328 -0.20895 -0.038031 -0.287979 0.028683
0.16328 -0.20895 -0.038031 -0.287979 0.028683
0.199401 -0.165188 0.00058 0.026977 0.165409
0.200592 -0.157142 0.029745 0.097525 0.168411
0.217897 -0.075714 0.101575 -0.02141 -0.148194
0.095859 -0.289717 -0.037651 -0.12371 0.018562
0.124641 -0.330015 -0.032535 0.022997 0.215447
0.230411 -0.091454 0.07206 -0.053758 -0.090345
0.185565 -0.142621 0.059023 -0.098897 -0.122955
0.185565 -0.142621 0.059023 -0.098897 -0.122955
0.185565 -0.142621 0.059023 -0.098897 -0.122955
0.135092 -0.144445 -0.023831 -0.234925 -0.024128
0.159896 -0.152633 -0.020133 -0.164537 0.043444
0.13931 -0.162115 -0.002948 0.046067 0.196369
0.170954 -0.218696 -0.031049 -0.239859 0.096743
0.170954 -0.218696 -0.031049 -0.239859 0.096743
0.121978 -0.263649 -0.072915 -0.282175 0.07432
0.127523 -0.226706 0.007167 0.059863 0.188919
0.25706 -0.05512 0.104123 0.12111 0.097841
0.138278 -0.24054 -0.000535 0.093765 0.133441
0.14267 -0.226531 0.025966 0.121148 0.143126
0.14267 -0.226531 0.025966 0.121148 0.143126
0.156893 -0.180692 0.049162 0.117471 0.156789
0.082152 -0.251906 -0.098178 -0.42564 -0.049425
0.162847 -0.161078 -0.003139 -0.018823 0.157817
0.265332 -0.057869 0.076711 0.046626 0.085482
0.243593 -0.039446 0.04661 -0.331902 -0.126604
0.176074 -0.257779 0.020985 -0.44234 -0.281375
0.235971 -0.173439 0.080757 0.083088 0.132337
0.313826 -0.10744 0.150794 0.041307 -0.175399
0.313826 -0.10744 0.150794 0.041307 -0.175399
0.204561 -0.210362 0.062958 -0.210113 -0.260775
0.148442 -0.260549 -0.049765 -0.372324 -0.090217
0.04814 -0.389886 -0.041384 0.04963 0.215445
-0.044955 -0.449852 -0.172028 -0.228054 0.320308
-0.044955 -0.449852 -0.172028 -0.228054 0.320308
0.118198 -0.310475 -0.006609 0.190673 0.312337
0.128628 -0.263233 0.033098 0.18006 0.178407
0.128628 -0.263233 0.033098 0.18006 0.178407
0.113761 -0.230242 -0.00342 0.004457 0.174013
-0.001541 -0.36012 -0.066983 0.186198 0.397086
0.07903 -0.335889 -0.139452 -0.456413 0.20161
0.07903 -0.335889 -0.139452 -0.456413 0.20161
0.07903 -0.335889 -0.139452 -0.456413 0.20161
0.101335 -0.428464 -0.149424 -0.290717 0.308201
0.242929 -0.259143 -0.024085 -0.329081 0.018734
0.278628 -0.129811 0.101037 -0.048813 -0.192511
0.263491 -0.071877 0.100536 -0.160988 -0.31037
0.263491 -0.071877 0.100536 -0.160988 -0.31037
0.211941 -0.088204 0.039075 -0.089077 -0.100316
0.140832 -0.303745 -0.023364 0.017874 0.134732
0.173556 -0.128273 0.038289 -0.160447 -0.134879
0.173556 -0.128273 0.038289 -0.160447 -0.134879
0.265257 -0.076425 0.122758 -0.135301 -0.213104
0.265257 -0.076425 0.122758 -0.135301 -0.213104
0.252332 -0.087788 0.165782 0.08225 -0.199074
0.252332 -0.087788 0.165782 0.08225 -0.199074
0.197091 -0.161374 0.095635 -0.073053 -0.216994
0.097794 -0.24674 0.009892 -0.104394 -0.08151
0.241732 -0.042113 0.11188 -0.050528 -0.090951
0.267276 -0.113366 0.093899 -0.279959 -0.293879
0.122635 -0.162639 0.019631 -0.013132 0.009579
0.214066 -0.14278 0.080949 0.138526 0.00465
0.214066 -0.14278 0.080949 0.138526 0.00465
0.13172 -0.216715 -0.031275 0.044255 0.254367
0.101703 -0.260256 -0.053583 0.044103 0.293947
0.184241 -0.244389 0.022759 0.130382 0.237178
0.184241 -0.244389 0.022759 0.130382 0.237178
0.184241 -0.244389 0.022759 0.130382 0.237178
0.21972 -0.108975 0.051408 0.215021 0.281285
0.21972 -0.108975 0.051408 0.215021 0.281285
0.21972 -0.108975 0.051408 0.215021 0.281285
0.173399 -0.180432 0.047577 0.314816 0.368675
0.173399 -0.180432 0.047577 0.314816 0.368675
0.169852 -0.138637 0.071132 0.270424 0.218041
0.234989 -0.095297 0.072165 0.107171 0.140883
0.234989 -0.095297 0.072165 0.107171 0.140883
0.216768 -0.109999 0.070007 0.201015 0.178828
0.252477 -0.046936 0.054993 -0.203889 -0.094521
0.315587 -0.047307 0.066045 -0.248606 -0.113768
0.315587 -0.047307 0.066045 -0.248606 -0.113768
0.315587 -0.047307 0.066045 -0.248606 -0.113768
0.175919 -0.110073 -0.029459 -0.293137 0.035695
0.30316 -0.031716 0.088051 -0.176715 -0.175143
0.30316 -0.031716 0.088051 -0.176715 -0.175143
0.30316 -0.031716 0.088051 -0.176715 -0.175143
0.301053 -0.106025 0.086586 0.193417 0.193598
0.244588 -0.180497 0.005366 -0.292828 0.015413
0.332709 -0.038585 0.106993 -0.239852 -0.135965
0.332709 -0.038585 0.106993 -0.239852 -0.135965
0.301028 0.001407 0.094793 -0.278247 -0.040869
0.301028 0.001407 0.094793 -0.278247 -0.040869
0.228674 -0.138154 0.070415 -0.392271 -0.219493
0.228674 -0.138154 0.070415 -0.392271 -0.219493
0.172725 -0.174069 -0.007777 -0.691769 -0.355157
0.172725 -0.174069 -0.007777 -0.691769 -0.355157
0.172725 -0.174069 -0.007777 -0.691769 -0.355157
0.172725 -0.174069 -0.007777 -0.691769 -0.355157
0.172725 -0.174069 -0.007777 -0.691769 -0.355157
0.172725 -0.174069 -0.007777 -0.691769 -0.355157
0.172725 -0.174069 -0.007777 -0.691769 -0.355157
0.172725 -0.174069 -0.007777 -0.691769 -0.355157
0.172725 -0.174069 -0.007777 -0.691769 -0.355157
0.172725 -0.174069 -0.007777 -0.691769 -0.355157
0.172725 -0.174069 -0.007777 -0.691769 -0.355157
0.172725 -0.174069 -0.007777 -0.691769 -0.355157
0.172725 -0.174069 -0.007777 -0.691769 -0.355157
0.172725 -0.174069 -0.007777 -0.691769 -0.355157
0.172725 -0.174069 -0.007777 -0.691769 -0.355157
0.172725 -0.174069 -0.007777 -0.691769 -0.355157
0.172725 -0.174069 -0.007777 -0.691769 -0.355157
0.172725 -0.174069 -0.007777 -0.691769 -0.355157
0.172725 -0.174069 -0.007777 -0.691769 -0.355157
0.172725 -0.174069 -0.007777 -0.691769 -0.355157
0.172725 -0.174069 -0.007777 -0.691769 -0.355157
0.172725 -0.174069 -0.007777 -0.691769 -0.355157
0.172725 -0.174069 -0.007777 -0.691769 -0.355157
0.172725 -0.174069 -0.007777 -0.691769 -0.355157
0.172725 -0.174069 -0.007777 -0.691769 -0.355157
0.172725 -0.174069 -0.007777 -0.691769 -0.355157
0.172725 -0.174069 -0.007777 -0.691769 -0.355157
0.172725 -0.174069 -0.007777 -0.691769 -0.355157
0.219596 -0.102836 0.068636 -0.429144 -0.353322
0.219596 -0.102836 0.068636 -0.429144 -0.353322
0.249226 -0.067519 0.063671 -0.474469 -0.431032
0.249226 -0.067519 0.063671 -0.474469 -0.431032
0.282211 -0.060498 0.069209 -0.296553 -0.18237
0.225966 -0.134092 0.075996 0.076326 0.097336
0.225966 -0.134092 0.075996 0.076326 0.097336
0.202168 -0.158388 -0.002425 -0.205613 0.104019
0.202168 -0.158388 -0.002425 -0.205613 0.104019
0.246647 -0.101553 0.041644 -0.160694 -0.084902
0.246647 -0.101553 0.041644 -0.160694 -0.084902
0.246647 -0.101553 0.041644 -0.160694 -0.084902
0.175416 -0.140209 -0.013455 -0.069753 0.126697
0.175416 -0.140209 -0.013455 -0.069753 0.126697
0.156863 -0.14214 -0.02324 -0.033442 0.171721
0.159902 -0.244975 -0.028942 -0.083545 0.062015
0.159902 -0.244975 -0.028942 -0.083545 0.062015
0.144726 -0.204685 -0.037256 -0.205691 0.044558
0.144726 -0.204685 -0.037256 -0.205691 0.044558
0.144726 -0.204685 -0.037256 -0.205691 0.044558
0.144726 -0.204685 -0.037256 -0.205691 0.044558
0.144726 -0.204685 -0.037256 -0.205691 0.044558
0.144726 -0.204685 -0.037256 -0.205691 0.044558
0.116181 -0.163565 -0.015326 -0.155625 -0.002883
0.108373 -0.122863 -0.041792 -0.419625 -0.157467
0.064459 -0.173484 -0.05861 -0.299038 0.052279
0.217277 -0.135115 -0.027764 -0.506913 -0.050651
0.179719 -0.152018 -0.119539 -0.670314 0.062553
0.179719 -0.152018 -0.119539 -0.670314 0.062553
0.179719 -0.152018 -0.119539 -0.670314 0.062553
0.179719 -0.152018 -0.119539 -0.670314 0.062553
0.179719 -0.152018 -0.119539 -0.670314 0.062553
0.179719 -0.152018 -0.119539 -0.670314 0.062553
0.179719 -0.152018 -0.119539 -0.670314 0.062553
0.179719 -0.152018 -0.119539 -0.670314 0.062553
0.179719 -0.152018 -0.119539 -0.670314 0.062553
0.179719 -0.152018 -0.119539 -0.670314 0.062553
0.179719 -0.152018 -0.119539 -0.670314 0.062553
0.179719 -0.152018 -0.119539 -0.670314 0.062553
0.179719 -0.152018 -0.119539 -0.670314 0.062553
0.083259 -0.309087 -0.138915 -0.400368 0.214119
0.126397 -0.214533 -0.071903 -0.401508 0.012428
0.126397 -0.214533 -0.071903 -0.401508 0.012428
0.089251 -0.201299 -0.036221 -0.19958 -0.048535
0.089251 -0.201299 -0.036221 -0.19958 -0.048535
0.089251 -0.201299 -0.036221 -0.19958 -0.048535
0.168141 -0.148161 0.061656 -0.110576 -0.207609
0.240962 -0.069783 0.108493 -0.011237 -0.134014
0.175631 -0.069934 0.086805 0.142256 0.005222
0.198118 -0.089983 0.048837 -0.383655 -0.352671
0.296925 0.002288 0.19301 0.326066 0.003302
0.18353 -0.086693 0.103605 0.247696 0.149962
0.132875 -0.161072 0.032362 0.030878 0.00691
0.177766 -0.239231 -0.004839 -0.218523 -0.067826
0.312579 -0.094813 0.103135 -0.158356 -0.13716
0.261754 -0.134955 0.062117 -0.024492 0.123998
0.258668 -0.106154 0.122061 0.391977 0.261819
0.283401 -0.044379 0.147091 0.143768 0.006131
0.283401 -0.044379 0.147091 0.143768 0.006131
0.191445 -0.222862 0.034519 0.022195 0.005389
0.145511 -0.217795 0.030209 0.109377 0.123489
0.178882 -0.135231 0.065803 0.12073 0.061462
0.178882 -0.135231 0.065803 0.12073 0.061462
0.211452 -0.196425 0.04532 0.117386 0.222789
0.211452 -0.196425 0.04532 0.117386 0.222789
0.211452 -0.196425 0.04532 0.117386 0.222789
0.186312 -0.179336 0.031309 0.172752 0.240202
0.163059 -0.279691 -0.033118 0.025605 0.209578
0.163059 -0.279691 -0.033118 0.025605 0.209578
0.209131 -0.176223 0.11768 0.160946 -0.115286
0.28923 -0.19709 0.087529 0.097625 0.010636
0.272923 -0.156172 0.093612 0.258318 0.178707
0.1497 -0.289765 0.018681 0.375244 0.449306
0.172686 -0.225752 0.060262 0.268224 0.220401
0.23034 -0.081385 0.104303 0.1135 -0.041276
0.271658 -0.119245 0.062867 0.041652 -0.065521
0.218421 -0.217163 0.005251 -0.074427 -0.028193
0.204151 -0.194144 -0.001605 -0.250132 -0.093447
0.204151 -0.194144 -0.001605 -0.250132 -0.093447
0.112945 -0.174804 -0.059437 -0.128116 0.128092
0.148123 -0.129883 0.049983 0.189851 0.179677
0.148123 -0.129883 0.049983 0.189851 0.179677
0.220232 -0.072596 0.062363 -0.062499 -0.009444
0.281287 -0.06952 0.101195 -0.009421 -0.111954
0.20819 -0.151206 0.035788 -0.230803 -0.307256
0.241581 -0.082454 0.00677 -0.317289 -0.170067
0.254033 -0.08469 0.013138 -0.212162 -0.032375
0.311253 -0.040945 0.10646 -0.227184 -0.237412
0.311253 -0.040945 0.10646 -0.227184 -0.237412
0.279276 -0.210242 0.101452 0.190277 0.105484
0.294914 -0.147488 0.063192 -0.143798 -0.040374
0.223807 -0.212188 -0.01933 -0.157882 0.20263
0.165985 -0.284462 -0.011377 0.023884 0.197203
0.164053 -0.202526 -0.001308 -0.072547 0.146323
0.188449 -0.200169 0.008317 -0.285806 -0.066306
0.170035 -0.161676 0.021486 -0.077464 0.076414
0.170035 -0.161676 0.021486 -0.077464 0.076414
0.265811 -0.084738 0.099512 -0.116363 -0.146668
0.226655 -0.102454 0.035683 -0.174435 -0.057868
0.226655 -0.102454 0.035683 -0.174435 -0.057868
0.20715 -0.177183 0.021096 -0.102522 0.080347
0.20715 -0.177183 0.021096 -0.102522 0.080347
0.185305 -0.244221 -0.084371 -0.108069 0.383128
0.078901 -0.280863 -0.074215 0.121852 0.508876
0.078901 -0.280863 -0.074215 0.121852 0.508876
0.150924 -0.181546 0.028481 0.208439 0.296113
0.157056 -0.158824 0.028275 0.072515 0.163219
0.247115 -0.112681 0.115164 0.228243 0.108194
0.210938 -0.131984 0.098436 0.207249 0.106636
0.210938 -0.131984 0.098436 0.207249 0.106636
0.210938 -0.131984 0.098436 0.207249 0.106636
0.210938 -0.131984 0.098436 0.207249 0.106636
0.205025 -0.089441 0.149641 0.262239 -0.064785
0.178535 -0.07781 0.090605 0.073041 -0.104566
0.225194 -0.034791 0.107211 0.115978 0.04577
0.148904 -0.122902 0.029279 -0.24806 -0.160396
0.10957 -0.185826 -0.02274 -0.242591 -0.119218
0.074489 -0.285499 -0.045595 -0.088291 0.140377
0.116678 -0.189691 0.003633 -0.102328 -0.089026
0.116678 -0.189691 0.003633 -0.102328 -0.089026
0.16561 -0.158013 -0.009676 -0.349494 -0.187575
0.16561 -0.158013 -0.009676 -0.349494 -0.187575
0.182575 -0.090684 0.036379 -0.155105 -0.0777
0.182575 -0.090684 0.036379 -0.155105 -0.0777
0.182575 -0.090684 0.036379 -0.155105 -0.0777
0.145618 -0.143529 -0.004538 -0.284946 -0.117333
0.145618 -0.143529 -0.004538 -0.284946 -0.117333
0.149793 -0.165145 -0.002222 -0.257933 -0.140103
0.087046 -0.301992 -0.062457 -0.403122 -0.200351
0.087046 -0.301992 -0.062457 -0.403122 -0.200351
0.087046 -0.301992 -0.062457 -0.403122 -0.200351
0.087046 -0.301992 -0.062457 -0.403122 -0.200351
0.087046 -0.301992 -0.062457 -0.403122 -0.200351
0.087046 -0.301992 -0.062457 -0.403122 -0.200351
0.087046 -0.301992 -0.062457 -0.403122 -0.200351
0.171175 -0.313148 -0.021591 -0.275912 -0.029443
0.167212 -0.296699 -0.028569 -0.374752 -0.063071
0.103425 -0.362289 -0.128798 -0.494145 -0.029513
0.155832 -0.270652 -0.10347 -0.531899 -0.005901
0.155832 -0.270652 -0.10347 -0.531899 -0.005901
0.155832 -0.270652 -0.10347 -0.531899 -0.005901
0.155832 -0.270652 -0.10347 -0.531899 -0.005901
0.155832 -0.270652 -0.10347 -0.531899 -0.005901
0.155832 -0.270652 -0.10347 -0.531899 -0.005901
0.216673 -0.206912 -0.031642 -0.31877 -0.039279
0.216673 -0.206912 -0.031642 -0.31877 -0.039279
0.216673 -0.206912 -0.031642 -0.31877 -0.039279
0.216673 -0.206912 -0.031642 -0.31877 -0.039279
0.216673 -0.206912 -0.031642 -0.31877 -0.039279
0.171628 -0.240452 -2.8e-05 -0.126206 -0.111628
0.241429 -0.113517 0.054894 -0.375693 -0.356947
0.241429 -0.113517 0.054894 -0.375693 -0.356947
0.241429 -0.113517 0.054894 -0.375693 -0.356947
0.241429 -0.113517 0.054894 -0.375693 -0.356947
0.254564 -0.136869 0.073772 -0.4091 -0.445102
0.265237 -0.139784 0.095986 -0.378812 -0.473413
0.238461 -0.172175 0.028945 -0.396198 -0.240231
0.238461 -0.172175 0.028945 -0.396198 -0.240231
0.238461 -0.172175 0.028945 -0.396198 -0.240231
0.238461 -0.172175 0.028945 -0.396198 -0.240231
0.238461 -0.172175 0.028945 -0.396198 -0.240231
0.238461 -0.172175 0.028945 -0.396198 -0.240231
0.238461 -0.172175 0.028945 -0.396198 -0.240231
0.252795 -0.158948 0.086063 -0.186896 -0.270624
0.197292 -0.21948 0.035825 -0.009246 -0.02531
0.194965 -0.22372 0.037374 0.016516 -0.013178
0.217068 -0.155267 0.106885 0.066267 -0.212411
0.208705 -0.199286 0.045434 -0.090624 -0.037845
0.205326 -0.128817 0.050472 -0.040983 0.00974
0.073398 -0.222084 -0.028721 0.12429 0.237651
0.212991 -0.20118 0.071292 0.073101 0.049778
0.137838 -0.189042 0.019558 -0.180949 -0.17413
0.137838 -0.189042 0.019558 -0.180949 -0.17413
0.177707 -0.165744 0.010552 -0.312714 -0.136767
0.177707 -0.165744 0.010552 -0.312714 -0.136767
0.150629 -0.227718 0.008143 0.124832 0.174447
0.044855 -0.378762 -0.086176 0.003733 0.152298
0.148367 -0.2076 -0.025766 -0.282461 -0.093788
0.148367 -0.2076 -0.025766 -0.282461 -0.093788
0.148367 -0.2076 -0.025766 -0.282461 -0.093788
0.101663 -0.231792 -0.019695 -0.076547 0.051819
0.175674 -0.121881 0.048798 -0.055084 -0.030192
0.175674 -0.121881 0.048798 -0.055084 -0.030192
0.148419 -0.129836 0.002866 -0.342399 -0.230819
0.13763 -0.180264 -0.035586 -0.521641 -0.210793
0.13763 -0.180264 -0.035586 -0.521641 -0.210793
0.13763 -0.180264 -0.035586 -0.521641 -0.210793
0.13763 -0.180264 -0.035586 -0.521641 -0.210793
0.107088 -0.249966 -0.018928 -0.117987 0.096515
0.012461 -0.359362 -0.083042 0.168244 0.425394
0.137669 -0.191601 0.002599 0.038988 0.267347
0.150303 -0.17997 0.077004 -0.054166 -0.06254
0.413553 0.123842 0.222744 -0.143122 -0.314204
0.329475 -0.13727 0.168574 0.142426 -0.183269
0.329475 -0.13727 0.168574 0.142426 -0.183269
0.329475 -0.13727 0.168574 0.142426 -0.183269
0.328144 -0.070306 0.194108 0.098248 -0.224689
0.328144 -0.070306 0.194108 0.098248 -0.224689
0.328144 -0.070306 0.194108 0.098248 -0.224689
0.247668 -0.023949 0.047863 -0.245809 -0.096632
0.219235 -0.10014 0.056204 -0.028257 0.09576
0.219235 -0.10014 0.056204 -0.028257 0.09576
0.182116 -0.077107 0.064481 0.285425 0.331284
0.182116 -0.077107 0.064481 0.285425 0.331284
0.182116 -0.077107 0.064481 0.285425 0.331284
0.182116 -0.077107 0.064481 0.285425 0.331284
0.201729 -0.071378 0.081284 0.058966 0.00486
0.168652 -0.116936 0.010594 0.029118 0.193532
0.056098 -0.230989 -0.05539 0.032979 0.224705
0.057183 -0.304163 -0.047761 -0.227817 -0.113289
0.205878 -0.126427 0.077092 -0.147592 -0.218571
0.222918 -0.148846 0.009512 -0.383308 -0.202958
0.222918 -0.148846 0.009512 -0.383308 -0.202958
0.222918 -0.148846 0.009512 -0.383308 -0.202958
0.222918 -0.148846 0.009512 -0.383308 -0.202958
0.222918 -0.148846 0.009512 -0.383308 -0.202958
0.053579 -0.307781 -0.09397 -0.243155 0.112356
0.053579 -0.307781 -0.09397 -0.243155 0.112356
0.053579 -0.307781 -0.09397 -0.243155 0.112356
0.049635 -0.314241 -0.113307 -0.185079 0.210456
0.229481 -0.168713 -0.048333 -0.247351 0.162473
0.25681 -0.155551 0.036571 -0.378799 -0.203445
0.25681 -0.155551 0.036571 -0.378799 -0.203445
0.25681 -0.155551 0.036571 -0.378799 -0.203445
0.268648 -0.081514 0.050011 -0.427722 -0.24576
0.245072 -0.117545 0.046137 -0.273594 -0.10067
0.245072 -0.117545 0.046137 -0.273594 -0.10067
0.245072 -0.117545 0.046137 -0.273594 -0.10067
0.21617 -0.105102 0.076668 -0.138949 -0.130192
0.15293 -0.152107 0.015081 -0.155094 0.007849
0.261043 -0.024859 0.058211 -0.327173 -0.155191
0.253276 -0.092306 0.047415 -0.194469 0.003805
0.197935 -0.079298 0.049675 -0.355389 -0.173195
0.141055 -0.368179 -0.109882 -0.540709 0.011922
0.122391 -0.42054 -0.072222 -0.227029 0.120672
0.122391 -0.42054 -0.072222 -0.227029 0.120672
0.120685 -0.397242 -0.073489 -0.123991 0.20878
0.038947 -0.390769 -0.095099 -0.050423 0.221835
0.038947 -0.390769 -0.095099 -0.050423 0.221835
0.038947 -0.390769 -0.095099 -0.050423 0.221835
0.038947 -0.390769 -0.095099 -0.050423 0.221835
0.038947 -0.390769 -0.095099 -0.050423 0.221835
0.038947 -0.390769 -0.095099 -0.050423 0.221835
0.188092 -0.174678 0.064972 0.167401 0.092111
0.097424 -0.306103 -0.031636 0.078719 0.222148
0.151648 -0.235431 -0.004313 -0.110731 0.073898
0.20744 -0.170601 0.056569 -0.136615 -0.173838
0.20744 -0.170601 0.056569 -0.136615 -0.173838
0.181951 -0.160834 -0.001674 -0.204927 -0.119076
0.181951 -0.160834 -0.001674 -0.204927 -0.119076
0.220471 -0.146546 0.032573 -0.063815 -0.037877
0.220471 -0.146546 0.032573 -0.063815 -0.037877
0.248183 -0.069875 0.073642 -0.165365 -0.19401
0.227952 -0.113269 0.078504 -0.109297 -0.167567
0.139093 -0.20499 -0.040355 -0.197638 0.096563
0.197234 -0.329205 -0.052826 -0.218358 0.19038
0.077464 -0.345674 -0.103837 -0.019096 0.29363
0.187504 -0.154361 0.023653 -0.129843 -0.104513
0.187504 -0.154361 0.023653 -0.129843 -0.104513
0.148567 -0.209899 0.005814 0.03019 0.105176
0.198841 -0.212149 0.060464 0.066141 -0.032695
0.097669 -0.310085 -0.117404 -0.209081 0.293236
0.097357 -0.287138 -0.10467 -0.209273 0.204407
0.284556 -0.040006 0.095674 -0.063727 -0.019501
0.162056 -0.237146 0.077697 0.139307 0.068164
0.090695 -0.30548 -0.034363 -0.307751 -0.129187
0.182729 -0.182525 0.036316 0.106108 0.189239
0.177315 -0.149147 0.036429 0.062445 0.171623
0.164134 -0.218668 0.04488 0.342783 0.30127
0.164134 -0.218668 0.04488 0.342783 0.30127
0.202614 -0.17236 0.044191 0.04376 0.16157
0.202614 -0.17236 0.044191 0.04376 0.16157
0.202614 -0.17236 0.044191 0.04376 0.16157
0.123518 -0.26035 -0.003749 0.113259 0.22435
0.123518 -0.26035 -0.003749 0.113259 0.22435
0.123518 -0.26035 -0.003749 0.113259 0.22435
0.242914 -0.108244 0.094063 0.209505 0.150518
0.242914 -0.108244 0.094063 0.209505 0.150518
0.220351 -0.056637 0.132443 0.223701 0.086046
0.220351 -0.056637 0.132443 0.223701 0.086046
0.220351 -0.056637 0.132443 0.223701 0.086046
0.220351 -0.056637 0.132443 0.223701 0.086046
0.324289 0.013404 0.182909 0.255674 0.063945
0.334961 0.030493 0.153491 0.167587 -0.045956
0.192053 -0.082521 0.016783 -0.061891 0.128032
0.192053 -0.082521 0.016783 -0.061891 0.128032
0.156919 -0.287496 0.026454 0.072705 0.132012
0.127411 -0.161933 0.005433 0.100084 0.210993
0.127411 -0.161933 0.005433 0.100084 0.210993
0.220843 -0.110736 0.027407 0.079143 0.297905
-0.006259 -0.163645 -0.057424 0.081611 0.315486
0.054596 -0.149865 -0.020959 -0.048909 0.14937
0.072605 -0.239927 0.002367 -0.111304 -0.156192
0.158563 -0.196365 -0.088108 -0.381049 0.008441
0.158563 -0.196365 -0.088108 -0.381049 0.008441
0.20976 -0.091331 0.073635 -0.198743 -0.339196
0.207763 -0.089209 0.075314 -0.024995 -0.083735
0.217197 -0.036231 0.034928 -0.258759 -0.010826
0.213526 -0.141437 0.12122 0.235034 0.176443
0.100165 -0.268211 -0.051759 0.159943 0.452215
0.100165 -0.268211 -0.051759 0.159943 0.452215
0.168123 -0.180283 -0.025127 -0.08174 0.218386
0.234841 -0.124624 0.091205 -0.013315 0.025823
0.183892 -0.206514 0.045165 -0.025481 0.106884
0.113942 -0.306292 -0.105689 -0.276142 0.145987
0.086291 -0.418383 -0.115754 -0.057814 0.242258
0.086291 -0.418383 -0.115754 -0.057814 0.242258
0.096119 -0.341174 -0.08696 -0.256119 0.038728
0.096532 -0.313666 -0.086152 -0.121211 0.172951
0.114051 -0.340229 -0.073949 -0.206323 0.006733
0.098821 -0.331279 -0.02783 -0.112847 -0.043682
0.125544 -0.276615 0.024419 0.111574 0.074083
0.125544 -0.276615 0.024419 0.111574 0.074083
0.247167 -0.125765 0.068558 -0.125109 -0.158425
0.247167 -0.125765 0.068558 -0.125109 -0.158425
0.23097 -0.069365 0.060056 -0.182363 -0.156389
0.120278 -0.235154 -0.042326 -0.287577 -0.186833
0.120278 -0.235154 -0.042326 -0.287577 -0.186833
0.245225 -0.094359 0.080555 -0.196024 -0.300729
0.245225 -0.094359 0.080555 -0.196024 -0.300729
0.173169 -0.260431 -0.030624 -0.158118 0.088341
0.249939 -0.198436 0.029718 -0.110994 0.03957
0.249939 -0.198436 0.029718 -0.110994 0.03957
0.190185 -0.229137 -0.003114 -0.199027 0.014719
0.190185 -0.229137 -0.003114 -0.199027 0.014719
0.182729 -0.263546 0.016659 0.036761 0.069213
0.152091 -0.22626 -0.006073 -0.025326 0.17093
0.237085 -0.125315 0.050726 0.097767 0.231812
0.211397 -0.147395 -0.025647 0.089443 0.316474
0.173362 -0.204279 -0.055799 -0.052254 0.303123
0.173362 -0.204279 -0.055799 -0.052254 0.303123
0.163887 -0.169269 -0.049016 -0.226511 0.061149
0.161798 -0.154555 0.030818 0.14178 0.285309
0.306393 -0.041193 0.05043 -0.162849 -0.060809
0.252798 -0.149663 0.019025 -0.131348 0.03744
0.139188 -0.27587 -0.008176 0.16978 0.229837
0.139188 -0.27587 -0.008176 0.16978 0.229837
0.120703 -0.253072 -0.001957 0.198514 0.232239
0.114903 -0.237428 -0.038871 -0.05748 0.160739
0.114903 -0.237428 -0.038871 -0.05748 0.160739
0.233301 -0.068056 0.042879 -0.106704 -0.055201
0.233301 -0.068056 0.042879 -0.106704 -0.055201
0.233301 -0.068056 0.042879 -0.106704 -0.055201
0.165207 -0.176745 0.004491 -0.047814 0.028746
0.165443 -0.191219 -0.029 -0.269032 -0.018104
0.125897 -0.19738 -0.07722 -0.276038 0.057754
0.125897 -0.19738 -0.07722 -0.276038 0.057754
0.157045 -0.131065 -0.000526 -0.313431 -0.141506
0.122443 -0.190339 -0.005075 -0.11084 0.010193
0.047702 -0.219738 -0.057464 -0.152548 0.070018
0.047702 -0.219738 -0.057464 -0.152548 0.070018
0.069866 -0.29169 -0.063796 -0.009752 0.198374
0.131908 -0.227963 -0.016994 -0.323166 -0.122726
0.131908 -0.227963 -0.016994 -0.323166 -0.122726
0.197961 -0.176126 0.001776 -0.279492 -0.064497
0.158609 -0.175732 -0.038507 -0.332734 -0.009302
0.195837 -0.153783 -0.024446 -0.504728 -0.10721
0.195837 -0.153783 -0.024446 -0.504728 -0.10721
0.195837 -0.153783 -0.024446 -0.504728 -0.10721
0.195837 -0.153783 -0.024446 -0.504728 -0.10721
0.195837 -0.153783 -0.024446 -0.504728 -0.10721
0.195837 -0.153783 -0.024446 -0.504728 -0.10721
0.195837 -0.153783 -0.024446 -0.504728 -0.10721
0.195837 -0.153783 -0.024446 -0.504728 -0.10721
0.195837 -0.153783 -0.024446 -0.504728 -0.10721
0.160559 -0.165957 0.006049 -0.133272 0.016843
0.045915 -0.450511 -0.087398 -0.304128 0.043818
0.045915 -0.450511 -0.087398 -0.304128 0.043818
0.075784 -0.351991 -0.148999 -0.493686 0.127585
0.07684 -0.357748 -0.160399 -0.43507 0.090918
0.13964 -0.234933 -0.06964 -0.314157 0.075914
0.11691 -0.241714 -0.069585 -0.352974 0.003881
0.11691 -0.241714 -0.069585 -0.352974 0.003881
0.161597 -0.155806 -0.027453 -0.373926 -0.095665
0.159218 -0.186889 -0.004173 -0.174681 -0.065097
0.22258 -0.106118 0.069906 -0.173206 -0.195207
0.202195 -0.097622 0.09746 -0.076244 -0.231803
0.232337 -0.122713 0.086308 -0.082923 -0.210634
0.217926 -0.065578 0.072452 -0.072585 -0.096659
0.300431 -0.039624 0.127655 0.20618 0.141845
0.279565 -0.068024 0.070195 0.113908 0.293925
0.119533 -0.308536 -0.088019 -0.065739 0.279305
0.119533 -0.308536 -0.088019 -0.065739 0.279305
0.11544 -0.310628 -0.03753 0.003972 0.204694
0.11544 -0.310628 -0.03753 0.003972 0.204694
0.237648 -0.176576 0.091024 0.197165 0.055596
0.20297 -0.147931 0.076278 0.317139 0.211094
0.248337 -0.112153 0.14899 0.303553 0.056981
0.248337 -0.112153 0.14899 0.303553 0.056981
0.281742 0.012642 0.112982 -0.195719 -0.220926
-0.027533 -0.377063 -0.154484 -0.171191 0.165676
-0.095135 -0.396502 -0.129875 -0.020653 0.199734
-0.008235 -0.495258 -0.128441 -0.212151 0.064062
-0.008235 -0.495258 -0.128441 -0.212151 0.064062
0.092747 -0.431059 -0.051465 -0.35788 -0.173777
0.193396 -0.218689 0.053161 -0.382156 -0.363634
0.201154 -0.193978 0.075525 -0.16815 -0.234079
0.201154 -0.193978 0.075525 -0.16815 -0.234079
0.112782 -0.255606 -0.049006 -0.526566 -0.24111
0.112782 -0.255606 -0.049006 -0.526566 -0.24111
0.112782 -0.255606 -0.049006 -0.526566 -0.24111
0.112782 -0.255606 -0.049006 -0.526566 -0.24111
0.112782 -0.255606 -0.049006 -0.526566 -0.24111
0.112782 -0.255606 -0.049006 -0.526566 -0.24111
0.226023 -0.191846 -0.01046 -0.515545 -0.223433
0.176374 -0.086313 0.026654 -0.128534 -0.0563
0.169652 -0.200874 -0.06374 -0.301761 0.088118
0.14778 -0.216786 -0.084063 -0.332324 0.142407
0.14778 -0.216786 -0.084063 -0.332324 0.142407
0.201831 -0.08808 0.003446 -0.225922 0.031472
0.201831 -0.08808 0.003446 -0.225922 0.031472
0.214847 -0.273367 0.013944 -0.175184 0.041898
0.032584 -0.430237 -0.112136 -0.148702 0.167192
0.243229 -0.193411 0.083531 0.153712 0.08025
0.243229 -0.193411 0.083531 0.153712 0.08025
0.176243 -0.190911 0.033288 0.062598 0.170161
0.251234 -0.093563 0.108008 0.152337 0.113964
0.251234 -0.093563 0.108008 0.152337 0.113964
0.205619 -0.093839 0.118157 0.194976 0.083392
0.205619 -0.093839 0.118157 0.194976 0.083392
0.220894 -0.084825 0.088802 0.095585 0.121696
0.225289 -0.083003 0.097074 0.192362 0.23071
0.286694 0.006941 0.124576 0.054685 0.050558
0.286694 0.006941 0.124576 0.054685 0.050558
0.288768 -0.006261 0.134747 0.112019 0.054905
0.211966 -0.167954 0.029091 -0.084799 0.106441
0.272162 -0.14356 0.100408 -0.069038 -0.083054
0.282348 -0.150492 0.093673 0.236052 0.216576
0.282348 -0.150492 0.093673 0.236052 0.216576
0.179359 -0.287732 0.03779 0.040865 0.008089
0.13563 -0.254889 -0.008234 -0.298961 -0.099197
0.13563 -0.254889 -0.008234 -0.298961 -0.099197
0.175055 -0.192226 0.034635 -0.248756 -0.127217
0.175055 -0.192226 0.034635 -0.248756 -0.127217
0.175055 -0.192226 0.034635 -0.248756 -0.127217
0.26339 -0.056552 0.065328 -0.271354 -0.123562
0.26339 -0.056552 0.065328 -0.271354 -0.123562
0.145956 -0.171654 -0.012465 -0.149059 0.094602
0.145956 -0.171654 -0.012465 -0.149059 0.094602
0.145956 -0.171654 -0.012465 -0.149059 0.094602
0.241181 -0.110459 0.069271 -0.014251 0.103847
0.258251 -0.056401 0.07515 0.108089 0.204099
0.319071 0.008727 0.145969 0.096649 0.044151
0.209653 -0.171661 0.111217 0.152984 0.060469
0.209653 -0.171661 0.111217 0.152984 0.060469
0.068603 -0.441172 -0.035529 0.070113 0.110225
0.201759 -0.290963 0.077942 0.216785 0.094562
0.201759 -0.290963 0.077942 0.216785 0.094562
0.201759 -0.290963 0.077942 0.216785 0.094562
0.291037 -0.056988 0.188769 0.369964 0.072956
0.291037 -0.056988 0.188769 0.369964 0.072956
0.291037 -0.056988 0.188769 0.369964 0.072956
0.164626 -0.175836 0.023202 -0.188057 -0.066078
0.164626 -0.175836 0.023202 -0.188057 -0.066078
0.105131 -0.336298 -0.125561 -0.585743 0.02062
0.150935 -0.197753 -0.018901 -0.377396 -0.021819
0.121964 -0.307902 -0.050225 0.129816 0.342977
0.204441 -0.108443 0.067383 0.136119 0.122473
0.191613 -0.097416 0.013472 -0.197507 -0.051828
0.191613 -0.097416 0.013472 -0.197507 -0.051828
0.21749 -0.16943 0.033658 -0.176607 -0.106374
0.21749 -0.16943 0.033658 -0.176607 -0.106374
0.21749 -0.16943 0.033658 -0.176607 -0.106374
0.259915 -0.078767 0.157251 0.251597 -0.049933
0.259915 -0.078767 0.157251 0.251597 -0.049933
0.132778 -0.149619 0.070569 0.159415 -0.070855
0.030563 -0.292476 -0.128489 0.031838 0.401965
0.246689 -0.116782 0.113742 0.429274 0.196812
0.246689 -0.116782 0.113742 0.429274 0.196812
0.222809 -0.114207 0.039423 0.154781 0.122943
0.222809 -0.114207 0.039423 0.154781 0.122943
0.189255 -0.133878 0.015614 -0.260114 -0.209237
0.189255 -0.133878 0.015614 -0.260114 -0.209237
0.153559 -0.236494 -0.041916 -0.23512 0.006158
0.153559 -0.236494 -0.041916 -0.23512 0.006158
0.235157 -0.19205 -0.007613 -0.200097 0.006663
0.3085 -0.09307 0.066356 -0.095234 -0.017936
0.3085 -0.09307 0.066356 -0.095234 -0.017936
0.270158 -0.200547 -0.004099 -0.249811 -0.02029
0.270158 -0.200547 -0.004099 -0.249811 -0.02029
0.270158 -0.200547 -0.004099 -0.249811 -0.02029
0.206441 -0.258356 -0.008567 -0.411289 -0.120974
0.206441 -0.258356 -0.008567 -0.411289 -0.120974
0.258469 -0.067652 0.028419 -0.381679 -0.189863
0.258469 -0.067652 0.028419 -0.381679 -0.189863
0.258469 -0.067652 0.028419 -0.381679 -0.189863
0.234346 -0.029132 0.094242 -0.005605 -0.062533
0.234346 -0.029132 0.094242 -0.005605 -0.062533
0.234346 -0.029132 0.094242 -0.005605 -0.062533
0.202295 -0.043792 0.07789 -0.051818 -0.096299
0.114238 -0.32922 -0.021182 -0.253914 -0.124285
0.114238 -0.32922 -0.021182 -0.253914 -0.124285
0.143817 -0.227399 0.000909 -0.262179 -0.172485
0.172194 -0.103318 0.032807 -0.316568 -0.222467
0.172194 -0.103318 0.032807 -0.316568 -0.222467
0.172194 -0.103318 0.032807 -0.316568 -0.222467
0.172194 -0.103318 0.032807 -0.316568 -0.222467
0.172194 -0.103318 0.032807 -0.316568 -0.222467
0.057233 -0.18249 -0.030866 -0.144427 -0.026397
0.057233 -0.18249 -0.030866 -0.144427 -0.026397
0.047884 -0.261134 -0.066697 -0.19179 0.011188
0.064182 -0.364449 -0.075046 -0.271752 -0.070642
0.082042 -0.295631 -0.050973 -0.28173 -0.070097
0.112932 -0.210492 -0.040305 -0.205191 0.082152
0.112932 -0.210492 -0.040305 -0.205191 0.082152
0.112932 -0.210492 -0.040305 -0.205191 0.082152
0.112932 -0.210492 -0.040305 -0.205191 0.082152
0.111096 -0.173975 0.022138 0.250656 0.254581
0.144017 -0.155694 0.023418 0.130324 0.282179
0.144017 -0.155694 0.023418 0.130324 0.282179
0.144017 -0.155694 0.023418 0.130324 0.282179
0.101637 -0.225119 -0.022984 -0.08905 0.194598
0.121764 -0.171016 0.014556 0.009585 0.044552
0.180652 -0.185917 0.077772 0.199622 0.053792
0.135817 -0.205396 0.049683 0.076305 0.045686
0.151874 -0.13107 0.079636 0.07888 -0.024366
0.156339 -0.200574 0.056752 0.092895 0.008633
0.18031 -0.197149 -0.025435 -0.247562 -0.035389
0.209017 -0.143656 0.01372 0.033893 0.180647
0.234535 -0.150587 0.057538 -0.085167 -0.086846
0.162294 -0.112924 0.005599 -0.217785 -0.092234
0.196563 -0.111327 0.023866 -0.365972 -0.278087
0.249233 -0.089646 0.061416 -0.183998 -0.182138
0.230264 -0.068869 0.077866 -0.258614 -0.24443
0.268281 0.00205 0.127247 -0.281479 -0.398663
0.268281 0.00205 0.127247 -0.281479 -0.398663
0.202035 -0.153568 0.080571 -0.069199 -0.255894
0.202035 -0.153568 0.080571 -0.069199 -0.255894
0.187963 -0.115323 0.10323 0.005897 -0.219674
0.260276 -0.090636 0.133074 -0.058146 -0.226057
0.079701 -0.256125 -0.102863 -0.123421 0.203759
0.099323 -0.244669 -0.046926 -0.1166 0.079313
0.099323 -0.244669 -0.046926 -0.1166 0.079313
0.153433 -0.173228 0.046567 -0.072362 -0.107623
0.105289 -0.288412 -0.037798 -0.18209 -0.106786
0.024132 -0.296283 -0.06229 -0.067873 0.064391
0.173522 -0.128733 0.099988 -0.0566 -0.249686
0.123879 -0.227209 0.005754 -0.185357 -0.181302
0.059383 -0.272335 -0.033562 -0.019666 0.102946
0.1112 -0.251602 -0.005178 0.086037 0.083212
0.194683 -0.058531 0.134041 0.087713 -0.273265
0.194683 -0.058531 0.134041 0.087713 -0.273265
0.157396 -0.010981 0.108683 -0.055631 -0.250508
0.198139 -0.052631 0.028621 -0.331318 -0.15961
0.209358 -0.051017 0.042445 -0.20984 -0.021814
0.209518 -0.086067 0.019425 -0.119764 0.076892
0.212678 -0.18078 0.069002 -0.045638 -0.066705
0.189735 -0.193978 0.063685 -0.021019 0.01518
0.138117 -0.099414 0.089034 0.434563 0.430451
0.138117 -0.099414 0.089034 0.434563 0.430451
0.138117 -0.099414 0.089034 0.434563 0.430451
0.178545 -0.108026 0.081015 0.306102 0.223424
0.252921 -0.059328 0.105342 0.263318 0.067065
0.250935 -0.053688 0.097146 -0.064668 -0.148411
0.195309 -0.127213 0.07462 -0.101796 -0.250841
0.144554 -0.132372 0.018145 0.039151 0.130852
0.133577 -0.208542 -0.015878 -0.002028 0.149621
0.219341 -0.06797 0.062827 -0.0325 0.011412
0.219341 -0.06797 0.062827 -0.0325 0.011412
0.15638 -0.203782 -0.01454 -0.019119 0.190818
0.15638 -0.203782 -0.01454 -0.019119 0.190818
0.15638 -0.203782 -0.01454 -0.019119 0.190818
0.15638 -0.203782 -0.01454 -0.019119 0.190818
0.243717 -0.08815 0.07534 0.103483 0.155835
0.172283 -0.036548 0.028437 -0.10088 0.004926
0.158624 -0.083939 0.015287 -0.32341 -0.151114
0.158624 -0.083939 0.015287 -0.32341 -0.151114
0.158624 -0.083939 0.015287 -0.32341 -0.151114
0.158624 -0.083939 0.015287 -0.32341 -0.151114
0.158624 -0.083939 0.015287 -0.32341 -0.151114
0.238178 -0.02345 0.083799 -0.180671 -0.166214
0.160095 -0.161288 0.014634 -0.199831 -0.046256
0.160095 -0.161288 0.014634 -0.199831 -0.046256
0.160095 -0.161288 0.014634 -0.199831 -0.046256
0.160095 -0.161288 0.014634 -0.199831 -0.046256
0.160095 -0.161288 0.014634 -0.199831 -0.046256
0.17716 -0.146953 0.026405 0.029064 0.083151
0.156521 -0.212472 0.004962 -0.01414 0.013899
0.156521 -0.212472 0.004962 -0.01414 0.013899
0.163251 -0.254156 -0.027574 -0.130246 -0.02187
0.18196 -0.284101 0.037597 0.182321 0.034489
0.18196 -0.284101 0.037597 0.182321 0.034489
0.18265 -0.235731 0.057771 0.150755 -0.016231
0.145769 -0.30096 0.017558 -0.052883 -0.10716
0.183994 -0.337962 0.00857 0.027703 0.084034
0.183994 -0.337962 0.00857 0.027703 0.084034
0.272767 -0.186695 0.092844 -0.036783 -0.139225
0.109857 -0.323458 -0.097989 -0.336359 0.031613
0.113265 -0.283895 -0.092902 -0.386138 -0.039704
0.113265 -0.283895 -0.092902 -0.386138 -0.039704
0.105755 -0.334218 -0.035677 -0.139291 0.036019
0.105755 -0.334218 -0.035677 -0.139291 0.036019
0.081509 -0.37681 -0.045909 -0.055693 0.089315
0.040803 -0.466173 -0.090784 0.133334 0.387622
0.040803 -0.466173 -0.090784 0.133334 0.387622
-0.009707 -0.462836 -0.108441 -0.272995 0.133396
-0.027862 -0.545111 -0.131067 0.15013 0.498156
0.159229 -0.291626 0.058832 0.414109 0.474116
0.159229 -0.291626 0.058832 0.414109 0.474116
0.159229 -0.291626 0.058832 0.414109 0.474116
0.159229 -0.291626 0.058832 0.414109 0.474116
0.159229 -0.291626 0.058832 0.414109 0.474116
0.076851 -0.4209 -0.001086 0.360343 0.448667
0.181985 -0.179518 0.032654 0.262118 0.380005
0.181985 -0.179518 0.032654 0.262118 0.380005
0.181985 -0.179518 0.032654 0.262118 0.380005
0.181985 -0.179518 0.032654 0.262118 0.380005
0.181985 -0.179518 0.032654 0.262118 0.380005
0.181985 -0.179518 0.032654 0.262118 0.380005
0.199649 -0.16266 0.039091 0.169408 0.244676
0.138393 -0.167781 -0.053964 -0.093609 0.192746
0.144284 -0.212867 -0.019808 0.063586 0.186161
0.144284 -0.212867 -0.019808 0.063586 0.186161
0.134894 -0.207964 -0.008212 -0.269044 -0.117556
0.134894 -0.207964 -0.008212 -0.269044 -0.117556
0.196885 -0.09382 0.047972 -0.123435 -0.150117
0.196885 -0.09382 0.047972 -0.123435 -0.150117
0.123794 -0.170541 -0.03087 0.088857 0.3104
0.338259 0.027154 0.171327 0.147761 -0.064049
0.320759 -0.010122 0.159963 0.002349 -0.12349
0.320759 -0.010122 0.159963 0.002349 -0.12349
0.1228 -0.29608 0.011811 0.140156 0.137305
0.255974 -0.094636 0.109359 0.26647 0.235835
0.177659 -0.148958 -0.022704 0.062496 0.441096
0.068896 -0.28471 -0.069326 -0.161734 0.243656
0.073454 -0.282291 -0.071303 -0.297216 0.179105
0.122733 -0.216525 -0.02329 -0.235012 0.109103
0.181662 -0.117552 0.07521 -0.040444 0.045116
0.104424 -0.369754 -0.081133 0.202827 0.604249
0.104424 -0.369754 -0.081133 0.202827 0.604249
0.242021 -0.259494 0.017188 0.018498 0.21613
0.321884 -0.105719 0.089728 -0.221566 -0.099797
0.298523 -0.118551 0.090053 0.062643 0.099151
0.160376 -0.251346 -0.044145 -0.071674 0.181549
0.118396 -0.333651 -0.095275 -0.385816 -0.086962
0.196318 -0.08095 0.009569 -0.117702 -0.023909
0.128881 -0.249001 -0.098616 -0.003633 0.28584
0.041169 -0.361348 -0.144776 -0.015807 0.360842
0.041169 -0.361348 -0.144776 -0.015807 0.360842
0.046842 -0.306092 -0.080631 0.118815 0.363123
0.046842 -0.306092 -0.080631 0.118815 0.363123
0.182448 -0.10545 0.081971 -0.082512 -0.14447
0.182448 -0.10545 0.081971 -0.082512 -0.14447
0.182448 -0.10545 0.081971 -0.082512 -0.14447
0.137918 -0.144594 0.030552 -0.167049 -0.075718
0.137918 -0.144594 0.030552 -0.167049 -0.075718
0.089637 -0.278687 -0.012076 -0.045692 0.080196
0.129086 -0.283264 -0.007004 -0.093149 0.115974
0.06522 -0.323414 -0.081261 -0.299599 0.07894
0.139411 -0.264735 -0.06629 -0.699655 -0.339437
0.091859 -0.365109 -0.089212 -0.396257 -0.091576
0.24774 -0.124117 0.003454 -0.278234 -0.039248
0.284696 -0.060222 0.143082 0.222964 0.058688
0.210346 -0.082523 0.069249 -0.101708 0.00726
0.24366 -0.057109 0.101672 -0.079579 -0.098358
0.150682 -0.165978 -0.077257 -0.158891 0.264427
0.206959 -0.130322 -0.038507 -0.021954 0.31044
0.206959 -0.130322 -0.038507 -0.021954 0.31044
0.205884 -0.19658 -0.004054 -0.125758 -0.008702
0.14992 -0.298264 -0.022307 0.078799 0.201538
0.14992 -0.298264 -0.022307 0.078799 0.201538
0.14992 -0.298264 -0.022307 0.078799 0.201538
0.181104 -0.273183 0.029432 0.103371 0.096301
0.196456 -0.180665 0.060652 0.037061 -0.071766
0.196456 -0.180665 0.060652 0.037061 -0.071766
0.273722 -0.100272 0.113258 -0.036982 -0.114395
0.280774 -0.080391 0.095006 0.018955 -0.000449
0.280774 -0.080391 0.095006 0.018955 -0.000449
0.335388 -0.00071 0.121632 -0.066838 -0.181916
0.335388 -0.00071 0.121632 -0.066838 -0.181916
0.335388 -0.00071 0.121632 -0.066838 -0.181916
0.335388 -0.00071 0.121632 -0.066838 -0.181916
0.264468 0.007229 0.119774 0.176068 0.015825
0.194619 -0.128948 0.044011 -0.210891 -0.155985
0.20029 -0.156178 0.053728 0.027318 0.05946
0.20029 -0.156178 0.053728 0.027318 0.05946
0.20029 -0.156178 0.053728 0.027318 0.05946
0.062821 -0.290348 -0.05593 -0.158652 0.108451
0.047121 -0.277268 -0.124447 -0.195588 0.227948
0.047121 -0.277268 -0.124447 -0.195588 0.227948
0.047121 -0.277268 -0.124447 -0.195588 0.227948
0.062505 -0.319652 -0.151522 -0.217148 0.282729
-0.019729 -0.465824 -0.152781 -0.042788 0.302561
-0.013155 -0.3471 -0.115014 0.002965 0.323706
-0.035228 -0.395523 -0.087594 0.222194 0.434846
-0.035228 -0.395523 -0.087594 0.222194 0.434846
-0.035228 -0.395523 -0.087594 0.222194 0.434846
-0.035228 -0.395523 -0.087594 0.222194 0.434846
0.108993 -0.289237 0.022986 0.16535 0.104422
0.09355 -0.197324 0.039996 -0.028006 -0.070199
0.015131 -0.297389 -0.018125 0.19461 0.157935
0.015131 -0.297389 -0.018125 0.19461 0.157935
0.000917 -0.459871 -0.084898 -0.014951 0.144016
0.000917 -0.459871 -0.084898 -0.014951 0.144016
-0.015538 -0.431051 -0.09841 0.16275 0.398624
-0.015538 -0.431051 -0.09841 0.16275 0.398624
-0.015538 -0.431051 -0.09841 0.16275 0.398624
0.099567 -0.251776 -0.036844 0.08827 0.269286
0.203616 -0.193726 0.073583 -0.110052 -0.191266
0.297271 0.063883 0.166192 -0.03351 -0.236471
0.166767 -0.155779 0.048788 -0.002078 0.002606
0.127835 -0.237032 -0.005956 -0.083243 0.132935
0.127835 -0.237032 -0.005956 -0.083243 0.132935
0.127835 -0.237032 -0.005956 -0.083243 0.132935
0.15126 -0.236124 0.038968 -0.031191 -0.137654
0.15126 -0.236124 0.038968 -0.031191 -0.137654
0.154226 -0.260185 -0.016005 0.169048 0.288293
0.154226 -0.260185 -0.016005 0.169048 0.288293
0.133247 -0.209116 -0.048055 -0.070588 0.182381
0.20973 -0.086204 0.050077 -0.192249 -0.165291
0.20973 -0.086204 0.050077 -0.192249 -0.165291
0.20973 -0.086204 0.050077 -0.192249 -0.165291
0.186846 -0.087842 -0.016151 -0.422411 -0.18594
0.186846 -0.087842 -0.016151 -0.422411 -0.18594
0.186846 -0.087842 -0.016151 -0.422411 -0.18594
0.186846 -0.087842 -0.016151 -0.422411 -0.18594
0.186846 -0.087842 -0.016151 -0.422411 -0.18594
0.141206 -0.13847 -0.032058 -0.270259 0.081432
0.141206 -0.13847 -0.032058 -0.270259 0.081432
0.241154 -0.10073 0.032847 0.056483 0.165043
0.241154 -0.10073 0.032847 0.056483 0.165043
0.207701 -0.19989 -0.016148 -0.003244 0.233937
0.246219 -0.135761 0.006973 -0.416187 -0.16363
0.246219 -0.135761 0.006973 -0.416187 -0.16363
0.246219 -0.135761 0.006973 -0.416187 -0.16363
0.246219 -0.135761 0.006973 -0.416187 -0.16363
0.246219 -0.135761 0.006973 -0.416187 -0.16363
0.187519 -0.147763 -0.007684 -0.411305 -0.193597
0.175299 -0.133044 -0.003582 -0.186857 -0.029115
0.155371 -0.179264 -0.006111 -0.122719 -0.012885
0.185766 -0.175019 0.024858 -0.130838 -0.133051
0.185766 -0.175019 0.024858 -0.130838 -0.133051
0.223157 -0.156211 0.02393 -0.094166 -0.029729
0.155857 -0.202417 -0.026895 -0.255012 -0.002575
0.155857 -0.202417 -0.026895 -0.255012 -0.002575
0.155857 -0.202417 -0.026895 -0.255012 -0.002575
0.155857 -0.202417 -0.026895 -0.255012 -0.002575
0.159362 -0.152844 -0.012486 -0.221908 0.051672
0.178121 -0.142006 -0.037306 -0.416616 0.01752
0.178121 -0.142006 -0.037306 -0.416616 0.01752
0.178121 -0.142006 -0.037306 -0.416616 0.01752
0.178121 -0.142006 -0.037306 -0.416616 0.01752
0.178121 -0.142006 -0.037306 -0.416616 0.01752
0.178121 -0.142006 -0.037306 -0.416616 0.01752
0.145752 -0.161046 -0.011657 -0.296012 0.020696
0.143827 -0.219021 -0.003801 -0.197151 0.088128
0.145442 -0.170065 0.071042 0.04832 0.006091
0.188223 -0.141622 0.038869 0.153518 0.162624
0.188223 -0.141622 0.038869 0.153518 0.162624
0.188223 -0.141622 0.038869 0.153518 0.162624
0.18795 -0.232616 0.080846 -0.015493 -0.16238
0.307609 -0.144645 0.146783 -0.040927 -0.272426
