-730.2764
-719.5687
-721.0453
-721.6619
-721.5546
-719.6006
-719.6006
-719.6006
-719.6006
-719.6006
-719.6006
-719.6006
-719.6006
-719.6006
-719.6708
-720.0117
-719.8621
-719.8621
-719.8621
-719.8621
-720.4669
-719.3314
-719.5298
-719.5298
-719.5298
-719.4802
-719.4802
-720.4331
-721.1925
-719.623
-719.623
-719.623
-719.623
-719.623
-719.9879
-719.9879
-719.9879
-719.1083
-719.9603
-720.5447
-720.5447
-720.5447
-719.7963
-719.7397
-720.192
-720.192
-719.9361
-721.201
-720.7251
-721.8459
-721.8459
-721.8459
-721.8865
-721.8865
-721.5445
-720.8749
-720.8749
-720.7765
-720.7647
-719.7416
-719.3544
-719.3544
-719.3544
-719.5644
-720.1213
-720.1213
-720.1213
-720.6313
-721.1264
-721.1264
-721.1264
-722.7005
-721.1417
-721.013
-720.4877
-719.3439
-719.9369
-719.6933
-720.1458
-720.1458
-720.1458
-721.0248
-723.1237
-722.0363
-722.0363
-722.6165
-722.6165
-722.6165
-722.3903
-722.3903
-722.0336
-720.7689
-719.421
-719.421
-719.421
-722.5129
-721.946
-721.106
-721.106
-721.106
-721.6074
-721.6074
-721.1041
-721.1041
-719.4681
-719.4681
-719.4681
-719.5771
-720.4197
-720.4197
-720.1541
-721.1728
-720.6417
-720.9624
-720.0736
-721.2281
-720.7332
-720.7332
-719.6924
-719.6924
-721.9918
-721.9918
-722.4212
-720.406
-719.8808
-719.8808
-720.7789
-720.7789
-720.7789
-722.7767
-722.7767
-722.7767
-723.9905
-723.2241
-723.2241
-721.8641
-719.9648
-719.9648
-719.1091
-720.6919
-720.3288
-721.2125
-719.79
-719.846
-720.1411
-719.7305
-719.7305
-720.4702
-719.2434
-719.7139
-719.1955
-719.1955
-720.5017
-719.1323
-719.7898
-719.8879
-719.8879
-720.2449
-720.2449
-720.4845
-720.5529
-720.5529
-720.5529
-720.5529
-720.5529
-720.7336
-720.9668
-721.3337
-721.9645
-719.3731
-719.3731
-719.3731
-719.7397
-720.098
-720.1795
-719.9819
-720.1868
-721.8524
-719.8782
-720.4318
-720.0241
-721.5944
-720.8279
-719.8382
-719.8382
-720.0273
-720.0273
-719.373
-719.373
-719.73
-720.3015
-720.3015
-719.4424
-720.2825
-720.2825
-719.7089
-719.7089
-719.2995
-719.7647
-719.2223
-719.8061
-719.8061
-719.8061
-719.8061
-719.1074
-719.1074
-719.2374
-719.2374
-719.2374
-719.2374
-719.2374
-719.7449
-719.7449
-720.0391
-720.0391
-720.0391
-720.0391
-720.3509
-720.7158
-720.4038
-719.9814
-719.9629
-719.8886
-720.9694
-723.1145
-723.1145
-720.0032
-720.1802
-720.045
-719.7888
-720.8534
-721.0727
-720.9204
-719.8199
-719.8199
-719.8199
-719.8199
-719.8199
-720.9991
-724.2069
-721.0163
-719.3486
-719.3486
-719.3486
-719.3486
-720.5996
-720.5996
-720.9493
-720.2606
-720.4058
-720.2311
-720.2311
-720.0817
-719.4436
-720.4652
-719.5831
-721.6624
-721.6624
-721.4747
-721.4747
-719.3889
-720.4021
-720.4021
-720.4021
-721.5418
-720.9263
-720.3839
-720.0669
-719.6169
-720.7145
-720.7145
-721.5028
-720.8158
-721.7472
-722.0828
-719.7537
-719.7537
-719.7537
-721.4203
-720.5761
-720.7385
-719.928
-720.2096
-721.9811
-720.3642
-720.0744
-720.0744
-720.0744
-720.3999
-720.3999
-720.3999
-720.3999
-720.3999
-720.3999
-721.5213
-721.3183
-721.3183
-721.3183
-720.633
-720.633
-719.7254
-720.1789
-720.1789
-720.1789
-720.3329
-720.3329
-719.7949
-719.9506
-719.2803
-719.4726
-719.7042
-720.4744
-721.4937
-721.2021
-722.41
-720.9689
-720.9689
-720.9689
-721.83
-722.5775
-722.6468
-723.6601
-720.8708
-721.2704
-719.8476
-719.8476
-719.8476
-719.8476
-719.8476
-720.1489
-719.8309
-719.8309
-719.9853
-719.916
-719.8073
-721.055
-721.055
-720.1841
-719.4014
-719.4014
-719.534
-719.534
-723.1652
-723.3784
-721.7181
-721.3335
-720.3837
-720.3837
-720.3837
-719.2303
-719.3615
-719.3615
-719.3615
-719.5552
-719.5552
-719.5552
-719.8499
-719.1615
-719.7542
-719.1949
-719.1949
-720.5867
-720.5867
-720.4915
-720.4915
-720.2287
-722.9641
-722.9641
-720.1375
-720.7326
-721.3532
-719.7091
-719.5744
-719.8275
-720.027
-722.3413
-722.3413
-721.6765
-722.0338
-722.4355
-722.6759
-719.3035
-719.1184
-719.1184
-719.8094
-719.3683
-719.3913
-719.3913
-719.7229
-719.7229
-719.7229
-719.8461
-720.0116
-719.7049
-719.7049
-719.755
-719.755
-720.7388
-720.3898
-719.6353
-719.6353
-721.2623
-721.8334
-721.8334
-721.8334
-723.7023
-724.0344
-721.8201
-720.4537
-720.2892
-721.1834
-721.957
-721.957
-719.4109
-719.4109
-719.5235
-719.5235
-719.5235
-720.076
-719.9657
-719.6537
-719.4686
-719.8041
-719.8041
-719.8041
-719.8041
-719.8041
-719.786
-719.786
-720.1274
-720.0991
-719.9946
-719.6854
-720.0534
-720.4138
-720.6624
-721.6458
-720.4225
-720.6168
-720.7811
-720.0134
-721.6518
-721.6518
-721.5715
-722.1557
-720.6969
-722.4476
-722.4476
-720.8099
-720.0104
-720.0104
-720.634
-720.8952
-720.8952
-719.4423
-719.4423
-719.4423
-719.4423
-720.0523
-720.0523
-720.3253
-720.5443
-720.0479
-720.0321
-719.7976
-719.5738
-719.5213
-719.8577
-719.4592
-719.934
-719.9864
-719.9864
-720.4654
-721.1016
-721.1016
-721.1016
-721.3065
-721.5982
-721.8444
-722.9056
-721.0417
-721.0417
-722.0175
-721.8749
-720.0789
-720.0789
-720.0789
-720.0551
-720.2514
-721.9575
-721.345
-721.2199
-719.6176
-719.6176
-720.0885
-720.0885
-720.0885
-719.7385
-719.3583
-720.1642
-722.5473
-722.3688
-720.9338
-720.0885
-720.1157
-719.5557
-719.5557
-719.6086
-719.9674
-719.8611
-720.7617
-720.2226
-723.0559
-721.6882
-722.228
-721.0931
-720.1912
-721.52
-721.52
-722.8559
-722.8504
-721.5277
-721.5277
-720.4286
-720.1086
-720.1086
-720.643
-720.2916
-719.2679
-719.2679
-719.5
-719.5
-722.5028
-720.1093
-720.1093
-720.2856
-720.717
-720.1795
-720.7363
-721.0582
-721.1229
-721.1229
-721.1229
-721.1229
-721.4012
-721.4012
-720.0798
-720.3823
-720.2372
-720.2372
-720.2395
-719.618
-719.6446
-721.0674
-721.0674
-720.6057
-720.5468
-720.1038
-720.0002
-720.0002
-720.2972
-720.2972
-720.1117
-719.65
-719.65
-719.65
-719.65
-721.728
-721.728
-721.5929
-720.364
-720.4426
-722.542
-722.542
-721.1181
-721.3716
-721.6214
-719.6893
-719.6893
-719.6724
-719.4711
-720.6304
-720.5602
-720.8664
-720.8664
-720.8664
-720.8664
-722.2726
-722.6295
-721.6578
-721.6578
-721.6578
-719.5946
-719.5946
-720.3532
-720.3532
-720.8188
-720.8188
-720.1881
-719.592
-719.4353
-719.5965
-719.5965
-719.5965
-720.3941
-720.3941
-720.0919
-720.2376
-721.9427
-722.5261
-722.465
-722.795
-722.795
-719.7855
-720.241
-720.241
-719.5735
-721.187
-720.5787
-720.4635
-719.7763
-721.1809
-722.0111
-722.0111
-720.2552
-720.2552
-720.2552
-719.327
-720.1758
-720.1758
-720.1758
-720.5419
-720.5419
-721.2973
-721.2973
-719.9985
-722.7113
-722.9426
-720.3138
-719.6823
-720.7404
-720.6848
-720.2112
-720.9007
-720.9007
-720.9102
-719.9058
-719.9058
-719.9058
-720.0356
-719.8218
-719.8726
-720.8922
-720.8922
-720.3008
-719.764
-719.764
-719.764
-720.3495
-720.3495
-720.3495
-720.3495
-720.3495
-720.3495
-720.3495
-720.3495
-719.9944
-719.9944
-719.9944
-719.9386
-720.5039
-721.6949
-721.597
-721.2682
-721.2682
-721.2421
-721.2421
-721.2421
-721.2421
-721.0245
-722.1922
-722.1922
-721.1912
-721.1912
-721.1912
-721.1912
-721.6153
-721.6153
-721.6153
-721.6153
-722.0253
-720.0242
-720.0242
-720.278
-720.278
-720.278
-720.7484
-720.7484
-721.6885
-721.3194
-721.3194
-720.3194
-722.1986
-722.1986
-722.1986
-722.1986
-722.1986
-720.3441
-720.3441
-719.8003
-720.4737
-720.2086
-719.7329
-721.5053
-721.5053
-719.9297
-719.9297
-719.9297
-719.9297
-719.8308
-719.6565
-720.0738
-720.3005
-719.5472
-719.2708
-719.2708
-719.7351
-719.7351
-719.9497
-719.9497
-719.9497
-719.1356
-721.6236
-721.6236
-723.1607
-719.7154
-720.1981
-720.1981
-720.3746
-720.0443
-720.7259
-720.7259
-719.5217
-719.5217
-719.5217
-719.5217
-719.213
-719.213
-719.213
-719.213
-719.213
-719.213
-719.213
-719.213
-719.3764
-720.2413
-721.3802
-719.4977
-719.339
-719.339
-719.339
-719.4104
-719.1245
-719.4225
-719.6576
-719.6576
-719.2401
-719.3096
-719.2993
-720.3772
-720.5784
-720.5784
-722.2943
-724.545
-724.545
-721.834
-721.834
-720.3431
-720.3431
-720.5233
-720.8965
-720.8965
-721.8216
-721.8216
-721.8216
-721.1766
-719.5044
-719.5044
-719.5044
-719.5044
-719.3384
-719.7808
-720.4585
-720.4585
-719.6468
-719.6468
-722.0962
-722.0712
-720.8586
-720.8586
-720.8586
-722.2392
-721.1371
-722.4161
-720.487
-719.1202
-720.5995
-720.3683
-720.0896
-720.0896
-719.6114
-720.4414
-721.2975
-720.266
-721.1552
-721.1552
-721.1552
-721.1552
-721.1552
-719.8864
-719.8864
-721.297
-721.297
-721.932
-719.926
-719.926
-719.926
-720.0778
-720.1305
-720.1305
-720.1609
-721.2521
-720.9867
-720.9867
-719.683
-719.9511
-719.9511
-719.9511
-719.4293
-719.8069
-719.8069
-720.4811
-720.2396
-721.334
-721.0489
-721.0489
-719.8034
-719.7047
-719.2788
-720.2801
-720.2801
-720.4614
-720.2471
-720.2471
-720.2471
-721.0475
-720.571
-720.571
-720.7314
-720.3618
-719.5795
-719.5592
-719.3446
-719.3273
-719.6111
-721.113
-719.9999
-719.9999
-719.9999
-719.9467
-719.3209
-719.3209
-719.5303
-719.5303
-719.5303
-719.5303
-719.6259
-720.1898
-720.1898
-720.1898
-721.9385
-721.7279
-721.7279
-721.0129
-721.5159
-720.7531
-721.5242
-721.5242
-721.5242
-721.5242
-720.244
-719.7858
-719.7858
-721.3164
-721.3164
-721.3164
-719.5816
-719.785
-719.785
-719.785
-720.4323
-719.8492
-720.4656
-720.9658
-719.915
-720.2011
-719.556
-719.8506
-719.9421
-719.9421
-722.3545
-722.3545
-722.2937
-722.2937
-722.2937
-722.64
-722.1995
-721.2757
-719.9887
-719.9887
-719.6742
-719.6742
-719.6742
-719.6742
-719.6742
-719.7811
-720.6613
-720.6613
-719.4862
-722.8722
-720.6954
-721.0275
-720.6009
-720.6009
-721.0342
-721.2578
-720.2144
-720.1139
-721.0751
-721.0751
-721.0751
-721.3164
-721.4792
-721.7585
-721.7585
-720.2285
-721.0513
-721.0513
-722.057
-721.9586
-721.3461
-721.3461
-720.4518
-720.3532
-720.3532
-720.0723
-720.0723
-720.2317
-720.2317
-720.1127
-720.2688
-720.2688
-720.1469
-720.1469
-719.3118
-719.3118
-719.3118
-719.3118
-719.3118
-719.3118
-719.3118
-719.3118
-719.3118
-719.3118
-720.8324
-720.8324
-721.9386
-719.7488
-722.0658
-720.2556
-720.2556
-720.9431
-719.9469
-720.8787
-720.8787
-720.8787
-720.8787
-720.8787
-720.8787
-720.8787
-720.3163
-721.7642
-721.7642
-722.8026
-722.2999
-722.2302
-723.3802
-723.7245
-722.2891
-722.2891
-723.6593
-723.4425
-721.2909
-721.2909
-719.912
-720.0056
-719.207
-719.207
-720.1109
-720.6625
-719.5905
-719.984
-719.984
-720.0073
-719.9749
-719.6442
-719.6442
-719.6442
-719.6442
-719.5519
-719.9107
-719.1204
-720.5999
-719.9423
-721.2243
-721.3179
-719.9251
-719.9251
-719.9263
-719.4014
-719.4014
-719.4014
-721.2031
-719.9523
-720.1355
-719.5981
-719.6813
-719.5398
-719.5052
-719.5052
-720.056
-720.9866
-720.0782
-719.8489
-719.8489
-722.1587
-721.6639
-719.5325
-719.8579
-721.4017
-719.9867
-719.9867
-719.9867
-719.9867
-720.1573
-720.1573
-720.1573
-720.1573
-719.4066
-719.4066
-719.4492
-720.176
-720.176
-720.773
-722.2999
-721.1395
-719.6317
-720.5957
-720.1359
-721.6741
-720.9274
-720.9274
-723.7001
-723.7001
-721.9544
-721.9481
-721.9481
-721.0118
-719.9541
-719.7844
-720.5589
-719.5241
-720.061
-721.9169
-720.1544
-719.7704
-719.7704
-720.2413
-721.9376
-721.8915
-721.8915
-721.1275
-720.634
-720.634
-719.2103
-719.4675
-719.7927
-719.7927
-719.7927
-719.2896
-720.6178
-720.8395
-721.574
-721.2149
-721.6225
-721.5643
-720.7973
-720.7973
-720.3578
-719.8207
-721.2727
-719.9418
-719.9083
-721.0204
-721.0204
-721.0204
-720.3709
-720.6573
-720.6133
-720.6099
-721.1663
-720.0316
-720.0316
-720.0316
-720.0316
-724.1904
-720.4277
-720.4277
-720.4277
-719.8923
-719.706
-719.706
-719.706
-719.706
-719.3245
-719.3693
-719.3693
-719.3693
-719.5589
-720.0784
-721.1293
-721.1293
-721.1293
-720.8262
-720.7957
-720.6318
-720.6318
-720.2838
-719.5069
-719.5069
-720.5963
-719.9632
-720.7791
-720.7791
-720.7791
-720.7791
-720.7791
-720.7365
-720.7365
-720.664
-720.7841
-720.7841
-720.7841
-720.7841
-720.7841
-720.5721
-719.9414
-719.9414
-723.4203
-720.8297
-722.8394
-721.8038
-720.6461
-720.8752
-720.6559
-719.7931
-719.3206
-719.3206
-722.5394
-722.3079
-720.1197
-721.2019
-720.8462
-720.8462
-720.8462
-720.8462
-720.0544
-720.0544
-721.7102
-724.0371
-724.0371
-724.0371
-724.0371
-725.1289
-725.1289
-723.7925
-724.2554
-723.2031
-721.2613
-720.3541
-720.6852
-720.5967
-721.3493
-721.8976
-721.6298
-721.6298
-720.8836
-721.1419
-719.3678
-719.3678
-719.3678
-719.8433
-719.8433
-719.9009
-721.3116
-721.3116
-720.7064
-720.7064
-719.9663
-719.9663
-719.9663
-719.9663
-720.0943
-720.0943
-720.0943
-720.0943
-720.0943
-720.0943
-720.0943
-720.1441
-720.6997
-720.239
-720.239
-720.5892
-720.5892
-720.5892
-721.6385
-720.2
-719.6705
-720.8749
-720.8749
-720.8749
-720.3886
-720.3886
-720.3155
-720.3155
-720.6071
-721.0677
-720.6163
-720.3183
-721.1328
-721.2243
