-1573.374
-720.0144
-720.1834
-720.777
-720.777
-720.2234
-720.9192
-720.7503
-719.8289
-719.6891
-719.9102
-720.0375
-720.5691
-720.2562
-720.2562
-719.7163
-721.3317
-723.8083
-722.0439
-722.0439
-721.0694
-721.0737
-721.0737
-719.4841
-719.4841
-719.4689
-719.4689
-720.6663
-720.6663
-720.6663
-719.5327
-719.5327
-720.5769
-719.9133
-723.0491
-724.8457
-724.2559
-721.9881
-721.9881
-721.938
-720.198
-720.198
-721.549
-721.549
-720.7774
-719.5466
-721.6884
-721.7035
-720.8542
-720.8542
-720.4301
-719.7696
-719.7696
-719.6159
-719.5609
-720.2695
-720.295
-720.295
-721.7592
-721.7592
-720.5912
-720.2836
-719.9803
-719.7105
-719.7105
-720.1004
-720.6676
-719.8874
-719.8874
-719.0655
-719.0655
-719.0655
-719.0655
-719.0655
-719.0655
-719.0655
-719.0655
-719.0655
-719.0655
-719.0655
-719.0655
-719.0655
-719.0655
-719.0655
-719.0655
-719.0655
-719.0655
-719.0655
-719.5646
-719.5646
-719.5646
-719.5646
-719.2348
-719.2348
-719.2348
-719.7285
-719.7285
-720.0379
-719.491
-720.9401
-720.1684
-720.7873
-719.2204
-719.2204
-719.7775
-719.7775
-720.1513
-720.4866
-719.7409
-719.9605
-722.5789
-720.581
-720.581
-721.0331
-721.0331
-720.0184
-720.0184
-720.6519
-720.7313
-719.8842
-719.7577
-719.1273
-719.1891
-719.1891
-719.1891
-720.2035
-719.7142
-719.8651
-720.1115
-719.894
-719.3075
-719.3075
-719.3075
-719.3075
-719.3075
-719.3075
-720.3679
-720.2057
-720.9573
-719.4377
-720.0653
-719.1692
-719.1692
-719.1692
-719.1692
-719.1692
-719.9006
-720.9258
-721.1623
-720.0894
-720.0911
-719.6494
-719.6494
-719.6424
-719.6424
-719.8797
-719.8797
-719.8797
-719.8797
-719.2125
-719.9297
-721.5946
-721.2451
-721.2451
-722.8771
-721.3857
-720.4032
-720.4032
-719.5196
-719.5196
-719.5196
-720.0753
-720.3257
-720.3257
-720.2343
-719.6407
-719.463
-719.463
-719.463
-719.4243
-719.4243
-719.4243
-719.4243
-719.4243
-719.4243
-719.4243
-719.4243
-720.808
-720.808
-720.808
-720.996
-720.0637
-720.0637
-720.092
-719.4988
-719.4988
-719.4988
-719.4988
-719.4988
-719.5589
-719.5589
-719.5589
-719.5589
-719.5589
-720.1275
-720.1275
-721.4592
-721.3178
-720.1852
-720.1852
-721.0864
-721.0864
-719.8667
-719.8667
-719.8667
-719.2309
-720.1066
-720.1066
-720.1066
-720.1066
-720.1066
-720.1066
-720.1066
-720.1066
-720.9513
-720.4342
-720.0165
-720.9713
-720.0591
-720.0591
-720.0591
-721.2127
-719.9539
-720.904
-720.7432
-720.7432
-719.5882
-719.5882
-719.5882
-719.5882
-719.8065
-719.8065
-719.8065
-719.8065
-720.0201
-720.0201
-719.5785
-719.5785
-719.5785
-719.5785
-719.5785
-720.1406
-719.5805
-721.0044
-721.0044
-720.2151
-720.2151
-719.9306
-719.9306
-720.2658
-721.5577
-721.5167
-721.5167
-720.2669
-719.5635
-719.5635
-719.9767
-719.9767
-719.9767
-719.8941
-719.8941
-721.1752
-721.1752
-720.3346
-720.3346
-721.6874
-724.3365
-724.3365
-720.9433
-720.6114
-719.5335
-719.5335
-720.0159
-720.435
-720.3228
-720.3228
-720.3228
-720.8386
-721.4856
-720.4617
-719.7492
-719.7492
-719.7492
-719.7492
-719.7492
-719.7492
-720.0937
-720.2358
-720.2358
-720.2715
-720.3641
-720.3641
-720.3641
-720.3641
-720.9275
-720.9275
-720.9275
-720.9275
-720.9275
-720.5637
-720.6382
-720.6779
-723.2281
-720.6756
-720.6756
-721.9531
-720.9145
-721.6368
-721.6368
-721.1322
-724.3431
-722.2033
-720.1214
-720.1214
-720.3578
-721.007
-720.1435
-719.4697
-720.6986
-720.6986
-719.2257
-719.4782
-719.4782
-720.0535
-719.942
-721.6411
-720.0574
-719.9803
-719.9803
-719.3057
-719.3057
-719.3057
-719.3057
-719.6301
-719.6301
-720.8993
-720.046
-720.3664
-719.9826
-720.2541
-720.2541
-720.8211
-720.0418
-720.0418
-721.786
-721.786
-721.786
-721.128
-721.128
-719.8753
-719.8753
-719.8753
-721.4008
-721.4008
-721.4008
-720.8081
-721.9846
-721.9846
-724.8251
-720.8548
-722.6746
-721.0112
-721.0465
-721.0465
-722.1022
-721.8528
-720.9299
-720.9543
-721.4645
-721.4645
-720.4951
-721.6209
-719.5271
-720.1747
-720.1747
-723.3243
-722.0037
-720.4138
-721.6885
-721.6885
-721.6885
-721.3102
-721.3102
-721.3102
-721.3102
-721.3102
-726.3887
-722.3518
-720.3162
-720.3943
-720.285
-721.2975
-719.7274
-719.7274
-719.7274
-722.4701
-722.2054
-722.2054
-719.7328
-719.7328
-720.5441
-720.1184
-720.5779
-720.5779
-719.7637
-719.7637
-720.7026
-719.9066
-720.2446
-720.2446
-720.2446
-720.7273
-719.9062
-719.967
-719.967
-720.4901
-720.4174
-720.4174
-720.4174
-719.8528
-719.8528
-719.8528
-719.8528
-719.9316
-720.7341
-720.7341
-720.7341
-720.6321
-721.3117
-720.428
-720.3621
-719.9112
-720.1875
-721.1802
-719.9311
-719.9311
-720.0668
-720.0668
-720.0668
-720.0668
-720.0668
-720.0668
-720.7491
-720.8744
-720.8744
-720.8364
-721.2911
-720.2051
-720.8012
-719.9251
-719.9251
-719.9251
-719.1105
-719.1105
-719.1105
-719.1105
-719.1105
-719.1105
-719.1105
-719.1105
-719.1105
-719.9304
-719.9304
-720.9189
-723.0831
-722.1902
-721.7412
-721.7412
-722.2288
-719.8497
-719.5692
-720.0522
-719.6336
-721.3459
-720.41
-719.2434
-719.9938
-720.106
-720.5411
-720.6943
-719.9124
-719.9124
-719.9124
-719.9124
-719.9124
-720.7061
-720.447
-720.447
-720.3162
-720.3146
-720.0846
-720.0846
-720.0846
-720.0846
-720.6412
-720.6412
-721.3273
-721.3273
-721.3273
-721.2608
-720.1439
-720.1641
-720.1641
-720.1641
-720.6911
-720.6439
-719.8929
-719.8929
-720.003
-720.203
-720.203
-721.4747
-722.7193
-720.0795
-720.7931
-720.846
-720.846
-720.846
-720.846
-720.846
-720.846
-719.8379
-721.2844
-721.6937
-722.6699
-721.4603
-721.4603
-719.6081
-719.6081
-719.6081
-720.1565
-721.6902
-721.2998
-721.2998
-721.0148
-720.9206
-719.5197
-720.2061
-720.2701
-720.2701
-720.1386
-720.1386
-720.1386
-720.1386
-720.1386
-719.2852
-719.2852
-719.2381
-719.5765
-720.5408
-720.7556
-721.0835
-720.6135
-720.6135
-720.8548
-720.8548
-720.8548
-720.8075
-720.4005
-719.8528
-719.8528
-719.8528
-719.7025
-719.7025
-719.4656
-719.4656
-719.4656
-719.4656
-721.1471
-721.3
-721.4902
-720.6013
-720.5823
-720.8646
-719.6692
-719.9512
-719.9512
-720.1947
-720.372
-719.8694
-719.3749
-719.5908
-719.5908
-719.9984
-720.6666
-720.6829
-720.118
-722.1894
-721.6279
-724.9721
-725.1616
-721.6647
-720.8069
-720.8069
-720.8069
-721.4944
-721.4944
-721.3498
-720.5969
-720.4631
-720.4631
-720.2331
-722.0311
-720.8864
-720.028
-720.293
-720.293
-720.4351
-720.4351
-720.2788
-720.5309
-721.2894
-721.2894
-720.4083
-720.5121
-720.5121
-720.6231
-719.5694
-719.344
-719.344
-720.7821
-720.7821
-721.329
-722.4058
-722.4058
-722.4058
-721.4873
-721.4873
-721.4873
-724.2033
-724.8548
-725.8539
-725.8539
-720.014
-720.3818
-720.3818
-719.8639
-720.9071
-720.9071
-720.9897
-721.2467
-721.2467
-720.7239
-720.7239
-720.2949
-719.7776
-720.9637
-721.2087
-720.9524
-722.182
-720.3276
-720.5004
-720.7924
-719.2235
-720.3122
-720.9563
-720.9563
-720.9563
-720.9563
-720.3867
-719.582
-719.582
-719.582
-719.5276
-719.9498
-719.4
-719.6031
-719.6031
-719.6031
-719.6031
-719.6031
-720.1243
-722.8953
-719.925
-719.925
-719.925
-719.925
-719.925
-719.974
-720.1329
-720.3073
-720.4081
-721.2302
-719.618
-719.7082
-720.3748
-720.72
-720.967
-720.967
-720.6315
-720.6315
-721.1231
-721.9426
-720.3761
-721.1156
-720.9309
-721.2844
-720.4333
-720.7421
-721.1465
-720.5192
-719.209
-719.7127
-719.6103
-720.5026
-720.3025
-720.3025
-720.9694
-722.2381
-720.3804
-720.4866
-720.3604
-720.0515
-720.0515
-720.0515
-719.841
-721.1407
-720.0396
-720.0396
-722.2042
-721.9804
-721.9135
-722.4138
-722.4138
-722.4138
-723.1167
-719.863
-720.7657
-719.4514
-719.4514
-719.4514
-720.6535
-720.6535
-719.6422
-719.8682
-719.8682
-721.5081
-721.5081
-720.8289
-722.0232
-721.9503
-719.9412
-719.7074
-719.9318
-719.9318
-719.9318
-719.8121
-719.8121
-719.8121
-719.7696
-719.7696
-719.5958
-721.5657
-720.8226
-722.6758
-722.6758
-721.0441
-721.6694
-721.5613
-721.5613
-721.5613
-721.9276
-722.2355
-722.8872
-722.001
-722.001
-722.001
-720.2407
-723.5304
-721.477
-722.2882
-720.5926
-719.9859
-719.629
-719.6556
-720.1749
-720.1749
-720.8384
-720.8384
-721.5009
-721.7229
-722.0475
-720.7281
-720.1522
-719.1799
-719.1799
-719.1799
-719.1799
-719.1799
-719.1799
-719.1799
-719.1799
-719.1925
-719.1925
-720.4409
-720.4409
-721.1001
-720.3062
-720.3062
-719.8707
-719.8707
-719.8707
-720.6088
-720.6088
-720.9734
-721.3475
-721.3475
-719.5052
-719.5052
-719.8902
-719.7443
-719.7443
-719.3314
-719.3314
-719.3314
-719.3314
-720.36
-720.4098
-720.4098
-720.5535
-720.5535
-720.3115
-720.3115
-720.3115
-720.2174
-720.2174
-720.3209
-720.0404
-720.0404
-720.8076
-720.8076
-720.2814
-720.9143
-720.3197
-719.4668
-719.4668
-721.0096
-721.0096
-719.7469
-719.7469
-720.3142
-720.3142
-720.3142
-720.838
-720.0692
-719.7446
-719.7446
-719.7446
-720.514
-719.8154
-719.5531
-719.5531
-719.5531
-719.6525
-719.6525
-719.6525
-719.6525
-719.6525
-719.6525
-721.5914
-721.4702
-720.2285
-720.4564
-720.1484
-719.9565
-720.4072
-720.406
-720.406
-719.952
-719.952
-719.952
-719.952
-719.952
-719.952
-720.2587
-719.8036
-720.3707
-720.1662
-719.6314
-719.3219
-720.6562
-720.6562
-719.4626
-719.8989
-719.8989
-720.6336
-719.6558
-719.6558
-719.5967
-721.5521
-720.3221
-720.8428
-720.0211
-720.0211
-720.4775
-720.4775
-720.0194
-720.0481
-720.6344
-720.2694
-720.1188
-720.1188
-720.9672
-721.1724
-722.3668
-721.3212
-721.799
-721.799
-720.2923
-720.3524
-719.7887
-720.1385
-720.8095
-720.8095
-719.5909
-720.7435
-721.0708
-721.3134
-721.3134
-721.1134
-720.0887
-720.0887
-721.5112
-719.7573
-719.7573
-719.7573
-720.4807
-721.2406
-720.8023
-722.1389
-721.6444
-720.6586
-722.3369
-722.3369
-720.1878
-719.9015
-719.9015
-719.9015
-719.886
-719.886
-719.6938
-719.6938
-720.4017
-720.4017
-720.0176
-720.1608
-720.147
-720.0673
-720.0673
-720.5937
-719.5693
-719.8321
-720.005
-719.2488
-720.8986
-720.5812
-720.5812
-721.2187
-720.9333
-720.1845
-720.1845
-720.6661
-720.6661
-720.6661
-722.2455
-722.391
-719.9871
-719.9871
-719.9871
-720.8537
-720.8537
-720.8537
-720.0288
-720.1177
-720.1177
-720.1177
-720.1177
-719.549
-719.549
-721.0067
-721.042
-720.9871
-720.9871
-721.3967
-721.3967
-721.3967
-720.3159
-719.2864
-719.9959
-719.6278
-719.5702
-719.5702
-719.5702
-719.5702
-719.5702
-719.5702
-719.617
-719.1469
-719.1469
-719.1469
-719.1469
-719.1469
-719.9876
-719.9876
-721.1504
-721.1504
-721.1504
-721.1504
-719.8878
-719.8878
-719.8878
-719.8662
-719.4516
-719.4588
-719.4241
-720.0006
-723.5666
-721.3423
-721.3423
-721.1035
-719.3247
-719.3247
-719.9537
-720.428
-722.4692
-722.4692
-720.3756
-720.3756
-719.9087
-719.9087
-719.9087
-719.9087
-719.9087
-720.0149
-720.0149
-719.4431
-719.6527
-719.6527
-719.6934
-720.9894
-719.6809
-719.6809
-719.6809
-720.0689
-720.0004
-719.3004
-720.37
-720.37
-720.37
-720.37
-720.37
-719.6482
-719.8839
-719.5068
-719.351
-720.9022
-720.9419
-720.9419
-722.648
-723.1822
-723.1822
-721.1543
-721.6745
-720.5355
-721.4146
-720.8176
-722.755
-722.5901
-722.5901
-722.5901
-725.1268
-724.2008
-724.2008
-723.4094
-722.4257
-722.789
-723.5158
-722.8428
-719.6029
-721.6021
-721.6033
-719.9708
-720.1266
-719.9231
-719.934
-720.6504
-720.6504
-720.6504
-719.8099
-719.8099
-720.0025
-719.4276
-719.4276
-719.4276
-719.3968
-720.3204
-719.9494
-719.8218
-719.8218
-720.5566
-722.6153
-721.9016
-721.7884
-721.7884
-721.7884
-722.0083
-723.7347
-721.6975
-721.5294
-720.1087
-721.7259
-720.6346
-720.3261
-720.3261
-720.3261
-720.3261
-721.2287
-721.2287
-721.0998
-722.3016
-722.3016
-722.7173
-720.9856
-720.9856
-720.9856
-720.9856
-722.7512
-722.7512
-722.7512
-722.7512
-720.1673
-720.1673
-720.1673
-720.2167
-720.2167
-721.4189
-720.3736
-722.2172
-721.5924
-721.5924
-721.0997
-720.6191
-720.38
-719.2315
-722.4174
-720.2937
-720.2937
-720.2937
-720.2937
-720.7485
-721.7337
-721.4268
-720.6408
-720.6408
-720.6408
-719.177
-720.0123
-720.0123
-719.7801
-719.7801
-719.7194
-719.7194
-719.7194
-719.7194
-721.9306
-719.4712
-719.4712
-719.0699
-719.0699
-719.0699
-719.6585
-721.8323
-719.9849
-720.8015
-720.8015
-720.8015
-719.1041
-719.1041
-719.1041
-719.1041
-719.1041
-720.8912
-720.3372
-720.3372
-720.3372
-721.4746
-722.9697
-722.3556
-722.3556
-720.6223
-720.6223
-720.8581
-720.8581
-720.8581
-720.8581
-722.1589
-722.4685
-722.4883
-720.1175
-719.7236
-719.7531
-719.7531
-720.492
-719.9657
-719.8446
-720.768
-720.768
-719.6733
-719.6733
-720.0666
-720.0666
-720.0666
-719.7446
-719.7446
-720.4722
-720.4722
-720.3917
-720.0261
-720.0261
-720.0261
-721.4529
-721.4529
-720.7353
-720.1289
-720.7693
-720.7693
-720.1758
-719.4694
-720.6161
-720.3027
-720.6496
-720.5607
-721.1628
-721.1628
-725.0878
-721.6613
-721.6074
-721.6074
-724.6864
-724.6864
-723.1416
-722.937
