0.513711 -1.232478 0.514174 -0.347445 0.656564
0.198937 -0.301916 -0.014045 -0.150502 0.008505
0.117534 -0.41233 -0.113289 -0.148658 0.24381
0.117534 -0.41233 -0.113289 -0.148658 0.24381
0.117534 -0.41233 -0.113289 -0.148658 0.24381
0.117534 -0.41233 -0.113289 -0.148658 0.24381
0.12404 -0.329579 -0.094938 -0.258252 0.115657
0.12404 -0.329579 -0.094938 -0.258252 0.115657
0.12404 -0.329579 -0.094938 -0.258252 0.115657
0.12404 -0.329579 -0.094938 -0.258252 0.115657
0.12404 -0.329579 -0.094938 -0.258252 0.115657
0.12404 -0.329579 -0.094938 -0.258252 0.115657
0.12404 -0.329579 -0.094938 -0.258252 0.115657
0.12404 -0.329579 -0.094938 -0.258252 0.115657
0.12404 -0.329579 -0.094938 -0.258252 0.115657
0.12404 -0.329579 -0.094938 -0.258252 0.115657
0.12404 -0.329579 -0.094938 -0.258252 0.115657
0.12404 -0.329579 -0.094938 -0.258252 0.115657
0.12404 -0.329579 -0.094938 -0.258252 0.115657
0.12404 -0.329579 -0.094938 -0.258252 0.115657
0.12404 -0.329579 -0.094938 -0.258252 0.115657
0.12404 -0.329579 -0.094938 -0.258252 0.115657
0.12404 -0.329579 -0.094938 -0.258252 0.115657
0.12404 -0.329579 -0.094938 -0.258252 0.115657
0.12404 -0.329579 -0.094938 -0.258252 0.115657
0.162101 -0.304318 -0.08444 -0.331539 0.016524
0.162101 -0.304318 -0.08444 -0.331539 0.016524
0.123323 -0.352008 -0.11148 -0.237245 0.120715
0.123323 -0.352008 -0.11148 -0.237245 0.120715
0.123323 -0.352008 -0.11148 -0.237245 0.120715
0.123323 -0.352008 -0.11148 -0.237245 0.120715
0.123323 -0.352008 -0.11148 -0.237245 0.120715
0.123323 -0.352008 -0.11148 -0.237245 0.120715
0.123323 -0.352008 -0.11148 -0.237245 0.120715
0.123323 -0.352008 -0.11148 -0.237245 0.120715
0.123323 -0.352008 -0.11148 -0.237245 0.120715
0.123323 -0.352008 -0.11148 -0.237245 0.120715
0.123323 -0.352008 -0.11148 -0.237245 0.120715
0.123323 -0.352008 -0.11148 -0.237245 0.120715
0.123323 -0.352008 -0.11148 -0.237245 0.120715
0.123323 -0.352008 -0.11148 -0.237245 0.120715
0.123323 -0.352008 -0.11148 -0.237245 0.120715
0.123323 -0.352008 -0.11148 -0.237245 0.120715
0.123323 -0.352008 -0.11148 -0.237245 0.120715
0.123323 -0.352008 -0.11148 -0.237245 0.120715
0.123323 -0.352008 -0.11148 -0.237245 0.120715
0.123323 -0.352008 -0.11148 -0.237245 0.120715
0.123323 -0.352008 -0.11148 -0.237245 0.120715
0.123323 -0.352008 -0.11148 -0.237245 0.120715
0.123323 -0.352008 -0.11148 -0.237245 0.120715
0.123323 -0.352008 -0.11148 -0.237245 0.120715
0.123323 -0.352008 -0.11148 -0.237245 0.120715
0.123323 -0.352008 -0.11148 -0.237245 0.120715
0.123323 -0.352008 -0.11148 -0.237245 0.120715
0.123323 -0.352008 -0.11148 -0.237245 0.120715
0.123323 -0.352008 -0.11148 -0.237245 0.120715
0.123323 -0.352008 -0.11148 -0.237245 0.120715
0.123323 -0.352008 -0.11148 -0.237245 0.120715
0.123323 -0.352008 -0.11148 -0.237245 0.120715
0.123323 -0.352008 -0.11148 -0.237245 0.120715
0.123323 -0.352008 -0.11148 -0.237245 0.120715
0.123323 -0.352008 -0.11148 -0.237245 0.120715
0.123323 -0.352008 -0.11148 -0.237245 0.120715
0.123323 -0.352008 -0.11148 -0.237245 0.120715
0.123323 -0.352008 -0.11148 -0.237245 0.120715
0.123323 -0.352008 -0.11148 -0.237245 0.120715
0.123323 -0.352008 -0.11148 -0.237245 0.120715
0.123323 -0.352008 -0.11148 -0.237245 0.120715
0.123323 -0.352008 -0.11148 -0.237245 0.120715
0.123323 -0.352008 -0.11148 -0.237245 0.120715
0.123323 -0.352008 -0.11148 -0.237245 0.120715
0.123323 -0.352008 -0.11148 -0.237245 0.120715
0.123323 -0.352008 -0.11148 -0.237245 0.120715
0.08776 -0.378402 -0.147841 -0.255114 0.231916
0.08776 -0.378402 -0.147841 -0.255114 0.231916
0.08776 -0.378402 -0.147841 -0.255114 0.231916
0.08776 -0.378402 -0.147841 -0.255114 0.231916
0.08776 -0.378402 -0.147841 -0.255114 0.231916
0.098543 -0.324844 -0.105065 -0.278937 0.128248
0.098543 -0.324844 -0.105065 -0.278937 0.128248
0.116838 -0.370101 -0.095245 -0.088739 0.264865
0.116838 -0.370101 -0.095245 -0.088739 0.264865
0.116838 -0.370101 -0.095245 -0.088739 0.264865
0.116838 -0.370101 -0.095245 -0.088739 0.264865
0.116838 -0.370101 -0.095245 -0.088739 0.264865
0.116838 -0.370101 -0.095245 -0.088739 0.264865
0.116838 -0.370101 -0.095245 -0.088739 0.264865
0.116838 -0.370101 -0.095245 -0.088739 0.264865
0.116838 -0.370101 -0.095245 -0.088739 0.264865
0.116838 -0.370101 -0.095245 -0.088739 0.264865
0.116838 -0.370101 -0.095245 -0.088739 0.264865
0.116838 -0.370101 -0.095245 -0.088739 0.264865
0.116838 -0.370101 -0.095245 -0.088739 0.264865
0.043377 -0.427851 -0.124777 -0.081317 0.258307
0.043377 -0.427851 -0.124777 -0.081317 0.258307
0.043377 -0.427851 -0.124777 -0.081317 0.258307
0.043377 -0.427851 -0.124777 -0.081317 0.258307
0.043377 -0.427851 -0.124777 -0.081317 0.258307
0.043377 -0.427851 -0.124777 -0.081317 0.258307
0.030332 -0.478348 -0.111166 -0.060783 0.246303
0.030332 -0.478348 -0.111166 -0.060783 0.246303
0.030332 -0.478348 -0.111166 -0.060783 0.246303
0.030332 -0.478348 -0.111166 -0.060783 0.246303
0.030332 -0.478348 -0.111166 -0.060783 0.246303
0.034121 -0.53044 -0.196821 -0.158081 0.386663
0.034121 -0.53044 -0.196821 -0.158081 0.386663
0.034121 -0.53044 -0.196821 -0.158081 0.386663
0.034121 -0.53044 -0.196821 -0.158081 0.386663
0.034121 -0.53044 -0.196821 -0.158081 0.386663
0.143194 -0.360079 -0.114266 -0.247176 0.202516
0.143194 -0.360079 -0.114266 -0.247176 0.202516
0.120724 -0.379842 -0.111839 -0.179565 0.234008
0.120724 -0.379842 -0.111839 -0.179565 0.234008
0.120724 -0.379842 -0.111839 -0.179565 0.234008
0.120724 -0.379842 -0.111839 -0.179565 0.234008
0.120724 -0.379842 -0.111839 -0.179565 0.234008
0.120724 -0.379842 -0.111839 -0.179565 0.234008
0.120724 -0.379842 -0.111839 -0.179565 0.234008
0.120724 -0.379842 -0.111839 -0.179565 0.234008
0.120724 -0.379842 -0.111839 -0.179565 0.234008
0.120724 -0.379842 -0.111839 -0.179565 0.234008
0.059814 -0.487942 -0.217992 -0.584537 0.163995
0.059814 -0.487942 -0.217992 -0.584537 0.163995
0.059814 -0.487942 -0.217992 -0.584537 0.163995
0.059814 -0.487942 -0.217992 -0.584537 0.163995
0.059814 -0.487942 -0.217992 -0.584537 0.163995
0.059814 -0.487942 -0.217992 -0.584537 0.163995
0.059814 -0.487942 -0.217992 -0.584537 0.163995
0.059814 -0.487942 -0.217992 -0.584537 0.163995
0.059814 -0.487942 -0.217992 -0.584537 0.163995
0.059814 -0.487942 -0.217992 -0.584537 0.163995
0.059814 -0.487942 -0.217992 -0.584537 0.163995
0.059814 -0.487942 -0.217992 -0.584537 0.163995
0.059814 -0.487942 -0.217992 -0.584537 0.163995
0.059814 -0.487942 -0.217992 -0.584537 0.163995
0.059814 -0.487942 -0.217992 -0.584537 0.163995
0.059814 -0.487942 -0.217992 -0.584537 0.163995
0.059814 -0.487942 -0.217992 -0.584537 0.163995
0.059814 -0.487942 -0.217992 -0.584537 0.163995
0.059814 -0.487942 -0.217992 -0.584537 0.163995
0.059814 -0.487942 -0.217992 -0.584537 0.163995
0.104045 -0.39982 -0.140735 -0.214304 0.29611
0.104045 -0.39982 -0.140735 -0.214304 0.29611
0.104045 -0.39982 -0.140735 -0.214304 0.29611
0.104045 -0.39982 -0.140735 -0.214304 0.29611
0.104045 -0.39982 -0.140735 -0.214304 0.29611
0.104045 -0.39982 -0.140735 -0.214304 0.29611
0.104045 -0.39982 -0.140735 -0.214304 0.29611
0.104045 -0.39982 -0.140735 -0.214304 0.29611
0.104045 -0.39982 -0.140735 -0.214304 0.29611
0.104045 -0.39982 -0.140735 -0.214304 0.29611
0.104045 -0.39982 -0.140735 -0.214304 0.29611
0.104045 -0.39982 -0.140735 -0.214304 0.29611
0.104045 -0.39982 -0.140735 -0.214304 0.29611
0.104045 -0.39982 -0.140735 -0.214304 0.29611
0.104045 -0.39982 -0.140735 -0.214304 0.29611
0.104045 -0.39982 -0.140735 -0.214304 0.29611
0.104045 -0.39982 -0.140735 -0.214304 0.29611
0.104045 -0.39982 -0.140735 -0.214304 0.29611
0.062834 -0.393033 -0.197283 -0.417961 0.289736
0.062834 -0.393033 -0.197283 -0.417961 0.289736
0.062834 -0.393033 -0.197283 -0.417961 0.289736
0.062834 -0.393033 -0.197283 -0.417961 0.289736
0.062834 -0.393033 -0.197283 -0.417961 0.289736
0.062834 -0.393033 -0.197283 -0.417961 0.289736
0.062834 -0.393033 -0.197283 -0.417961 0.289736
0.062834 -0.393033 -0.197283 -0.417961 0.289736
0.062834 -0.393033 -0.197283 -0.417961 0.289736
0.062834 -0.393033 -0.197283 -0.417961 0.289736
0.062834 -0.393033 -0.197283 -0.417961 0.289736
0.062834 -0.393033 -0.197283 -0.417961 0.289736
0.062834 -0.393033 -0.197283 -0.417961 0.289736
0.062834 -0.393033 -0.197283 -0.417961 0.289736
0.062834 -0.393033 -0.197283 -0.417961 0.289736
0.062834 -0.393033 -0.197283 -0.417961 0.289736
0.062834 -0.393033 -0.197283 -0.417961 0.289736
0.062834 -0.393033 -0.197283 -0.417961 0.289736
0.038098 -0.463744 -0.210776 -0.315801 0.402134
0.038098 -0.463744 -0.210776 -0.315801 0.402134
0.038098 -0.463744 -0.210776 -0.315801 0.402134
0.038098 -0.463744 -0.210776 -0.315801 0.402134
0.038098 -0.463744 -0.210776 -0.315801 0.402134
0.038098 -0.463744 -0.210776 -0.315801 0.402134
0.038098 -0.463744 -0.210776 -0.315801 0.402134
0.038098 -0.463744 -0.210776 -0.315801 0.402134
0.038098 -0.463744 -0.210776 -0.315801 0.402134
0.038098 -0.463744 -0.210776 -0.315801 0.402134
0.038098 -0.463744 -0.210776 -0.315801 0.402134
0.053407 -0.471437 -0.184893 -0.14224 0.468784
0.053407 -0.471437 -0.184893 -0.14224 0.468784
0.027705 -0.561597 -0.233176 -0.411042 0.335894
0.027705 -0.561597 -0.233176 -0.411042 0.335894
0.027705 -0.561597 -0.233176 -0.411042 0.335894
0.027705 -0.561597 -0.233176 -0.411042 0.335894
0.027705 -0.561597 -0.233176 -0.411042 0.335894
0.007655 -0.573967 -0.191685 -0.173885 0.376697
0.007655 -0.573967 -0.191685 -0.173885 0.376697
0.007655 -0.573967 -0.191685 -0.173885 0.376697
0.007655 -0.573967 -0.191685 -0.173885 0.376697
0.007655 -0.573967 -0.191685 -0.173885 0.376697
0.007655 -0.573967 -0.191685 -0.173885 0.376697
0.007655 -0.573967 -0.191685 -0.173885 0.376697
0.007655 -0.573967 -0.191685 -0.173885 0.376697
0.007655 -0.573967 -0.191685 -0.173885 0.376697
0.007655 -0.573967 -0.191685 -0.173885 0.376697
0.007655 -0.573967 -0.191685 -0.173885 0.376697
0.007655 -0.573967 -0.191685 -0.173885 0.376697
-0.000511 -0.536797 -0.213809 -0.306286 0.354501
-0.000511 -0.536797 -0.213809 -0.306286 0.354501
-0.000511 -0.536797 -0.213809 -0.306286 0.354501
-0.000511 -0.536797 -0.213809 -0.306286 0.354501
-0.000511 -0.536797 -0.213809 -0.306286 0.354501
-0.000511 -0.536797 -0.213809 -0.306286 0.354501
-0.000511 -0.536797 -0.213809 -0.306286 0.354501
0.000247 -0.551021 -0.233369 -0.455825 0.230523
0.000247 -0.551021 -0.233369 -0.455825 0.230523
-0.010337 -0.523459 -0.195512 -0.385904 0.204479
-0.010337 -0.523459 -0.195512 -0.385904 0.204479
-0.010337 -0.523459 -0.195512 -0.385904 0.204479
-0.010337 -0.523459 -0.195512 -0.385904 0.204479
-0.010337 -0.523459 -0.195512 -0.385904 0.204479
0.029084 -0.534419 -0.19213 -0.248455 0.333805
0.029084 -0.534419 -0.19213 -0.248455 0.333805
0.029084 -0.534419 -0.19213 -0.248455 0.333805
0.029084 -0.534419 -0.19213 -0.248455 0.333805
0.029084 -0.534419 -0.19213 -0.248455 0.333805
0.029084 -0.534419 -0.19213 -0.248455 0.333805
0.029084 -0.534419 -0.19213 -0.248455 0.333805
0.029084 -0.534419 -0.19213 -0.248455 0.333805
0.029084 -0.534419 -0.19213 -0.248455 0.333805
0.007082 -0.550497 -0.229167 -0.439753 0.250449
0.007082 -0.550497 -0.229167 -0.439753 0.250449
0.007082 -0.550497 -0.229167 -0.439753 0.250449
0.007082 -0.550497 -0.229167 -0.439753 0.250449
0.007082 -0.550497 -0.229167 -0.439753 0.250449
0.007082 -0.550497 -0.229167 -0.439753 0.250449
0.007082 -0.550497 -0.229167 -0.439753 0.250449
0.007082 -0.550497 -0.229167 -0.439753 0.250449
0.007082 -0.550497 -0.229167 -0.439753 0.250449
0.007082 -0.550497 -0.229167 -0.439753 0.250449
0.007082 -0.550497 -0.229167 -0.439753 0.250449
0.066936 -0.437293 -0.154293 -0.248666 0.22776
0.066936 -0.437293 -0.154293 -0.248666 0.22776
0.066936 -0.437293 -0.154293 -0.248666 0.22776
0.066936 -0.437293 -0.154293 -0.248666 0.22776
0.066936 -0.437293 -0.154293 -0.248666 0.22776
0.066936 -0.437293 -0.154293 -0.248666 0.22776
0.066936 -0.437293 -0.154293 -0.248666 0.22776
0.066936 -0.437293 -0.154293 -0.248666 0.22776
0.066936 -0.437293 -0.154293 -0.248666 0.22776
0.066936 -0.437293 -0.154293 -0.248666 0.22776
0.096572 -0.396649 -0.125753 -0.05027 0.352776
0.096572 -0.396649 -0.125753 -0.05027 0.352776
0.096572 -0.396649 -0.125753 -0.05027 0.352776
0.096572 -0.396649 -0.125753 -0.05027 0.352776
0.096572 -0.396649 -0.125753 -0.05027 0.352776
0.096572 -0.396649 -0.125753 -0.05027 0.352776
0.096572 -0.396649 -0.125753 -0.05027 0.352776
0.096572 -0.396649 -0.125753 -0.05027 0.352776
0.096572 -0.396649 -0.125753 -0.05027 0.352776
0.096572 -0.396649 -0.125753 -0.05027 0.352776
0.123816 -0.334849 -0.101308 -0.237673 0.09467
0.123816 -0.334849 -0.101308 -0.237673 0.09467
0.081901 -0.460995 -0.126713 -0.292997 0.097518
0.081901 -0.460995 -0.126713 -0.292997 0.097518
0.081901 -0.460995 -0.126713 -0.292997 0.097518
0.081901 -0.460995 -0.126713 -0.292997 0.097518
0.089959 -0.405785 -0.109618 -0.149731 0.188539
0.089959 -0.405785 -0.109618 -0.149731 0.188539
0.089959 -0.405785 -0.109618 -0.149731 0.188539
0.149791 -0.274552 -0.02289 -0.166569 -0.020461
0.149791 -0.274552 -0.02289 -0.166569 -0.020461
0.149791 -0.274552 -0.02289 -0.166569 -0.020461
0.149791 -0.274552 -0.02289 -0.166569 -0.020461
0.149791 -0.274552 -0.02289 -0.166569 -0.020461
0.190114 -0.215572 0.003319 -0.25957 -0.190999
0.190114 -0.215572 0.003319 -0.25957 -0.190999
0.190114 -0.215572 0.003319 -0.25957 -0.190999
0.190114 -0.215572 0.003319 -0.25957 -0.190999
0.190114 -0.215572 0.003319 -0.25957 -0.190999
0.190114 -0.215572 0.003319 -0.25957 -0.190999
0.190114 -0.215572 0.003319 -0.25957 -0.190999
0.196719 -0.217836 -0.008102 -0.375896 -0.255811
0.196719 -0.217836 -0.008102 -0.375896 -0.255811
0.196719 -0.217836 -0.008102 -0.375896 -0.255811
0.119365 -0.417677 -0.115523 -0.2222 0.160026
0.119365 -0.417677 -0.115523 -0.2222 0.160026
0.119365 -0.417677 -0.115523 -0.2222 0.160026
0.119365 -0.417677 -0.115523 -0.2222 0.160026
0.119441 -0.426097 -0.120365 -0.345291 0.093731
0.119441 -0.426097 -0.120365 -0.345291 0.093731
0.159364 -0.357592 -0.052382 -0.17901 0.057635
0.09639 -0.472798 -0.123356 -0.231865 0.214414
0.09639 -0.472798 -0.123356 -0.231865 0.214414
0.09639 -0.472798 -0.123356 -0.231865 0.214414
0.09639 -0.472798 -0.123356 -0.231865 0.214414
0.09639 -0.472798 -0.123356 -0.231865 0.214414
0.09639 -0.472798 -0.123356 -0.231865 0.214414
0.036424 -0.56813 -0.221814 -0.312144 0.451428
0.036424 -0.56813 -0.221814 -0.312144 0.451428
0.036424 -0.56813 -0.221814 -0.312144 0.451428
0.036424 -0.56813 -0.221814 -0.312144 0.451428
0.036424 -0.56813 -0.221814 -0.312144 0.451428
0.036424 -0.56813 -0.221814 -0.312144 0.451428
0.036424 -0.56813 -0.221814 -0.312144 0.451428
0.031109 -0.570729 -0.223143 -0.244053 0.48278
0.031109 -0.570729 -0.223143 -0.244053 0.48278
0.031109 -0.570729 -0.223143 -0.244053 0.48278
0.092605 -0.502178 -0.18035 -0.500599 0.183119
0.092605 -0.502178 -0.18035 -0.500599 0.183119
0.092605 -0.502178 -0.18035 -0.500599 0.183119
0.092605 -0.502178 -0.18035 -0.500599 0.183119
0.092605 -0.502178 -0.18035 -0.500599 0.183119
0.092605 -0.502178 -0.18035 -0.500599 0.183119
0.092605 -0.502178 -0.18035 -0.500599 0.183119
0.092605 -0.502178 -0.18035 -0.500599 0.183119
0.092605 -0.502178 -0.18035 -0.500599 0.183119
0.092605 -0.502178 -0.18035 -0.500599 0.183119
0.131449 -0.399545 -0.127674 -0.372698 0.217448
0.131449 -0.399545 -0.127674 -0.372698 0.217448
0.131449 -0.399545 -0.127674 -0.372698 0.217448
0.131449 -0.399545 -0.127674 -0.372698 0.217448
0.131449 -0.399545 -0.127674 -0.372698 0.217448
0.131449 -0.399545 -0.127674 -0.372698 0.217448
0.131449 -0.399545 -0.127674 -0.372698 0.217448
0.131449 -0.399545 -0.127674 -0.372698 0.217448
0.131449 -0.399545 -0.127674 -0.372698 0.217448
0.10445 -0.408235 -0.102508 -0.11008 0.344558
0.167299 -0.340601 -0.0167 0.133648 0.297901
0.167299 -0.340601 -0.0167 0.133648 0.297901
0.162621 -0.399005 -0.02291 0.039619 0.209175
0.162621 -0.399005 -0.02291 0.039619 0.209175
0.153385 -0.399623 -0.000628 0.360803 0.494773
0.153385 -0.399623 -0.000628 0.360803 0.494773
0.143719 -0.401187 -0.027899 0.409382 0.598449
0.143719 -0.401187 -0.027899 0.409382 0.598449
0.143719 -0.401187 -0.027899 0.409382 0.598449
0.143719 -0.401187 -0.027899 0.409382 0.598449
0.143719 -0.401187 -0.027899 0.409382 0.598449
0.069103 -0.498635 -0.120939 0.282775 0.667676
0.069103 -0.498635 -0.120939 0.282775 0.667676
0.069103 -0.498635 -0.120939 0.282775 0.667676
0.069103 -0.498635 -0.120939 0.282775 0.667676
0.069103 -0.498635 -0.120939 0.282775 0.667676
0.069103 -0.498635 -0.120939 0.282775 0.667676
0.069103 -0.498635 -0.120939 0.282775 0.667676
0.069103 -0.498635 -0.120939 0.282775 0.667676
0.069103 -0.498635 -0.120939 0.282775 0.667676
0.069103 -0.498635 -0.120939 0.282775 0.667676
0.069103 -0.498635 -0.120939 0.282775 0.667676
0.069103 -0.498635 -0.120939 0.282775 0.667676
0.069103 -0.498635 -0.120939 0.282775 0.667676
0.069103 -0.498635 -0.120939 0.282775 0.667676
0.069103 -0.498635 -0.120939 0.282775 0.667676
0.069103 -0.498635 -0.120939 0.282775 0.667676
0.069103 -0.498635 -0.120939 0.282775 0.667676
0.069103 -0.498635 -0.120939 0.282775 0.667676
0.069103 -0.498635 -0.120939 0.282775 0.667676
0.069103 -0.498635 -0.120939 0.282775 0.667676
0.069103 -0.498635 -0.120939 0.282775 0.667676
0.069103 -0.498635 -0.120939 0.282775 0.667676
0.069103 -0.498635 -0.120939 0.282775 0.667676
0.069103 -0.498635 -0.120939 0.282775 0.667676
0.069103 -0.498635 -0.120939 0.282775 0.667676
0.111185 -0.522769 -0.126416 0.042629 0.436411
0.111185 -0.522769 -0.126416 0.042629 0.436411
0.106403 -0.434678 -0.087684 -0.088812 0.240565
0.106403 -0.434678 -0.087684 -0.088812 0.240565
0.106403 -0.434678 -0.087684 -0.088812 0.240565
0.106403 -0.434678 -0.087684 -0.088812 0.240565
0.106403 -0.434678 -0.087684 -0.088812 0.240565
0.106403 -0.434678 -0.087684 -0.088812 0.240565
0.086441 -0.424875 -0.085367 -0.034838 0.271976
0.086441 -0.424875 -0.085367 -0.034838 0.271976
0.086441 -0.424875 -0.085367 -0.034838 0.271976
0.086441 -0.424875 -0.085367 -0.034838 0.271976
0.086441 -0.424875 -0.085367 -0.034838 0.271976
0.086441 -0.424875 -0.085367 -0.034838 0.271976
0.086441 -0.424875 -0.085367 -0.034838 0.271976
0.086441 -0.424875 -0.085367 -0.034838 0.271976
0.099532 -0.435508 -0.097429 -0.106461 0.216791
0.099532 -0.435508 -0.097429 -0.106461 0.216791
0.099532 -0.435508 -0.097429 -0.106461 0.216791
0.099532 -0.435508 -0.097429 -0.106461 0.216791
0.099532 -0.435508 -0.097429 -0.106461 0.216791
0.099532 -0.435508 -0.097429 -0.106461 0.216791
0.078852 -0.461736 -0.134296 -0.255685 0.217949
0.078852 -0.461736 -0.134296 -0.255685 0.217949
0.078852 -0.461736 -0.134296 -0.255685 0.217949
0.078852 -0.461736 -0.134296 -0.255685 0.217949
0.078852 -0.461736 -0.134296 -0.255685 0.217949
0.078852 -0.461736 -0.134296 -0.255685 0.217949
0.078852 -0.461736 -0.134296 -0.255685 0.217949
0.078852 -0.461736 -0.134296 -0.255685 0.217949
0.078852 -0.461736 -0.134296 -0.255685 0.217949
0.078852 -0.461736 -0.134296 -0.255685 0.217949
0.078852 -0.461736 -0.134296 -0.255685 0.217949
0.078852 -0.461736 -0.134296 -0.255685 0.217949
0.078852 -0.461736 -0.134296 -0.255685 0.217949
0.078852 -0.461736 -0.134296 -0.255685 0.217949
0.078852 -0.461736 -0.134296 -0.255685 0.217949
0.123535 -0.44873 -0.063156 -0.111582 0.163464
0.123535 -0.44873 -0.063156 -0.111582 0.163464
0.123535 -0.44873 -0.063156 -0.111582 0.163464
0.123535 -0.44873 -0.063156 -0.111582 0.163464
0.123535 -0.44873 -0.063156 -0.111582 0.163464
0.123535 -0.44873 -0.063156 -0.111582 0.163464
0.123535 -0.44873 -0.063156 -0.111582 0.163464
0.123535 -0.44873 -0.063156 -0.111582 0.163464
0.123535 -0.44873 -0.063156 -0.111582 0.163464
0.123535 -0.44873 -0.063156 -0.111582 0.163464
0.123535 -0.44873 -0.063156 -0.111582 0.163464
0.123535 -0.44873 -0.063156 -0.111582 0.163464
0.129312 -0.404941 -0.068279 -0.216958 0.079786
0.129312 -0.404941 -0.068279 -0.216958 0.079786
0.129312 -0.404941 -0.068279 -0.216958 0.079786
0.092169 -0.377119 -0.098042 -0.23402 0.140993
0.092169 -0.377119 -0.098042 -0.23402 0.140993
0.092169 -0.377119 -0.098042 -0.23402 0.140993
0.092169 -0.377119 -0.098042 -0.23402 0.140993
0.092169 -0.377119 -0.098042 -0.23402 0.140993
0.092169 -0.377119 -0.098042 -0.23402 0.140993
0.092169 -0.377119 -0.098042 -0.23402 0.140993
0.092169 -0.377119 -0.098042 -0.23402 0.140993
0.092169 -0.377119 -0.098042 -0.23402 0.140993
0.092169 -0.377119 -0.098042 -0.23402 0.140993
0.167674 -0.289441 -0.060889 -0.049509 0.229196
0.167674 -0.289441 -0.060889 -0.049509 0.229196
0.167674 -0.289441 -0.060889 -0.049509 0.229196
0.158649 -0.316023 -0.095172 -0.180515 0.239525
0.158649 -0.316023 -0.095172 -0.180515 0.239525
0.129705 -0.373859 -0.108601 -0.103873 0.28182
0.129705 -0.373859 -0.108601 -0.103873 0.28182
0.129705 -0.373859 -0.108601 -0.103873 0.28182
0.129705 -0.373859 -0.108601 -0.103873 0.28182
0.129705 -0.373859 -0.108601 -0.103873 0.28182
0.055742 -0.501657 -0.134562 -0.208542 0.236676
0.055742 -0.501657 -0.134562 -0.208542 0.236676
0.117151 -0.413063 -0.088917 -0.190231 0.135884
0.117151 -0.413063 -0.088917 -0.190231 0.135884
0.117151 -0.413063 -0.088917 -0.190231 0.135884
0.117151 -0.413063 -0.088917 -0.190231 0.135884
0.117151 -0.413063 -0.088917 -0.190231 0.135884
0.094511 -0.397082 -0.097993 -0.251998 0.077857
0.094511 -0.397082 -0.097993 -0.251998 0.077857
0.162106 -0.372147 -0.122059 -0.374083 0.106393
0.162106 -0.372147 -0.122059 -0.374083 0.106393
0.162106 -0.372147 -0.122059 -0.374083 0.106393
0.162106 -0.372147 -0.122059 -0.374083 0.106393
0.162106 -0.372147 -0.122059 -0.374083 0.106393
0.162106 -0.372147 -0.122059 -0.374083 0.106393
0.162106 -0.372147 -0.122059 -0.374083 0.106393
0.162106 -0.372147 -0.122059 -0.374083 0.106393
0.180297 -0.309855 -0.026278 -0.12077 0.105908
0.162799 -0.307751 -0.031969 -0.236025 -0.052771
0.162799 -0.307751 -0.031969 -0.236025 -0.052771
0.162799 -0.307751 -0.031969 -0.236025 -0.052771
0.162799 -0.307751 -0.031969 -0.236025 -0.052771
0.162799 -0.307751 -0.031969 -0.236025 -0.052771
0.162799 -0.307751 -0.031969 -0.236025 -0.052771
0.162799 -0.307751 -0.031969 -0.236025 -0.052771
0.162799 -0.307751 -0.031969 -0.236025 -0.052771
0.128265 -0.273384 -0.022843 -0.096922 0.080783
0.128265 -0.273384 -0.022843 -0.096922 0.080783
0.051541 -0.459885 -0.109753 -0.027052 0.367113
0.060502 -0.448793 -0.131451 -0.126693 0.344535
0.060502 -0.448793 -0.131451 -0.126693 0.344535
0.060502 -0.448793 -0.131451 -0.126693 0.344535
0.060502 -0.448793 -0.131451 -0.126693 0.344535
0.060502 -0.448793 -0.131451 -0.126693 0.344535
0.060502 -0.448793 -0.131451 -0.126693 0.344535
0.060502 -0.448793 -0.131451 -0.126693 0.344535
0.060502 -0.448793 -0.131451 -0.126693 0.344535
0.060502 -0.448793 -0.131451 -0.126693 0.344535
0.060502 -0.448793 -0.131451 -0.126693 0.344535
0.060502 -0.448793 -0.131451 -0.126693 0.344535
0.060502 -0.448793 -0.131451 -0.126693 0.344535
0.001906 -0.532895 -0.167207 0.073832 0.533434
0.001906 -0.532895 -0.167207 0.073832 0.533434
0.001906 -0.532895 -0.167207 0.073832 0.533434
0.001906 -0.532895 -0.167207 0.073832 0.533434
0.028276 -0.498711 -0.167033 0.007393 0.489581
0.028276 -0.498711 -0.167033 0.007393 0.489581
0.028276 -0.498711 -0.167033 0.007393 0.489581
0.028276 -0.498711 -0.167033 0.007393 0.489581
0.028276 -0.498711 -0.167033 0.007393 0.489581
0.028276 -0.498711 -0.167033 0.007393 0.489581
0.028276 -0.498711 -0.167033 0.007393 0.489581
0.028276 -0.498711 -0.167033 0.007393 0.489581
0.027874 -0.45399 -0.139351 0.066435 0.422969
0.027874 -0.45399 -0.139351 0.066435 0.422969
0.078532 -0.38599 -0.097836 0.154417 0.422417
0.078532 -0.38599 -0.097836 0.154417 0.422417
0.078532 -0.38599 -0.097836 0.154417 0.422417
0.078532 -0.38599 -0.097836 0.154417 0.422417
0.078532 -0.38599 -0.097836 0.154417 0.422417
0.078532 -0.38599 -0.097836 0.154417 0.422417
0.078532 -0.38599 -0.097836 0.154417 0.422417
0.170535 -0.210152 -0.02935 -0.051086 0.121809
0.170535 -0.210152 -0.02935 -0.051086 0.121809
0.170535 -0.210152 -0.02935 -0.051086 0.121809
0.170535 -0.210152 -0.02935 -0.051086 0.121809
0.170535 -0.210152 -0.02935 -0.051086 0.121809
0.135816 -0.291583 -0.061321 0.044737 0.300138
0.135816 -0.291583 -0.061321 0.044737 0.300138
0.135816 -0.291583 -0.061321 0.044737 0.300138
0.135816 -0.291583 -0.061321 0.044737 0.300138
0.135816 -0.291583 -0.061321 0.044737 0.300138
0.137171 -0.283644 -0.075338 -0.075986 0.251289
0.076894 -0.320347 -0.109081 0.012421 0.417148
0.076894 -0.320347 -0.109081 0.012421 0.417148
0.076894 -0.320347 -0.109081 0.012421 0.417148
0.076894 -0.320347 -0.109081 0.012421 0.417148
0.076894 -0.320347 -0.109081 0.012421 0.417148
0.076894 -0.320347 -0.109081 0.012421 0.417148
0.076894 -0.320347 -0.109081 0.012421 0.417148
0.076894 -0.320347 -0.109081 0.012421 0.417148
0.117992 -0.347392 -0.076603 0.103884 0.405735
0.117992 -0.347392 -0.076603 0.103884 0.405735
0.117992 -0.347392 -0.076603 0.103884 0.405735
0.117992 -0.347392 -0.076603 0.103884 0.405735
0.08584 -0.359999 -0.11921 0.003439 0.428577
0.08584 -0.359999 -0.11921 0.003439 0.428577
0.08584 -0.359999 -0.11921 0.003439 0.428577
0.08584 -0.359999 -0.11921 0.003439 0.428577
0.08584 -0.359999 -0.11921 0.003439 0.428577
0.08584 -0.359999 -0.11921 0.003439 0.428577
0.08584 -0.359999 -0.11921 0.003439 0.428577
0.085212 -0.339981 -0.096098 -0.057031 0.33619
0.085212 -0.339981 -0.096098 -0.057031 0.33619
0.160163 -0.295421 -0.021491 0.123044 0.318029
0.160163 -0.295421 -0.021491 0.123044 0.318029
0.160163 -0.295421 -0.021491 0.123044 0.318029
0.160163 -0.295421 -0.021491 0.123044 0.318029
0.160163 -0.295421 -0.021491 0.123044 0.318029
0.160163 -0.295421 -0.021491 0.123044 0.318029
0.160163 -0.295421 -0.021491 0.123044 0.318029
0.160163 -0.295421 -0.021491 0.123044 0.318029
0.142943 -0.388965 -0.037364 0.181289 0.34606
0.142943 -0.388965 -0.037364 0.181289 0.34606
0.142943 -0.388965 -0.037364 0.181289 0.34606
0.142943 -0.388965 -0.037364 0.181289 0.34606
0.142943 -0.388965 -0.037364 0.181289 0.34606
0.142943 -0.388965 -0.037364 0.181289 0.34606
0.134058 -0.324644 -0.039436 0.158455 0.328668
0.134058 -0.324644 -0.039436 0.158455 0.328668
0.103736 -0.458227 -0.108433 -0.065838 0.317817
0.103736 -0.458227 -0.108433 -0.065838 0.317817
0.103736 -0.458227 -0.108433 -0.065838 0.317817
0.103736 -0.458227 -0.108433 -0.065838 0.317817
0.160308 -0.338131 -0.05423 0.055321 0.319822
0.160308 -0.338131 -0.05423 0.055321 0.319822
0.160308 -0.338131 -0.05423 0.055321 0.319822
0.160308 -0.338131 -0.05423 0.055321 0.319822
0.180858 -0.317807 -0.021983 0.123291 0.374851
0.114455 -0.468948 -0.102536 -0.078057 0.362369
0.114455 -0.468948 -0.102536 -0.078057 0.362369
0.048475 -0.514766 -0.177628 -0.115502 0.439082
0.048475 -0.514766 -0.177628 -0.115502 0.439082
0.048475 -0.514766 -0.177628 -0.115502 0.439082
0.048475 -0.514766 -0.177628 -0.115502 0.439082
0.048475 -0.514766 -0.177628 -0.115502 0.439082
0.048475 -0.514766 -0.177628 -0.115502 0.439082
0.048475 -0.514766 -0.177628 -0.115502 0.439082
0.048475 -0.514766 -0.177628 -0.115502 0.439082
0.048475 -0.514766 -0.177628 -0.115502 0.439082
0.048475 -0.514766 -0.177628 -0.115502 0.439082
0.048475 -0.514766 -0.177628 -0.115502 0.439082
0.048475 -0.514766 -0.177628 -0.115502 0.439082
0.048475 -0.514766 -0.177628 -0.115502 0.439082
0.048475 -0.514766 -0.177628 -0.115502 0.439082
0.048475 -0.514766 -0.177628 -0.115502 0.439082
0.048475 -0.514766 -0.177628 -0.115502 0.439082
0.048475 -0.514766 -0.177628 -0.115502 0.439082
0.048475 -0.514766 -0.177628 -0.115502 0.439082
0.048475 -0.514766 -0.177628 -0.115502 0.439082
0.048475 -0.514766 -0.177628 -0.115502 0.439082
0.048475 -0.514766 -0.177628 -0.115502 0.439082
0.048475 -0.514766 -0.177628 -0.115502 0.439082
0.048475 -0.514766 -0.177628 -0.115502 0.439082
0.048475 -0.514766 -0.177628 -0.115502 0.439082
0.048475 -0.514766 -0.177628 -0.115502 0.439082
0.051331 -0.532095 -0.200823 -0.255096 0.459285
0.085808 -0.4661 -0.187047 -0.30114 0.380702
0.085808 -0.4661 -0.187047 -0.30114 0.380702
0.120499 -0.372673 -0.156723 -0.375528 0.284689
0.120499 -0.372673 -0.156723 -0.375528 0.284689
0.120499 -0.372673 -0.156723 -0.375528 0.284689
0.120499 -0.372673 -0.156723 -0.375528 0.284689
0.120499 -0.372673 -0.156723 -0.375528 0.284689
0.120499 -0.372673 -0.156723 -0.375528 0.284689
0.120499 -0.372673 -0.156723 -0.375528 0.284689
0.120499 -0.372673 -0.156723 -0.375528 0.284689
0.120499 -0.372673 -0.156723 -0.375528 0.284689
0.120499 -0.372673 -0.156723 -0.375528 0.284689
0.120499 -0.372673 -0.156723 -0.375528 0.284689
0.120499 -0.372673 -0.156723 -0.375528 0.284689
0.120499 -0.372673 -0.156723 -0.375528 0.284689
0.120499 -0.372673 -0.156723 -0.375528 0.284689
0.120499 -0.372673 -0.156723 -0.375528 0.284689
0.120499 -0.372673 -0.156723 -0.375528 0.284689
0.120499 -0.372673 -0.156723 -0.375528 0.284689
0.093634 -0.433766 -0.146461 -0.224147 0.296716
0.093634 -0.433766 -0.146461 -0.224147 0.296716
0.093634 -0.433766 -0.146461 -0.224147 0.296716
0.093634 -0.433766 -0.146461 -0.224147 0.296716
0.093634 -0.433766 -0.146461 -0.224147 0.296716
0.150565 -0.438989 -0.08328 -0.233307 0.122644
0.150565 -0.438989 -0.08328 -0.233307 0.122644
0.150565 -0.438989 -0.08328 -0.233307 0.122644
0.150565 -0.438989 -0.08328 -0.233307 0.122644
0.150565 -0.438989 -0.08328 -0.233307 0.122644
0.150565 -0.438989 -0.08328 -0.233307 0.122644
0.143654 -0.479901 -0.104614 -0.046983 0.291325
0.125169 -0.38527 -0.091929 -0.048584 0.291013
0.125169 -0.38527 -0.091929 -0.048584 0.291013
0.125169 -0.38527 -0.091929 -0.048584 0.291013
0.125169 -0.38527 -0.091929 -0.048584 0.291013
0.125169 -0.38527 -0.091929 -0.048584 0.291013
0.125169 -0.38527 -0.091929 -0.048584 0.291013
0.125169 -0.38527 -0.091929 -0.048584 0.291013
0.125169 -0.38527 -0.091929 -0.048584 0.291013
0.125169 -0.38527 -0.091929 -0.048584 0.291013
0.125169 -0.38527 -0.091929 -0.048584 0.291013
0.125169 -0.38527 -0.091929 -0.048584 0.291013
0.125169 -0.38527 -0.091929 -0.048584 0.291013
0.125169 -0.38527 -0.091929 -0.048584 0.291013
0.125169 -0.38527 -0.091929 -0.048584 0.291013
0.125169 -0.38527 -0.091929 -0.048584 0.291013
0.125169 -0.38527 -0.091929 -0.048584 0.291013
0.125169 -0.38527 -0.091929 -0.048584 0.291013
0.125169 -0.38527 -0.091929 -0.048584 0.291013
0.125169 -0.38527 -0.091929 -0.048584 0.291013
0.099762 -0.485318 -0.126732 -0.11099 0.342653
0.099762 -0.485318 -0.126732 -0.11099 0.342653
0.16628 -0.327186 -0.053595 -0.076543 0.23199
0.16628 -0.327186 -0.053595 -0.076543 0.23199
0.16628 -0.327186 -0.053595 -0.076543 0.23199
0.1937 -0.325745 -0.077428 -0.10935 0.262547
0.1937 -0.325745 -0.077428 -0.10935 0.262547
0.1937 -0.325745 -0.077428 -0.10935 0.262547
0.1937 -0.325745 -0.077428 -0.10935 0.262547
0.1937 -0.325745 -0.077428 -0.10935 0.262547
0.1937 -0.325745 -0.077428 -0.10935 0.262547
0.1937 -0.325745 -0.077428 -0.10935 0.262547
0.1937 -0.325745 -0.077428 -0.10935 0.262547
0.1937 -0.325745 -0.077428 -0.10935 0.262547
0.1937 -0.325745 -0.077428 -0.10935 0.262547
0.1937 -0.325745 -0.077428 -0.10935 0.262547
0.160912 -0.340422 -0.073802 0.050335 0.315063
0.160912 -0.340422 -0.073802 0.050335 0.315063
0.160912 -0.340422 -0.073802 0.050335 0.315063
0.137033 -0.416106 -0.122731 0.000368 0.348531
0.108461 -0.492706 -0.138068 0.035628 0.431905
0.108461 -0.492706 -0.138068 0.035628 0.431905
0.108461 -0.492706 -0.138068 0.035628 0.431905
0.108461 -0.492706 -0.138068 0.035628 0.431905
0.108461 -0.492706 -0.138068 0.035628 0.431905
0.108461 -0.492706 -0.138068 0.035628 0.431905
0.108461 -0.492706 -0.138068 0.035628 0.431905
0.108461 -0.492706 -0.138068 0.035628 0.431905
0.108461 -0.492706 -0.138068 0.035628 0.431905
0.182122 -0.453546 -0.089278 -0.005114 0.321658
0.123191 -0.458066 -0.109403 0.076177 0.435366
0.123191 -0.458066 -0.109403 0.076177 0.435366
0.123191 -0.458066 -0.109403 0.076177 0.435366
0.123191 -0.458066 -0.109403 0.076177 0.435366
0.160563 -0.412974 -0.091145 0.084488 0.419784
0.14819 -0.385386 -0.06305 0.057165 0.274006
0.14819 -0.385386 -0.06305 0.057165 0.274006
0.14819 -0.385386 -0.06305 0.057165 0.274006
0.14819 -0.385386 -0.06305 0.057165 0.274006
0.14819 -0.385386 -0.06305 0.057165 0.274006
0.14819 -0.385386 -0.06305 0.057165 0.274006
0.14819 -0.385386 -0.06305 0.057165 0.274006
0.164579 -0.350508 -0.065577 -0.024886 0.31652
0.164579 -0.350508 -0.065577 -0.024886 0.31652
0.164579 -0.350508 -0.065577 -0.024886 0.31652
0.164579 -0.350508 -0.065577 -0.024886 0.31652
0.164579 -0.350508 -0.065577 -0.024886 0.31652
0.164579 -0.350508 -0.065577 -0.024886 0.31652
0.164579 -0.350508 -0.065577 -0.024886 0.31652
0.164579 -0.350508 -0.065577 -0.024886 0.31652
0.136424 -0.396778 -0.061069 0.131192 0.364711
0.136424 -0.396778 -0.061069 0.131192 0.364711
0.131781 -0.412052 -0.146541 -0.257096 0.281675
0.131781 -0.412052 -0.146541 -0.257096 0.281675
0.131781 -0.412052 -0.146541 -0.257096 0.281675
0.131781 -0.412052 -0.146541 -0.257096 0.281675
0.131781 -0.412052 -0.146541 -0.257096 0.281675
0.154089 -0.372461 -0.095153 -0.204018 0.248486
0.154089 -0.372461 -0.095153 -0.204018 0.248486
0.154089 -0.372461 -0.095153 -0.204018 0.248486
0.154089 -0.372461 -0.095153 -0.204018 0.248486
0.154089 -0.372461 -0.095153 -0.204018 0.248486
0.154089 -0.372461 -0.095153 -0.204018 0.248486
0.154089 -0.372461 -0.095153 -0.204018 0.248486
0.154089 -0.372461 -0.095153 -0.204018 0.248486
0.111977 -0.396193 -0.133171 -0.311923 0.209117
0.111977 -0.396193 -0.133171 -0.311923 0.209117
0.111977 -0.396193 -0.133171 -0.311923 0.209117
0.111977 -0.396193 -0.133171 -0.311923 0.209117
0.111977 -0.396193 -0.133171 -0.311923 0.209117
0.111977 -0.396193 -0.133171 -0.311923 0.209117
0.111977 -0.396193 -0.133171 -0.311923 0.209117
0.111977 -0.396193 -0.133171 -0.311923 0.209117
0.111977 -0.396193 -0.133171 -0.311923 0.209117
0.111977 -0.396193 -0.133171 -0.311923 0.209117
0.111977 -0.396193 -0.133171 -0.311923 0.209117
0.111977 -0.396193 -0.133171 -0.311923 0.209117
0.111977 -0.396193 -0.133171 -0.311923 0.209117
0.111977 -0.396193 -0.133171 -0.311923 0.209117
0.111977 -0.396193 -0.133171 -0.311923 0.209117
0.111977 -0.396193 -0.133171 -0.311923 0.209117
0.105527 -0.377059 -0.12047 -0.263267 0.223916
0.105527 -0.377059 -0.12047 -0.263267 0.223916
0.105527 -0.377059 -0.12047 -0.263267 0.223916
0.105527 -0.377059 -0.12047 -0.263267 0.223916
0.105527 -0.377059 -0.12047 -0.263267 0.223916
0.105527 -0.377059 -0.12047 -0.263267 0.223916
0.105527 -0.377059 -0.12047 -0.263267 0.223916
0.105527 -0.377059 -0.12047 -0.263267 0.223916
0.105527 -0.377059 -0.12047 -0.263267 0.223916
0.103251 -0.40404 -0.081075 0.146437 0.398089
0.103251 -0.40404 -0.081075 0.146437 0.398089
0.103251 -0.40404 -0.081075 0.146437 0.398089
0.103251 -0.40404 -0.081075 0.146437 0.398089
0.103251 -0.40404 -0.081075 0.146437 0.398089
0.103251 -0.40404 -0.081075 0.146437 0.398089
0.103251 -0.40404 -0.081075 0.146437 0.398089
0.103251 -0.40404 -0.081075 0.146437 0.398089
0.103251 -0.40404 -0.081075 0.146437 0.398089
0.103251 -0.40404 -0.081075 0.146437 0.398089
0.103251 -0.40404 -0.081075 0.146437 0.398089
0.103251 -0.40404 -0.081075 0.146437 0.398089
0.103251 -0.40404 -0.081075 0.146437 0.398089
0.103251 -0.40404 -0.081075 0.146437 0.398089
0.103251 -0.40404 -0.081075 0.146437 0.398089
0.103251 -0.40404 -0.081075 0.146437 0.398089
0.103251 -0.40404 -0.081075 0.146437 0.398089
0.103251 -0.40404 -0.081075 0.146437 0.398089
0.103251 -0.40404 -0.081075 0.146437 0.398089
0.103251 -0.40404 -0.081075 0.146437 0.398089
0.103251 -0.40404 -0.081075 0.146437 0.398089
0.103251 -0.40404 -0.081075 0.146437 0.398089
0.103251 -0.40404 -0.081075 0.146437 0.398089
0.078702 -0.44602 -0.149302 -0.038339 0.395434
0.078702 -0.44602 -0.149302 -0.038339 0.395434
0.078702 -0.44602 -0.149302 -0.038339 0.395434
0.078702 -0.44602 -0.149302 -0.038339 0.395434
0.078702 -0.44602 -0.149302 -0.038339 0.395434
0.078702 -0.44602 -0.149302 -0.038339 0.395434
0.078702 -0.44602 -0.149302 -0.038339 0.395434
0.101234 -0.426733 -0.114478 0.014819 0.380646
0.101234 -0.426733 -0.114478 0.014819 0.380646
0.101234 -0.426733 -0.114478 0.014819 0.380646
0.101234 -0.426733 -0.114478 0.014819 0.380646
0.101234 -0.426733 -0.114478 0.014819 0.380646
0.101234 -0.426733 -0.114478 0.014819 0.380646
0.101234 -0.426733 -0.114478 0.014819 0.380646
0.101234 -0.426733 -0.114478 0.014819 0.380646
0.101234 -0.426733 -0.114478 0.014819 0.380646
0.101234 -0.426733 -0.114478 0.014819 0.380646
0.101234 -0.426733 -0.114478 0.014819 0.380646
0.101234 -0.426733 -0.114478 0.014819 0.380646
0.101234 -0.426733 -0.114478 0.014819 0.380646
0.101234 -0.426733 -0.114478 0.014819 0.380646
0.105659 -0.448087 -0.11823 -0.049479 0.372856
0.105659 -0.448087 -0.11823 -0.049479 0.372856
0.105659 -0.448087 -0.11823 -0.049479 0.372856
0.105659 -0.448087 -0.11823 -0.049479 0.372856
0.105659 -0.448087 -0.11823 -0.049479 0.372856
0.105659 -0.448087 -0.11823 -0.049479 0.372856
0.105659 -0.448087 -0.11823 -0.049479 0.372856
0.117429 -0.453876 -0.07894 0.093539 0.359623
0.117429 -0.453876 -0.07894 0.093539 0.359623
0.117429 -0.453876 -0.07894 0.093539 0.359623
0.117429 -0.453876 -0.07894 0.093539 0.359623
0.155833 -0.28843 -0.07116 -0.250564 0.096385
0.155833 -0.28843 -0.07116 -0.250564 0.096385
0.155833 -0.28843 -0.07116 -0.250564 0.096385
0.155833 -0.28843 -0.07116 -0.250564 0.096385
0.155833 -0.28843 -0.07116 -0.250564 0.096385
0.155833 -0.28843 -0.07116 -0.250564 0.096385
0.155833 -0.28843 -0.07116 -0.250564 0.096385
0.155833 -0.28843 -0.07116 -0.250564 0.096385
0.155833 -0.28843 -0.07116 -0.250564 0.096385
0.155833 -0.28843 -0.07116 -0.250564 0.096385
0.155833 -0.28843 -0.07116 -0.250564 0.096385
0.155833 -0.28843 -0.07116 -0.250564 0.096385
0.155833 -0.28843 -0.07116 -0.250564 0.096385
0.155833 -0.28843 -0.07116 -0.250564 0.096385
0.155833 -0.28843 -0.07116 -0.250564 0.096385
0.155833 -0.28843 -0.07116 -0.250564 0.096385
0.155833 -0.28843 -0.07116 -0.250564 0.096385
0.155833 -0.28843 -0.07116 -0.250564 0.096385
0.155833 -0.28843 -0.07116 -0.250564 0.096385
0.155833 -0.28843 -0.07116 -0.250564 0.096385
0.155833 -0.28843 -0.07116 -0.250564 0.096385
0.155833 -0.28843 -0.07116 -0.250564 0.096385
0.155833 -0.28843 -0.07116 -0.250564 0.096385
0.155833 -0.28843 -0.07116 -0.250564 0.096385
0.155833 -0.28843 -0.07116 -0.250564 0.096385
0.155833 -0.28843 -0.07116 -0.250564 0.096385
0.155833 -0.28843 -0.07116 -0.250564 0.096385
0.155833 -0.28843 -0.07116 -0.250564 0.096385
0.155833 -0.28843 -0.07116 -0.250564 0.096385
0.155833 -0.28843 -0.07116 -0.250564 0.096385
0.185816 -0.255267 -0.035196 -0.199533 0.095071
0.185816 -0.255267 -0.035196 -0.199533 0.095071
0.151239 -0.345934 -0.059917 -0.071083 0.261132
0.194755 -0.311949 -0.084276 -0.422546 0.009233
0.194755 -0.311949 -0.084276 -0.422546 0.009233
0.194755 -0.311949 -0.084276 -0.422546 0.009233
0.194755 -0.311949 -0.084276 -0.422546 0.009233
0.194755 -0.311949 -0.084276 -0.422546 0.009233
0.194755 -0.311949 -0.084276 -0.422546 0.009233
0.194755 -0.311949 -0.084276 -0.422546 0.009233
0.194755 -0.311949 -0.084276 -0.422546 0.009233
0.194755 -0.311949 -0.084276 -0.422546 0.009233
0.194755 -0.311949 -0.084276 -0.422546 0.009233
0.133553 -0.39461 -0.135538 -0.392949 0.14196
0.133553 -0.39461 -0.135538 -0.392949 0.14196
0.133553 -0.39461 -0.135538 -0.392949 0.14196
0.133553 -0.39461 -0.135538 -0.392949 0.14196
0.133553 -0.39461 -0.135538 -0.392949 0.14196
0.133553 -0.39461 -0.135538 -0.392949 0.14196
0.133553 -0.39461 -0.135538 -0.392949 0.14196
0.133553 -0.39461 -0.135538 -0.392949 0.14196
0.133553 -0.39461 -0.135538 -0.392949 0.14196
0.133553 -0.39461 -0.135538 -0.392949 0.14196
0.133553 -0.39461 -0.135538 -0.392949 0.14196
0.133553 -0.39461 -0.135538 -0.392949 0.14196
0.133553 -0.39461 -0.135538 -0.392949 0.14196
0.119049 -0.407521 -0.091569 -0.104412 0.220626
0.119049 -0.407521 -0.091569 -0.104412 0.220626
0.119049 -0.407521 -0.091569 -0.104412 0.220626
0.111884 -0.450122 -0.109027 0.036773 0.434388
0.111884 -0.450122 -0.109027 0.036773 0.434388
0.111884 -0.450122 -0.109027 0.036773 0.434388
0.111884 -0.450122 -0.109027 0.036773 0.434388
0.111884 -0.450122 -0.109027 0.036773 0.434388
0.111884 -0.450122 -0.109027 0.036773 0.434388
0.111884 -0.450122 -0.109027 0.036773 0.434388
0.111884 -0.450122 -0.109027 0.036773 0.434388
0.111884 -0.450122 -0.109027 0.036773 0.434388
0.111884 -0.450122 -0.109027 0.036773 0.434388
0.111884 -0.450122 -0.109027 0.036773 0.434388
0.111884 -0.450122 -0.109027 0.036773 0.434388
0.111884 -0.450122 -0.109027 0.036773 0.434388
0.111884 -0.450122 -0.109027 0.036773 0.434388
0.111884 -0.450122 -0.109027 0.036773 0.434388
0.045074 -0.495999 -0.172584 -0.127208 0.369169
0.045074 -0.495999 -0.172584 -0.127208 0.369169
0.045074 -0.495999 -0.172584 -0.127208 0.369169
0.045074 -0.495999 -0.172584 -0.127208 0.369169
0.045074 -0.495999 -0.172584 -0.127208 0.369169
0.045074 -0.495999 -0.172584 -0.127208 0.369169
0.045074 -0.495999 -0.172584 -0.127208 0.369169
0.045074 -0.495999 -0.172584 -0.127208 0.369169
0.102772 -0.415519 -0.125067 0.034545 0.431421
0.102772 -0.415519 -0.125067 0.034545 0.431421
0.102772 -0.415519 -0.125067 0.034545 0.431421
0.102772 -0.415519 -0.125067 0.034545 0.431421
0.102772 -0.415519 -0.125067 0.034545 0.431421
0.102772 -0.415519 -0.125067 0.034545 0.431421
0.102772 -0.415519 -0.125067 0.034545 0.431421
0.102772 -0.415519 -0.125067 0.034545 0.431421
0.102772 -0.415519 -0.125067 0.034545 0.431421
0.143645 -0.334839 -0.08947 -0.024215 0.345411
0.143645 -0.334839 -0.08947 -0.024215 0.345411
0.143645 -0.334839 -0.08947 -0.024215 0.345411
0.143645 -0.334839 -0.08947 -0.024215 0.345411
0.209083 -0.262675 -0.046148 -0.168636 0.166161
0.209083 -0.262675 -0.046148 -0.168636 0.166161
0.209083 -0.262675 -0.046148 -0.168636 0.166161
0.209083 -0.262675 -0.046148 -0.168636 0.166161
0.209083 -0.262675 -0.046148 -0.168636 0.166161
0.209083 -0.262675 -0.046148 -0.168636 0.166161
0.209083 -0.262675 -0.046148 -0.168636 0.166161
0.209083 -0.262675 -0.046148 -0.168636 0.166161
0.083045 -0.451095 -0.149153 -0.099987 0.367894
0.083045 -0.451095 -0.149153 -0.099987 0.367894
0.083045 -0.451095 -0.149153 -0.099987 0.367894
0.083045 -0.451095 -0.149153 -0.099987 0.367894
0.083045 -0.451095 -0.149153 -0.099987 0.367894
0.083045 -0.451095 -0.149153 -0.099987 0.367894
0.02252 -0.578331 -0.186312 -0.252218 0.311158
0.02252 -0.578331 -0.186312 -0.252218 0.311158
0.02252 -0.578331 -0.186312 -0.252218 0.311158
0.02252 -0.578331 -0.186312 -0.252218 0.311158
0.02252 -0.578331 -0.186312 -0.252218 0.311158
0.02252 -0.578331 -0.186312 -0.252218 0.311158
0.02252 -0.578331 -0.186312 -0.252218 0.311158
0.02252 -0.578331 -0.186312 -0.252218 0.311158
0.02252 -0.578331 -0.186312 -0.252218 0.311158
0.02252 -0.578331 -0.186312 -0.252218 0.311158
0.02252 -0.578331 -0.186312 -0.252218 0.311158
0.02252 -0.578331 -0.186312 -0.252218 0.311158
0.02252 -0.578331 -0.186312 -0.252218 0.311158
0.02252 -0.578331 -0.186312 -0.252218 0.311158
0.02252 -0.578331 -0.186312 -0.252218 0.311158
0.02252 -0.578331 -0.186312 -0.252218 0.311158
0.02252 -0.578331 -0.186312 -0.252218 0.311158
0.02252 -0.578331 -0.186312 -0.252218 0.311158
0.02252 -0.578331 -0.186312 -0.252218 0.311158
0.02252 -0.578331 -0.186312 -0.252218 0.311158
0.02252 -0.578331 -0.186312 -0.252218 0.311158
0.02252 -0.578331 -0.186312 -0.252218 0.311158
0.043461 -0.459939 -0.156566 -0.186557 0.333779
0.074818 -0.397219 -0.130133 -0.163451 0.2918
0.12118 -0.374228 -0.118121 -0.203319 0.262719
0.145 -0.268953 -0.045847 -0.038837 0.258783
0.145 -0.268953 -0.045847 -0.038837 0.258783
0.145 -0.268953 -0.045847 -0.038837 0.258783
0.145 -0.268953 -0.045847 -0.038837 0.258783
0.145 -0.268953 -0.045847 -0.038837 0.258783
0.145 -0.268953 -0.045847 -0.038837 0.258783
0.145 -0.268953 -0.045847 -0.038837 0.258783
0.084959 -0.429431 -0.13291 -0.120006 0.406155
0.084959 -0.429431 -0.13291 -0.120006 0.406155
0.084959 -0.429431 -0.13291 -0.120006 0.406155
0.084959 -0.429431 -0.13291 -0.120006 0.406155
0.084959 -0.429431 -0.13291 -0.120006 0.406155
0.084959 -0.429431 -0.13291 -0.120006 0.406155
0.084959 -0.429431 -0.13291 -0.120006 0.406155
0.084959 -0.429431 -0.13291 -0.120006 0.406155
0.084959 -0.429431 -0.13291 -0.120006 0.406155
0.080281 -0.432036 -0.15458 -0.283023 0.276219
0.139912 -0.366966 -0.092976 -0.080314 0.257319
0.087157 -0.475485 -0.154369 -0.273979 0.255932
0.087157 -0.475485 -0.154369 -0.273979 0.255932
0.087157 -0.475485 -0.154369 -0.273979 0.255932
0.087157 -0.475485 -0.154369 -0.273979 0.255932
0.125402 -0.356311 -0.111634 -0.292657 0.144773
0.125402 -0.356311 -0.111634 -0.292657 0.144773
0.098763 -0.418481 -0.09832 -0.061747 0.267563
0.098763 -0.418481 -0.09832 -0.061747 0.267563
0.098763 -0.418481 -0.09832 -0.061747 0.267563
0.098763 -0.418481 -0.09832 -0.061747 0.267563
0.143131 -0.348338 -0.052939 0.072839 0.277722
0.119463 -0.389131 -0.062854 -0.080674 0.171851
0.119463 -0.389131 -0.062854 -0.080674 0.171851
0.119463 -0.389131 -0.062854 -0.080674 0.171851
0.118205 -0.4511 -0.098544 0.016639 0.407301
0.118205 -0.4511 -0.098544 0.016639 0.407301
0.118205 -0.4511 -0.098544 0.016639 0.407301
0.118205 -0.4511 -0.098544 0.016639 0.407301
0.118205 -0.4511 -0.098544 0.016639 0.407301
0.118205 -0.4511 -0.098544 0.016639 0.407301
0.166202 -0.305951 -0.056462 0.035992 0.365047
0.166202 -0.305951 -0.056462 0.035992 0.365047
0.166202 -0.305951 -0.056462 0.035992 0.365047
0.136837 -0.351036 -0.042654 0.051789 0.299894
0.136837 -0.351036 -0.042654 0.051789 0.299894
0.136837 -0.351036 -0.042654 0.051789 0.299894
0.136837 -0.351036 -0.042654 0.051789 0.299894
0.136837 -0.351036 -0.042654 0.051789 0.299894
0.136837 -0.351036 -0.042654 0.051789 0.299894
0.136837 -0.351036 -0.042654 0.051789 0.299894
0.136837 -0.351036 -0.042654 0.051789 0.299894
0.136837 -0.351036 -0.042654 0.051789 0.299894
0.136837 -0.351036 -0.042654 0.051789 0.299894
0.137999 -0.331733 -0.027189 0.015841 0.156618
0.078008 -0.398283 -0.066583 0.052342 0.2641
0.078008 -0.398283 -0.066583 0.052342 0.2641
0.078008 -0.398283 -0.066583 0.052342 0.2641
0.078008 -0.398283 -0.066583 0.052342 0.2641
0.085823 -0.39782 -0.093311 -0.057719 0.274981
0.085823 -0.39782 -0.093311 -0.057719 0.274981
0.085823 -0.39782 -0.093311 -0.057719 0.274981
0.085823 -0.39782 -0.093311 -0.057719 0.274981
0.02159 -0.465162 -0.161785 -0.351117 0.193917
0.02159 -0.465162 -0.161785 -0.351117 0.193917
0.02159 -0.465162 -0.161785 -0.351117 0.193917
0.02159 -0.465162 -0.161785 -0.351117 0.193917
0.02159 -0.465162 -0.161785 -0.351117 0.193917
0.02159 -0.465162 -0.161785 -0.351117 0.193917
0.078291 -0.439402 -0.108096 -0.10283 0.272943
0.078291 -0.439402 -0.108096 -0.10283 0.272943
0.078291 -0.439402 -0.108096 -0.10283 0.272943
0.078291 -0.439402 -0.108096 -0.10283 0.272943
0.078291 -0.439402 -0.108096 -0.10283 0.272943
0.081341 -0.45251 -0.108825 -0.11689 0.229625
0.081341 -0.45251 -0.108825 -0.11689 0.229625
0.169534 -0.331237 -0.051144 -0.032768 0.213417
0.169534 -0.331237 -0.051144 -0.032768 0.213417
0.18525 -0.35371 -0.024349 0.230086 0.421248
0.18525 -0.35371 -0.024349 0.230086 0.421248
0.18902 -0.309823 -0.015923 0.175037 0.31404
0.18902 -0.309823 -0.015923 0.175037 0.31404
0.18902 -0.309823 -0.015923 0.175037 0.31404
0.18902 -0.309823 -0.015923 0.175037 0.31404
0.18902 -0.309823 -0.015923 0.175037 0.31404
0.155423 -0.374764 -0.075106 0.168113 0.465014
0.155423 -0.374764 -0.075106 0.168113 0.465014
0.155423 -0.374764 -0.075106 0.168113 0.465014
0.155423 -0.374764 -0.075106 0.168113 0.465014
0.155423 -0.374764 -0.075106 0.168113 0.465014
0.155423 -0.374764 -0.075106 0.168113 0.465014
0.155423 -0.374764 -0.075106 0.168113 0.465014
0.155423 -0.374764 -0.075106 0.168113 0.465014
0.109227 -0.40609 -0.148737 -0.143673 0.433392
0.109227 -0.40609 -0.148737 -0.143673 0.433392
0.109227 -0.40609 -0.148737 -0.143673 0.433392
0.109227 -0.40609 -0.148737 -0.143673 0.433392
0.109227 -0.40609 -0.148737 -0.143673 0.433392
0.109227 -0.40609 -0.148737 -0.143673 0.433392
0.146303 -0.398429 -0.09309 0.085633 0.459069
0.146303 -0.398429 -0.09309 0.085633 0.459069
0.146303 -0.398429 -0.09309 0.085633 0.459069
0.146303 -0.398429 -0.09309 0.085633 0.459069
0.146303 -0.398429 -0.09309 0.085633 0.459069
0.146303 -0.398429 -0.09309 0.085633 0.459069
0.146303 -0.398429 -0.09309 0.085633 0.459069
0.146303 -0.398429 -0.09309 0.085633 0.459069
0.146303 -0.398429 -0.09309 0.085633 0.459069
0.082963 -0.472714 -0.126843 0.013969 0.421945
0.190013 -0.346786 -0.036897 0.028269 0.231968
0.190013 -0.346786 -0.036897 0.028269 0.231968
0.190013 -0.346786 -0.036897 0.028269 0.231968
0.190013 -0.346786 -0.036897 0.028269 0.231968
0.190013 -0.346786 -0.036897 0.028269 0.231968
0.182829 -0.340149 -0.028939 0.119983 0.307746
0.182829 -0.340149 -0.028939 0.119983 0.307746
0.199342 -0.251191 0.032706 -0.022212 0.054784
0.199342 -0.251191 0.032706 -0.022212 0.054784
0.199342 -0.251191 0.032706 -0.022212 0.054784
0.199342 -0.251191 0.032706 -0.022212 0.054784
0.199342 -0.251191 0.032706 -0.022212 0.054784
0.146675 -0.301017 -0.035166 -0.260365 0.039232
0.146675 -0.301017 -0.035166 -0.260365 0.039232
0.202683 -0.207423 0.00242 -0.116136 0.10772
0.202683 -0.207423 0.00242 -0.116136 0.10772
0.142843 -0.306084 -0.075697 -0.018034 0.368512
0.139547 -0.344147 -0.056752 0.164218 0.411087
0.139547 -0.344147 -0.056752 0.164218 0.411087
0.139547 -0.344147 -0.056752 0.164218 0.411087
0.139547 -0.344147 -0.056752 0.164218 0.411087
0.104663 -0.371594 -0.11118 -0.156402 0.268318
0.104663 -0.371594 -0.11118 -0.156402 0.268318
0.104663 -0.371594 -0.11118 -0.156402 0.268318
0.104663 -0.371594 -0.11118 -0.156402 0.268318
0.104663 -0.371594 -0.11118 -0.156402 0.268318
0.104663 -0.371594 -0.11118 -0.156402 0.268318
0.104663 -0.371594 -0.11118 -0.156402 0.268318
0.104663 -0.371594 -0.11118 -0.156402 0.268318
0.104663 -0.371594 -0.11118 -0.156402 0.268318
0.104663 -0.371594 -0.11118 -0.156402 0.268318
0.07977 -0.446143 -0.173141 -0.276902 0.361383
0.07977 -0.446143 -0.173141 -0.276902 0.361383
0.07977 -0.446143 -0.173141 -0.276902 0.361383
0.07977 -0.446143 -0.173141 -0.276902 0.361383
0.07977 -0.446143 -0.173141 -0.276902 0.361383
0.07977 -0.446143 -0.173141 -0.276902 0.361383
0.07977 -0.446143 -0.173141 -0.276902 0.361383
0.047541 -0.457801 -0.145853 -0.072738 0.421825
0.047541 -0.457801 -0.145853 -0.072738 0.421825
0.047541 -0.457801 -0.145853 -0.072738 0.421825
0.047541 -0.457801 -0.145853 -0.072738 0.421825
0.047541 -0.457801 -0.145853 -0.072738 0.421825
0.047541 -0.457801 -0.145853 -0.072738 0.421825
0.047541 -0.457801 -0.145853 -0.072738 0.421825
0.047541 -0.457801 -0.145853 -0.072738 0.421825
0.047541 -0.457801 -0.145853 -0.072738 0.421825
0.047541 -0.457801 -0.145853 -0.072738 0.421825
0.047541 -0.457801 -0.145853 -0.072738 0.421825
0.047541 -0.457801 -0.145853 -0.072738 0.421825
0.112543 -0.345991 -0.094679 -0.057017 0.321578
0.112543 -0.345991 -0.094679 -0.057017 0.321578
0.112543 -0.345991 -0.094679 -0.057017 0.321578
0.112543 -0.345991 -0.094679 -0.057017 0.321578
0.112543 -0.345991 -0.094679 -0.057017 0.321578
0.112543 -0.345991 -0.094679 -0.057017 0.321578
0.112543 -0.345991 -0.094679 -0.057017 0.321578
0.112543 -0.345991 -0.094679 -0.057017 0.321578
0.112543 -0.345991 -0.094679 -0.057017 0.321578
0.112543 -0.345991 -0.094679 -0.057017 0.321578
0.112543 -0.345991 -0.094679 -0.057017 0.321578
0.042801 -0.494677 -0.112629 0.131491 0.486119
0.086439 -0.523987 -0.121141 0.124276 0.548378
0.086439 -0.523987 -0.121141 0.124276 0.548378
0.086439 -0.523987 -0.121141 0.124276 0.548378
0.086439 -0.523987 -0.121141 0.124276 0.548378
0.086439 -0.523987 -0.121141 0.124276 0.548378
0.086439 -0.523987 -0.121141 0.124276 0.548378
0.086439 -0.523987 -0.121141 0.124276 0.548378
0.084295 -0.484979 -0.110714 0.037688 0.417824
0.084295 -0.484979 -0.110714 0.037688 0.417824
0.084295 -0.484979 -0.110714 0.037688 0.417824
0.084295 -0.484979 -0.110714 0.037688 0.417824
0.084295 -0.484979 -0.110714 0.037688 0.417824
0.111009 -0.436779 -0.104942 0.026057 0.411683
0.111009 -0.436779 -0.104942 0.026057 0.411683
0.111009 -0.436779 -0.104942 0.026057 0.411683
0.111009 -0.436779 -0.104942 0.026057 0.411683
0.082131 -0.426759 -0.149102 -0.085889 0.386785
0.082131 -0.426759 -0.149102 -0.085889 0.386785
0.082131 -0.426759 -0.149102 -0.085889 0.386785
0.082131 -0.426759 -0.149102 -0.085889 0.386785
0.145706 -0.320192 -0.100828 -0.222283 0.209068
0.145706 -0.320192 -0.100828 -0.222283 0.209068
0.145706 -0.320192 -0.100828 -0.222283 0.209068
0.145706 -0.320192 -0.100828 -0.222283 0.209068
0.145706 -0.320192 -0.100828 -0.222283 0.209068
0.145706 -0.320192 -0.100828 -0.222283 0.209068
0.145706 -0.320192 -0.100828 -0.222283 0.209068
0.145706 -0.320192 -0.100828 -0.222283 0.209068
0.145706 -0.320192 -0.100828 -0.222283 0.209068
0.145706 -0.320192 -0.100828 -0.222283 0.209068
0.096408 -0.413356 -0.130687 -0.264554 0.200267
0.096408 -0.413356 -0.130687 -0.264554 0.200267
0.155852 -0.298424 -0.064155 -0.122229 0.199016
0.155852 -0.298424 -0.064155 -0.122229 0.199016
0.155852 -0.298424 -0.064155 -0.122229 0.199016
0.155852 -0.298424 -0.064155 -0.122229 0.199016
0.155852 -0.298424 -0.064155 -0.122229 0.199016
0.155852 -0.298424 -0.064155 -0.122229 0.199016
0.155852 -0.298424 -0.064155 -0.122229 0.199016
0.155852 -0.298424 -0.064155 -0.122229 0.199016
0.155852 -0.298424 -0.064155 -0.122229 0.199016
0.155852 -0.298424 -0.064155 -0.122229 0.199016
0.155852 -0.298424 -0.064155 -0.122229 0.199016
0.155852 -0.298424 -0.064155 -0.122229 0.199016
0.155852 -0.298424 -0.064155 -0.122229 0.199016
0.177602 -0.260653 -0.058177 -0.161985 0.148378
0.177602 -0.260653 -0.058177 -0.161985 0.148378
0.177602 -0.260653 -0.058177 -0.161985 0.148378
0.177602 -0.260653 -0.058177 -0.161985 0.148378
0.177602 -0.260653 -0.058177 -0.161985 0.148378
0.177602 -0.260653 -0.058177 -0.161985 0.148378
0.177602 -0.260653 -0.058177 -0.161985 0.148378
0.177602 -0.260653 -0.058177 -0.161985 0.148378
0.177602 -0.260653 -0.058177 -0.161985 0.148378
0.177602 -0.260653 -0.058177 -0.161985 0.148378
0.177602 -0.260653 -0.058177 -0.161985 0.148378
0.145159 -0.343392 -0.067371 -0.083126 0.200902
0.145159 -0.343392 -0.067371 -0.083126 0.200902
0.145159 -0.343392 -0.067371 -0.083126 0.200902
0.145159 -0.343392 -0.067371 -0.083126 0.200902
0.145159 -0.343392 -0.067371 -0.083126 0.200902
0.177176 -0.27286 -0.033444 -0.035229 0.164167
0.119351 -0.399068 -0.106548 -0.07461 0.247706
0.119351 -0.399068 -0.106548 -0.07461 0.247706
0.119351 -0.399068 -0.106548 -0.07461 0.247706
0.119351 -0.399068 -0.106548 -0.07461 0.247706
0.119351 -0.399068 -0.106548 -0.07461 0.247706
0.119351 -0.399068 -0.106548 -0.07461 0.247706
0.119351 -0.399068 -0.106548 -0.07461 0.247706
0.119351 -0.399068 -0.106548 -0.07461 0.247706
0.17791 -0.344018 -0.060357 -0.147031 0.094303
0.17791 -0.344018 -0.060357 -0.147031 0.094303
0.17791 -0.344018 -0.060357 -0.147031 0.094303
0.17791 -0.344018 -0.060357 -0.147031 0.094303
0.17791 -0.344018 -0.060357 -0.147031 0.094303
0.17791 -0.344018 -0.060357 -0.147031 0.094303
0.17791 -0.344018 -0.060357 -0.147031 0.094303
0.056403 -0.512136 -0.137425 0.125665 0.497145
0.056403 -0.512136 -0.137425 0.125665 0.497145
0.056403 -0.512136 -0.137425 0.125665 0.497145
0.056403 -0.512136 -0.137425 0.125665 0.497145
0.056403 -0.512136 -0.137425 0.125665 0.497145
0.056403 -0.512136 -0.137425 0.125665 0.497145
0.056403 -0.512136 -0.137425 0.125665 0.497145
0.056403 -0.512136 -0.137425 0.125665 0.497145
0.070348 -0.444834 -0.154096 -0.224162 0.224026
0.070348 -0.444834 -0.154096 -0.224162 0.224026
0.070348 -0.444834 -0.154096 -0.224162 0.224026
0.070348 -0.444834 -0.154096 -0.224162 0.224026
0.070348 -0.444834 -0.154096 -0.224162 0.224026
0.070348 -0.444834 -0.154096 -0.224162 0.224026
0.070348 -0.444834 -0.154096 -0.224162 0.224026
0.070348 -0.444834 -0.154096 -0.224162 0.224026
0.070348 -0.444834 -0.154096 -0.224162 0.224026
0.070348 -0.444834 -0.154096 -0.224162 0.224026
0.070348 -0.444834 -0.154096 -0.224162 0.224026
0.070348 -0.444834 -0.154096 -0.224162 0.224026
0.070348 -0.444834 -0.154096 -0.224162 0.224026
0.070348 -0.444834 -0.154096 -0.224162 0.224026
0.070348 -0.444834 -0.154096 -0.224162 0.224026
0.070348 -0.444834 -0.154096 -0.224162 0.224026
0.070348 -0.444834 -0.154096 -0.224162 0.224026
0.070348 -0.444834 -0.154096 -0.224162 0.224026
0.070348 -0.444834 -0.154096 -0.224162 0.224026
0.070348 -0.444834 -0.154096 -0.224162 0.224026
0.070348 -0.444834 -0.154096 -0.224162 0.224026
0.070348 -0.444834 -0.154096 -0.224162 0.224026
0.045222 -0.452409 -0.151916 -0.317424 0.143763
0.045222 -0.452409 -0.151916 -0.317424 0.143763
0.045222 -0.452409 -0.151916 -0.317424 0.143763
0.045222 -0.452409 -0.151916 -0.317424 0.143763
0.045222 -0.452409 -0.151916 -0.317424 0.143763
0.045222 -0.452409 -0.151916 -0.317424 0.143763
0.045222 -0.452409 -0.151916 -0.317424 0.143763
0.045222 -0.452409 -0.151916 -0.317424 0.143763
0.045222 -0.452409 -0.151916 -0.317424 0.143763
0.045222 -0.452409 -0.151916 -0.317424 0.143763
0.045222 -0.452409 -0.151916 -0.317424 0.143763
0.045222 -0.452409 -0.151916 -0.317424 0.143763
0.045222 -0.452409 -0.151916 -0.317424 0.143763
0.045222 -0.452409 -0.151916 -0.317424 0.143763
0.045222 -0.452409 -0.151916 -0.317424 0.143763
0.045222 -0.452409 -0.151916 -0.317424 0.143763
0.178794 -0.273337 -0.02935 -0.393277 -0.143613
0.178794 -0.273337 -0.02935 -0.393277 -0.143613
0.178794 -0.273337 -0.02935 -0.393277 -0.143613
0.178794 -0.273337 -0.02935 -0.393277 -0.143613
0.178794 -0.273337 -0.02935 -0.393277 -0.143613
0.178794 -0.273337 -0.02935 -0.393277 -0.143613
0.143044 -0.362931 -0.104334 -0.56062 -0.070429
0.143044 -0.362931 -0.104334 -0.56062 -0.070429
0.143044 -0.362931 -0.104334 -0.56062 -0.070429
0.143044 -0.362931 -0.104334 -0.56062 -0.070429
0.143044 -0.362931 -0.104334 -0.56062 -0.070429
0.143044 -0.362931 -0.104334 -0.56062 -0.070429
0.143044 -0.362931 -0.104334 -0.56062 -0.070429
0.143044 -0.362931 -0.104334 -0.56062 -0.070429
0.143044 -0.362931 -0.104334 -0.56062 -0.070429
0.143044 -0.362931 -0.104334 -0.56062 -0.070429
0.143044 -0.362931 -0.104334 -0.56062 -0.070429
0.143044 -0.362931 -0.104334 -0.56062 -0.070429
0.143044 -0.362931 -0.104334 -0.56062 -0.070429
0.143044 -0.362931 -0.104334 -0.56062 -0.070429
0.143044 -0.362931 -0.104334 -0.56062 -0.070429
0.143044 -0.362931 -0.104334 -0.56062 -0.070429
0.143044 -0.362931 -0.104334 -0.56062 -0.070429
0.143044 -0.362931 -0.104334 -0.56062 -0.070429
0.143044 -0.362931 -0.104334 -0.56062 -0.070429
0.143044 -0.362931 -0.104334 -0.56062 -0.070429
0.143044 -0.362931 -0.104334 -0.56062 -0.070429
0.143044 -0.362931 -0.104334 -0.56062 -0.070429
0.143044 -0.362931 -0.104334 -0.56062 -0.070429
0.143044 -0.362931 -0.104334 -0.56062 -0.070429
0.143044 -0.362931 -0.104334 -0.56062 -0.070429
0.143044 -0.362931 -0.104334 -0.56062 -0.070429
0.143044 -0.362931 -0.104334 -0.56062 -0.070429
0.143044 -0.362931 -0.104334 -0.56062 -0.070429
0.143044 -0.362931 -0.104334 -0.56062 -0.070429
0.143044 -0.362931 -0.104334 -0.56062 -0.070429
0.143044 -0.362931 -0.104334 -0.56062 -0.070429
0.143044 -0.362931 -0.104334 -0.56062 -0.070429
0.143044 -0.362931 -0.104334 -0.56062 -0.070429
0.143044 -0.362931 -0.104334 -0.56062 -0.070429
0.143044 -0.362931 -0.104334 -0.56062 -0.070429
0.143044 -0.362931 -0.104334 -0.56062 -0.070429
0.143044 -0.362931 -0.104334 -0.56062 -0.070429
0.143044 -0.362931 -0.104334 -0.56062 -0.070429
0.143044 -0.362931 -0.104334 -0.56062 -0.070429
0.143044 -0.362931 -0.104334 -0.56062 -0.070429
0.143044 -0.362931 -0.104334 -0.56062 -0.070429
0.143044 -0.362931 -0.104334 -0.56062 -0.070429
0.143044 -0.362931 -0.104334 -0.56062 -0.070429
0.143044 -0.362931 -0.104334 -0.56062 -0.070429
0.143044 -0.362931 -0.104334 -0.56062 -0.070429
0.143044 -0.362931 -0.104334 -0.56062 -0.070429
0.143044 -0.362931 -0.104334 -0.56062 -0.070429
0.143044 -0.362931 -0.104334 -0.56062 -0.070429
0.143044 -0.362931 -0.104334 -0.56062 -0.070429
0.143044 -0.362931 -0.104334 -0.56062 -0.070429
0.143044 -0.362931 -0.104334 -0.56062 -0.070429
0.143044 -0.362931 -0.104334 -0.56062 -0.070429
0.143044 -0.362931 -0.104334 -0.56062 -0.070429
0.143044 -0.362931 -0.104334 -0.56062 -0.070429
0.143044 -0.362931 -0.104334 -0.56062 -0.070429
0.143044 -0.362931 -0.104334 -0.56062 -0.070429
0.143044 -0.362931 -0.104334 -0.56062 -0.070429
0.143044 -0.362931 -0.104334 -0.56062 -0.070429
0.143044 -0.362931 -0.104334 -0.56062 -0.070429
0.143044 -0.362931 -0.104334 -0.56062 -0.070429
0.143044 -0.362931 -0.104334 -0.56062 -0.070429
0.143044 -0.362931 -0.104334 -0.56062 -0.070429
0.143044 -0.362931 -0.104334 -0.56062 -0.070429
0.143044 -0.362931 -0.104334 -0.56062 -0.070429
0.143044 -0.362931 -0.104334 -0.56062 -0.070429
0.143044 -0.362931 -0.104334 -0.56062 -0.070429
0.143044 -0.362931 -0.104334 -0.56062 -0.070429
0.143044 -0.362931 -0.104334 -0.56062 -0.070429
0.143044 -0.362931 -0.104334 -0.56062 -0.070429
0.143044 -0.362931 -0.104334 -0.56062 -0.070429
0.143044 -0.362931 -0.104334 -0.56062 -0.070429
0.143044 -0.362931 -0.104334 -0.56062 -0.070429
0.143044 -0.362931 -0.104334 -0.56062 -0.070429
0.143044 -0.362931 -0.104334 -0.56062 -0.070429
0.143044 -0.362931 -0.104334 -0.56062 -0.070429
0.143044 -0.362931 -0.104334 -0.56062 -0.070429
0.143044 -0.362931 -0.104334 -0.56062 -0.070429
0.143044 -0.362931 -0.104334 -0.56062 -0.070429
0.143044 -0.362931 -0.104334 -0.56062 -0.070429
0.143044 -0.362931 -0.104334 -0.56062 -0.070429
0.143044 -0.362931 -0.104334 -0.56062 -0.070429
0.143044 -0.362931 -0.104334 -0.56062 -0.070429
0.143044 -0.362931 -0.104334 -0.56062 -0.070429
0.143044 -0.362931 -0.104334 -0.56062 -0.070429
0.143044 -0.362931 -0.104334 -0.56062 -0.070429
0.143044 -0.362931 -0.104334 -0.56062 -0.070429
0.143044 -0.362931 -0.104334 -0.56062 -0.070429
0.143044 -0.362931 -0.104334 -0.56062 -0.070429
0.143044 -0.362931 -0.104334 -0.56062 -0.070429
0.143044 -0.362931 -0.104334 -0.56062 -0.070429
0.143044 -0.362931 -0.104334 -0.56062 -0.070429
0.143044 -0.362931 -0.104334 -0.56062 -0.070429
0.143044 -0.362931 -0.104334 -0.56062 -0.070429
0.143044 -0.362931 -0.104334 -0.56062 -0.070429
0.143044 -0.362931 -0.104334 -0.56062 -0.070429
0.143044 -0.362931 -0.104334 -0.56062 -0.070429
0.143044 -0.362931 -0.104334 -0.56062 -0.070429
0.143044 -0.362931 -0.104334 -0.56062 -0.070429
0.143044 -0.362931 -0.104334 -0.56062 -0.070429
0.143044 -0.362931 -0.104334 -0.56062 -0.070429
0.143044 -0.362931 -0.104334 -0.56062 -0.070429
0.143044 -0.362931 -0.104334 -0.56062 -0.070429
0.143044 -0.362931 -0.104334 -0.56062 -0.070429
0.143044 -0.362931 -0.104334 -0.56062 -0.070429
0.143044 -0.362931 -0.104334 -0.56062 -0.070429
0.143044 -0.362931 -0.104334 -0.56062 -0.070429
0.143044 -0.362931 -0.104334 -0.56062 -0.070429
0.143044 -0.362931 -0.104334 -0.56062 -0.070429
0.143044 -0.362931 -0.104334 -0.56062 -0.070429
0.143044 -0.362931 -0.104334 -0.56062 -0.070429
0.143044 -0.362931 -0.104334 -0.56062 -0.070429
0.143044 -0.362931 -0.104334 -0.56062 -0.070429
0.143044 -0.362931 -0.104334 -0.56062 -0.070429
0.143044 -0.362931 -0.104334 -0.56062 -0.070429
0.143044 -0.362931 -0.104334 -0.56062 -0.070429
0.143044 -0.362931 -0.104334 -0.56062 -0.070429
0.143044 -0.362931 -0.104334 -0.56062 -0.070429
0.143044 -0.362931 -0.104334 -0.56062 -0.070429
0.143044 -0.362931 -0.104334 -0.56062 -0.070429
0.143044 -0.362931 -0.104334 -0.56062 -0.070429
0.143044 -0.362931 -0.104334 -0.56062 -0.070429
0.143044 -0.362931 -0.104334 -0.56062 -0.070429
0.143044 -0.362931 -0.104334 -0.56062 -0.070429
0.143044 -0.362931 -0.104334 -0.56062 -0.070429
0.143044 -0.362931 -0.104334 -0.56062 -0.070429
0.143044 -0.362931 -0.104334 -0.56062 -0.070429
0.143044 -0.362931 -0.104334 -0.56062 -0.070429
0.143044 -0.362931 -0.104334 -0.56062 -0.070429
0.143044 -0.362931 -0.104334 -0.56062 -0.070429
0.143044 -0.362931 -0.104334 -0.56062 -0.070429
0.143044 -0.362931 -0.104334 -0.56062 -0.070429
0.035441 -0.527329 -0.187771 -0.316644 0.254299
0.035441 -0.527329 -0.187771 -0.316644 0.254299
0.035441 -0.527329 -0.187771 -0.316644 0.254299
0.035441 -0.527329 -0.187771 -0.316644 0.254299
0.035441 -0.527329 -0.187771 -0.316644 0.254299
0.035441 -0.527329 -0.187771 -0.316644 0.254299
0.035441 -0.527329 -0.187771 -0.316644 0.254299
0.035441 -0.527329 -0.187771 -0.316644 0.254299
0.035441 -0.527329 -0.187771 -0.316644 0.254299
0.035441 -0.527329 -0.187771 -0.316644 0.254299
0.035441 -0.527329 -0.187771 -0.316644 0.254299
0.035441 -0.527329 -0.187771 -0.316644 0.254299
0.00314 -0.579245 -0.253379 -0.482745 0.214908
0.00314 -0.579245 -0.253379 -0.482745 0.214908
0.00314 -0.579245 -0.253379 -0.482745 0.214908
0.007585 -0.664141 -0.260591 -0.205962 0.503073
0.007585 -0.664141 -0.260591 -0.205962 0.503073
0.007585 -0.664141 -0.260591 -0.205962 0.503073
0.007585 -0.664141 -0.260591 -0.205962 0.503073
0.007585 -0.664141 -0.260591 -0.205962 0.503073
0.007585 -0.664141 -0.260591 -0.205962 0.503073
0.007585 -0.664141 -0.260591 -0.205962 0.503073
0.007585 -0.664141 -0.260591 -0.205962 0.503073
0.007585 -0.664141 -0.260591 -0.205962 0.503073
0.007585 -0.664141 -0.260591 -0.205962 0.503073
0.007585 -0.664141 -0.260591 -0.205962 0.503073
0.083754 -0.474624 -0.180766 -0.224726 0.393459
0.083754 -0.474624 -0.180766 -0.224726 0.393459
0.083754 -0.474624 -0.180766 -0.224726 0.393459
0.083754 -0.474624 -0.180766 -0.224726 0.393459
0.083754 -0.474624 -0.180766 -0.224726 0.393459
0.083754 -0.474624 -0.180766 -0.224726 0.393459
0.083754 -0.474624 -0.180766 -0.224726 0.393459
0.105979 -0.436535 -0.171622 -0.296268 0.351977
0.105979 -0.436535 -0.171622 -0.296268 0.351977
0.105979 -0.436535 -0.171622 -0.296268 0.351977
0.105979 -0.436535 -0.171622 -0.296268 0.351977
0.105979 -0.436535 -0.171622 -0.296268 0.351977
0.105979 -0.436535 -0.171622 -0.296268 0.351977
0.105979 -0.436535 -0.171622 -0.296268 0.351977
0.105979 -0.436535 -0.171622 -0.296268 0.351977
0.105979 -0.436535 -0.171622 -0.296268 0.351977
0.105979 -0.436535 -0.171622 -0.296268 0.351977
0.105979 -0.436535 -0.171622 -0.296268 0.351977
0.105979 -0.436535 -0.171622 -0.296268 0.351977
0.105979 -0.436535 -0.171622 -0.296268 0.351977
0.105979 -0.436535 -0.171622 -0.296268 0.351977
0.105979 -0.436535 -0.171622 -0.296268 0.351977
0.105979 -0.436535 -0.171622 -0.296268 0.351977
0.105979 -0.436535 -0.171622 -0.296268 0.351977
0.105979 -0.436535 -0.171622 -0.296268 0.351977
0.105979 -0.436535 -0.171622 -0.296268 0.351977
0.105979 -0.436535 -0.171622 -0.296268 0.351977
0.137878 -0.390543 -0.137639 -0.152192 0.388796
0.137878 -0.390543 -0.137639 -0.152192 0.388796
0.137878 -0.390543 -0.137639 -0.152192 0.388796
0.100283 -0.416929 -0.205366 -0.420907 0.344722
0.100283 -0.416929 -0.205366 -0.420907 0.344722
0.100283 -0.416929 -0.205366 -0.420907 0.344722
0.100283 -0.416929 -0.205366 -0.420907 0.344722
0.100283 -0.416929 -0.205366 -0.420907 0.344722
0.100283 -0.416929 -0.205366 -0.420907 0.344722
0.100283 -0.416929 -0.205366 -0.420907 0.344722
0.100283 -0.416929 -0.205366 -0.420907 0.344722
0.100283 -0.416929 -0.205366 -0.420907 0.344722
0.100283 -0.416929 -0.205366 -0.420907 0.344722
0.100283 -0.416929 -0.205366 -0.420907 0.344722
0.100283 -0.416929 -0.205366 -0.420907 0.344722
0.100283 -0.416929 -0.205366 -0.420907 0.344722
0.100283 -0.416929 -0.205366 -0.420907 0.344722
0.092979 -0.349984 -0.11953 -0.180547 0.275979
0.092979 -0.349984 -0.11953 -0.180547 0.275979
0.092979 -0.349984 -0.11953 -0.180547 0.275979
0.092979 -0.349984 -0.11953 -0.180547 0.275979
0.092979 -0.349984 -0.11953 -0.180547 0.275979
0.092979 -0.349984 -0.11953 -0.180547 0.275979
0.092979 -0.349984 -0.11953 -0.180547 0.275979
0.092979 -0.349984 -0.11953 -0.180547 0.275979
0.092979 -0.349984 -0.11953 -0.180547 0.275979
0.092979 -0.349984 -0.11953 -0.180547 0.275979
0.092979 -0.349984 -0.11953 -0.180547 0.275979
0.092979 -0.349984 -0.11953 -0.180547 0.275979
0.104343 -0.419155 -0.118916 -0.02189 0.418635
0.104343 -0.419155 -0.118916 -0.02189 0.418635
0.104343 -0.419155 -0.118916 -0.02189 0.418635
0.104343 -0.419155 -0.118916 -0.02189 0.418635
0.043197 -0.485279 -0.17755 0.079378 0.672153
0.043197 -0.485279 -0.17755 0.079378 0.672153
0.043197 -0.485279 -0.17755 0.079378 0.672153
0.068683 -0.404281 -0.187621 -0.322479 0.352224
0.068683 -0.404281 -0.187621 -0.322479 0.352224
0.068683 -0.404281 -0.187621 -0.322479 0.352224
0.068683 -0.404281 -0.187621 -0.322479 0.352224
0.068683 -0.404281 -0.187621 -0.322479 0.352224
0.068683 -0.404281 -0.187621 -0.322479 0.352224
0.068683 -0.404281 -0.187621 -0.322479 0.352224
0.068683 -0.404281 -0.187621 -0.322479 0.352224
0.068683 -0.404281 -0.187621 -0.322479 0.352224
0.068683 -0.404281 -0.187621 -0.322479 0.352224
0.068683 -0.404281 -0.187621 -0.322479 0.352224
0.068683 -0.404281 -0.187621 -0.322479 0.352224
0.068683 -0.404281 -0.187621 -0.322479 0.352224
0.068683 -0.404281 -0.187621 -0.322479 0.352224
0.068683 -0.404281 -0.187621 -0.322479 0.352224
0.080117 -0.470721 -0.162071 -0.007428 0.494242
0.080117 -0.470721 -0.162071 -0.007428 0.494242
0.080117 -0.470721 -0.162071 -0.007428 0.494242
0.080117 -0.470721 -0.162071 -0.007428 0.494242
0.080117 -0.470721 -0.162071 -0.007428 0.494242
0.080117 -0.470721 -0.162071 -0.007428 0.494242
0.080117 -0.470721 -0.162071 -0.007428 0.494242
0.080117 -0.470721 -0.162071 -0.007428 0.494242
0.080117 -0.470721 -0.162071 -0.007428 0.494242
0.080117 -0.470721 -0.162071 -0.007428 0.494242
0.080117 -0.470721 -0.162071 -0.007428 0.494242
0.160373 -0.313862 -0.117368 -0.170397 0.30934
0.160373 -0.313862 -0.117368 -0.170397 0.30934
0.181887 -0.343594 -0.083376 -0.105776 0.270674
0.181887 -0.343594 -0.083376 -0.105776 0.270674
0.181887 -0.343594 -0.083376 -0.105776 0.270674
0.140443 -0.406344 -0.121271 -0.048274 0.397003
0.140443 -0.406344 -0.121271 -0.048274 0.397003
0.1441 -0.327638 -0.104966 -0.015217 0.376827
0.1441 -0.327638 -0.104966 -0.015217 0.376827
0.1441 -0.327638 -0.104966 -0.015217 0.376827
0.15174 -0.312039 -0.044927 0.00517 0.25158
0.15174 -0.312039 -0.044927 0.00517 0.25158
0.15174 -0.312039 -0.044927 0.00517 0.25158
0.173776 -0.296127 -0.019884 -0.211705 0.005187
0.173776 -0.296127 -0.019884 -0.211705 0.005187
0.12649 -0.38852 -0.096123 -0.124006 0.253031
0.12649 -0.38852 -0.096123 -0.124006 0.253031
0.12649 -0.38852 -0.096123 -0.124006 0.253031
0.12649 -0.38852 -0.096123 -0.124006 0.253031
0.12649 -0.38852 -0.096123 -0.124006 0.253031
0.12649 -0.38852 -0.096123 -0.124006 0.253031
0.12649 -0.38852 -0.096123 -0.124006 0.253031
0.12649 -0.38852 -0.096123 -0.124006 0.253031
0.12649 -0.38852 -0.096123 -0.124006 0.253031
0.12649 -0.38852 -0.096123 -0.124006 0.253031
0.12649 -0.38852 -0.096123 -0.124006 0.253031
0.12649 -0.38852 -0.096123 -0.124006 0.253031
0.085169 -0.46726 -0.153776 -0.153314 0.366313
0.085169 -0.46726 -0.153776 -0.153314 0.366313
0.085169 -0.46726 -0.153776 -0.153314 0.366313
0.085169 -0.46726 -0.153776 -0.153314 0.366313
0.085169 -0.46726 -0.153776 -0.153314 0.366313
0.085169 -0.46726 -0.153776 -0.153314 0.366313
0.085169 -0.46726 -0.153776 -0.153314 0.366313
0.085169 -0.46726 -0.153776 -0.153314 0.366313
0.085169 -0.46726 -0.153776 -0.153314 0.366313
0.085169 -0.46726 -0.153776 -0.153314 0.366313
0.085169 -0.46726 -0.153776 -0.153314 0.366313
0.131865 -0.406658 -0.060849 0.049273 0.287687
0.131865 -0.406658 -0.060849 0.049273 0.287687
0.131865 -0.406658 -0.060849 0.049273 0.287687
0.157092 -0.413227 -0.063925 -0.233351 0.044559
0.157092 -0.413227 -0.063925 -0.233351 0.044559
0.157092 -0.413227 -0.063925 -0.233351 0.044559
0.157092 -0.413227 -0.063925 -0.233351 0.044559
0.157092 -0.413227 -0.063925 -0.233351 0.044559
0.157092 -0.413227 -0.063925 -0.233351 0.044559
0.157092 -0.413227 -0.063925 -0.233351 0.044559
0.157092 -0.413227 -0.063925 -0.233351 0.044559
0.165884 -0.415108 -0.074414 -0.105001 0.22001
0.183491 -0.353747 -0.091451 -0.426376 0.053272
0.183491 -0.353747 -0.091451 -0.426376 0.053272
0.183491 -0.353747 -0.091451 -0.426376 0.053272
0.183491 -0.353747 -0.091451 -0.426376 0.053272
0.183491 -0.353747 -0.091451 -0.426376 0.053272
0.084975 -0.523901 -0.161225 -0.106734 0.432391
0.084975 -0.523901 -0.161225 -0.106734 0.432391
0.084975 -0.523901 -0.161225 -0.106734 0.432391
0.084975 -0.523901 -0.161225 -0.106734 0.432391
0.084975 -0.523901 -0.161225 -0.106734 0.432391
0.084975 -0.523901 -0.161225 -0.106734 0.432391
0.084975 -0.523901 -0.161225 -0.106734 0.432391
0.084975 -0.523901 -0.161225 -0.106734 0.432391
0.084975 -0.523901 -0.161225 -0.106734 0.432391
0.084975 -0.523901 -0.161225 -0.106734 0.432391
0.084975 -0.523901 -0.161225 -0.106734 0.432391
0.084975 -0.523901 -0.161225 -0.106734 0.432391
0.084975 -0.523901 -0.161225 -0.106734 0.432391
0.084975 -0.523901 -0.161225 -0.106734 0.432391
0.084975 -0.523901 -0.161225 -0.106734 0.432391
0.084975 -0.523901 -0.161225 -0.106734 0.432391
0.084975 -0.523901 -0.161225 -0.106734 0.432391
0.084975 -0.523901 -0.161225 -0.106734 0.432391
0.084082 -0.4647 -0.119616 -0.121236 0.247176
0.084082 -0.4647 -0.119616 -0.121236 0.247176
0.084082 -0.4647 -0.119616 -0.121236 0.247176
0.084082 -0.4647 -0.119616 -0.121236 0.247176
0.155722 -0.405013 -0.108509 -0.248656 0.20341
0.155722 -0.405013 -0.108509 -0.248656 0.20341
0.155722 -0.405013 -0.108509 -0.248656 0.20341
0.145542 -0.428104 -0.116332 -0.490529 0.026405
0.145542 -0.428104 -0.116332 -0.490529 0.026405
0.145542 -0.428104 -0.116332 -0.490529 0.026405
0.145542 -0.428104 -0.116332 -0.490529 0.026405
0.109391 -0.480418 -0.176031 -0.55923 0.100665
0.109391 -0.480418 -0.176031 -0.55923 0.100665
0.109391 -0.480418 -0.176031 -0.55923 0.100665
0.109391 -0.480418 -0.176031 -0.55923 0.100665
0.109391 -0.480418 -0.176031 -0.55923 0.100665
0.109391 -0.480418 -0.176031 -0.55923 0.100665
0.109391 -0.480418 -0.176031 -0.55923 0.100665
0.109391 -0.480418 -0.176031 -0.55923 0.100665
0.109391 -0.480418 -0.176031 -0.55923 0.100665
0.109391 -0.480418 -0.176031 -0.55923 0.100665
0.109391 -0.480418 -0.176031 -0.55923 0.100665
0.109391 -0.480418 -0.176031 -0.55923 0.100665
0.109391 -0.480418 -0.176031 -0.55923 0.100665
0.109391 -0.480418 -0.176031 -0.55923 0.100665
0.109391 -0.480418 -0.176031 -0.55923 0.100665
0.109391 -0.480418 -0.176031 -0.55923 0.100665
0.109391 -0.480418 -0.176031 -0.55923 0.100665
0.109391 -0.480418 -0.176031 -0.55923 0.100665
0.109391 -0.480418 -0.176031 -0.55923 0.100665
0.109391 -0.480418 -0.176031 -0.55923 0.100665
0.109391 -0.480418 -0.176031 -0.55923 0.100665
0.109391 -0.480418 -0.176031 -0.55923 0.100665
0.109391 -0.480418 -0.176031 -0.55923 0.100665
0.109391 -0.480418 -0.176031 -0.55923 0.100665
0.109391 -0.480418 -0.176031 -0.55923 0.100665
0.109391 -0.480418 -0.176031 -0.55923 0.100665
0.109391 -0.480418 -0.176031 -0.55923 0.100665
0.096647 -0.505411 -0.172073 -0.30006 0.294195
0.096647 -0.505411 -0.172073 -0.30006 0.294195
0.096647 -0.505411 -0.172073 -0.30006 0.294195
0.096647 -0.505411 -0.172073 -0.30006 0.294195
0.096647 -0.505411 -0.172073 -0.30006 0.294195
0.096647 -0.505411 -0.172073 -0.30006 0.294195
0.096647 -0.505411 -0.172073 -0.30006 0.294195
0.096647 -0.505411 -0.172073 -0.30006 0.294195
0.096647 -0.505411 -0.172073 -0.30006 0.294195
0.113596 -0.445964 -0.074578 0.09291 0.392576
0.112379 -0.384517 -0.045517 0.20787 0.422838
0.081359 -0.409011 -0.111818 0.026802 0.375617
0.081359 -0.409011 -0.111818 0.026802 0.375617
0.081359 -0.409011 -0.111818 0.026802 0.375617
0.040606 -0.437173 -0.108363 -0.011063 0.326247
0.101272 -0.387606 -0.059625 -0.087979 0.147226
0.101272 -0.387606 -0.059625 -0.087979 0.147226
0.101272 -0.387606 -0.059625 -0.087979 0.147226
0.113934 -0.363604 -0.077218 -0.164288 0.187474
0.113934 -0.363604 -0.077218 -0.164288 0.187474
0.113934 -0.363604 -0.077218 -0.164288 0.187474
0.113934 -0.363604 -0.077218 -0.164288 0.187474
0.113934 -0.363604 -0.077218 -0.164288 0.187474
0.113934 -0.363604 -0.077218 -0.164288 0.187474
0.113934 -0.363604 -0.077218 -0.164288 0.187474
0.113934 -0.363604 -0.077218 -0.164288 0.187474
0.113934 -0.363604 -0.077218 -0.164288 0.187474
0.113934 -0.363604 -0.077218 -0.164288 0.187474
0.113934 -0.363604 -0.077218 -0.164288 0.187474
0.113934 -0.363604 -0.077218 -0.164288 0.187474
0.113934 -0.363604 -0.077218 -0.164288 0.187474
0.113934 -0.363604 -0.077218 -0.164288 0.187474
0.113934 -0.363604 -0.077218 -0.164288 0.187474
0.111275 -0.300464 -0.033152 0.184059 0.385103
0.135619 -0.319569 -0.055241 -0.071521 0.203588
0.135619 -0.319569 -0.055241 -0.071521 0.203588
0.135619 -0.319569 -0.055241 -0.071521 0.203588
0.135619 -0.319569 -0.055241 -0.071521 0.203588
0.135619 -0.319569 -0.055241 -0.071521 0.203588
0.135619 -0.319569 -0.055241 -0.071521 0.203588
0.135619 -0.319569 -0.055241 -0.071521 0.203588
0.135619 -0.319569 -0.055241 -0.071521 0.203588
0.135619 -0.319569 -0.055241 -0.071521 0.203588
0.135619 -0.319569 -0.055241 -0.071521 0.203588
0.135619 -0.319569 -0.055241 -0.071521 0.203588
0.135619 -0.319569 -0.055241 -0.071521 0.203588
0.155099 -0.2881 -0.037924 0.111844 0.304006
0.155099 -0.2881 -0.037924 0.111844 0.304006
0.155099 -0.2881 -0.037924 0.111844 0.304006
0.155099 -0.2881 -0.037924 0.111844 0.304006
0.055473 -0.457827 -0.149282 -0.039647 0.47828
0.055473 -0.457827 -0.149282 -0.039647 0.47828
0.055473 -0.457827 -0.149282 -0.039647 0.47828
0.055473 -0.457827 -0.149282 -0.039647 0.47828
0.055473 -0.457827 -0.149282 -0.039647 0.47828
0.055473 -0.457827 -0.149282 -0.039647 0.47828
0.055473 -0.457827 -0.149282 -0.039647 0.47828
0.055473 -0.457827 -0.149282 -0.039647 0.47828
0.055473 -0.457827 -0.149282 -0.039647 0.47828
0.055473 -0.457827 -0.149282 -0.039647 0.47828
0.055473 -0.457827 -0.149282 -0.039647 0.47828
0.116843 -0.340316 -0.098204 -0.065809 0.411228
0.124915 -0.363613 -0.069759 0.212513 0.504649
0.124915 -0.363613 -0.069759 0.212513 0.504649
0.124915 -0.363613 -0.069759 0.212513 0.504649
0.124915 -0.363613 -0.069759 0.212513 0.504649
0.124915 -0.363613 -0.069759 0.212513 0.504649
0.124915 -0.363613 -0.069759 0.212513 0.504649
0.124915 -0.363613 -0.069759 0.212513 0.504649
0.124915 -0.363613 -0.069759 0.212513 0.504649
0.124915 -0.363613 -0.069759 0.212513 0.504649
0.124915 -0.363613 -0.069759 0.212513 0.504649
0.124915 -0.363613 -0.069759 0.212513 0.504649
0.124915 -0.363613 -0.069759 0.212513 0.504649
0.124915 -0.363613 -0.069759 0.212513 0.504649
0.124915 -0.363613 -0.069759 0.212513 0.504649
0.124915 -0.363613 -0.069759 0.212513 0.504649
0.124915 -0.363613 -0.069759 0.212513 0.504649
0.124915 -0.363613 -0.069759 0.212513 0.504649
0.115855 -0.393201 -0.119483 -0.030675 0.491544
0.133289 -0.358244 -0.075162 0.179359 0.59457
0.133289 -0.358244 -0.075162 0.179359 0.59457
0.133289 -0.358244 -0.075162 0.179359 0.59457
0.157884 -0.3031 -0.036027 0.133124 0.436274
0.157884 -0.3031 -0.036027 0.133124 0.436274
0.137317 -0.343106 -0.075529 0.008583 0.400482
0.137317 -0.343106 -0.075529 0.008583 0.400482
0.137317 -0.343106 -0.075529 0.008583 0.400482
0.137317 -0.343106 -0.075529 0.008583 0.400482
0.137317 -0.343106 -0.075529 0.008583 0.400482
0.137317 -0.343106 -0.075529 0.008583 0.400482
0.096897 -0.408852 -0.146727 -0.098436 0.468475
0.096897 -0.408852 -0.146727 -0.098436 0.468475
0.096897 -0.408852 -0.146727 -0.098436 0.468475
0.096897 -0.408852 -0.146727 -0.098436 0.468475
0.096897 -0.408852 -0.146727 -0.098436 0.468475
0.096897 -0.408852 -0.146727 -0.098436 0.468475
0.096897 -0.408852 -0.146727 -0.098436 0.468475
0.096897 -0.408852 -0.146727 -0.098436 0.468475
0.096897 -0.408852 -0.146727 -0.098436 0.468475
0.096897 -0.408852 -0.146727 -0.098436 0.468475
0.122036 -0.40115 -0.161202 -0.310385 0.314076
0.122036 -0.40115 -0.161202 -0.310385 0.314076
0.132537 -0.372767 -0.133156 -0.304494 0.267107
0.132537 -0.372767 -0.133156 -0.304494 0.267107
0.132537 -0.372767 -0.133156 -0.304494 0.267107
0.11296 -0.496032 -0.133843 -0.087431 0.419749
0.083621 -0.490976 -0.142 -0.055438 0.441475
0.083621 -0.490976 -0.142 -0.055438 0.441475
0.083621 -0.490976 -0.142 -0.055438 0.441475
0.097368 -0.456281 -0.127753 -0.215861 0.217543
0.097368 -0.456281 -0.127753 -0.215861 0.217543
0.097368 -0.456281 -0.127753 -0.215861 0.217543
0.097368 -0.456281 -0.127753 -0.215861 0.217543
0.097368 -0.456281 -0.127753 -0.215861 0.217543
0.097368 -0.456281 -0.127753 -0.215861 0.217543
0.097368 -0.456281 -0.127753 -0.215861 0.217543
0.097368 -0.456281 -0.127753 -0.215861 0.217543
0.097368 -0.456281 -0.127753 -0.215861 0.217543
0.097368 -0.456281 -0.127753 -0.215861 0.217543
0.123519 -0.378844 -0.117173 -0.217082 0.210459
0.123519 -0.378844 -0.117173 -0.217082 0.210459
0.021518 -0.536571 -0.212871 -0.200157 0.396499
0.021518 -0.536571 -0.212871 -0.200157 0.396499
0.021518 -0.536571 -0.212871 -0.200157 0.396499
0.063014 -0.448371 -0.146995 -0.074528 0.338762
0.063014 -0.448371 -0.146995 -0.074528 0.338762
0.063014 -0.448371 -0.146995 -0.074528 0.338762
0.063014 -0.448371 -0.146995 -0.074528 0.338762
0.123198 -0.398181 -0.080113 0.095106 0.337026
0.123198 -0.398181 -0.080113 0.095106 0.337026
0.123198 -0.398181 -0.080113 0.095106 0.337026
0.105295 -0.451663 -0.060781 0.256578 0.413227
0.105295 -0.451663 -0.060781 0.256578 0.413227
0.126578 -0.479558 -0.088246 0.082064 0.408659
0.126578 -0.479558 -0.088246 0.082064 0.408659
0.126578 -0.479558 -0.088246 0.082064 0.408659
0.126578 -0.479558 -0.088246 0.082064 0.408659
0.126578 -0.479558 -0.088246 0.082064 0.408659
0.126578 -0.479558 -0.088246 0.082064 0.408659
0.126578 -0.479558 -0.088246 0.082064 0.408659
0.126578 -0.479558 -0.088246 0.082064 0.408659
0.126578 -0.479558 -0.088246 0.082064 0.408659
0.126578 -0.479558 -0.088246 0.082064 0.408659
0.126578 -0.479558 -0.088246 0.082064 0.408659
0.126578 -0.479558 -0.088246 0.082064 0.408659
0.150736 -0.353372 -0.059641 0.000348 0.310204
0.084691 -0.421839 -0.12571 -0.048758 0.38587
0.084691 -0.421839 -0.12571 -0.048758 0.38587
0.084691 -0.421839 -0.12571 -0.048758 0.38587
0.084691 -0.421839 -0.12571 -0.048758 0.38587
0.084691 -0.421839 -0.12571 -0.048758 0.38587
0.084691 -0.421839 -0.12571 -0.048758 0.38587
0.084691 -0.421839 -0.12571 -0.048758 0.38587
0.084691 -0.421839 -0.12571 -0.048758 0.38587
0.084691 -0.421839 -0.12571 -0.048758 0.38587
0.084691 -0.421839 -0.12571 -0.048758 0.38587
0.084691 -0.421839 -0.12571 -0.048758 0.38587
0.084691 -0.421839 -0.12571 -0.048758 0.38587
0.084691 -0.421839 -0.12571 -0.048758 0.38587
0.084691 -0.421839 -0.12571 -0.048758 0.38587
0.084691 -0.421839 -0.12571 -0.048758 0.38587
0.08907 -0.437781 -0.160804 -0.393566 0.255847
0.08907 -0.437781 -0.160804 -0.393566 0.255847
0.08907 -0.437781 -0.160804 -0.393566 0.255847
0.08907 -0.437781 -0.160804 -0.393566 0.255847
0.08907 -0.437781 -0.160804 -0.393566 0.255847
0.139097 -0.384054 -0.108669 -0.205671 0.278684
0.137748 -0.403721 -0.097467 -0.06286 0.38694
0.137748 -0.403721 -0.097467 -0.06286 0.38694
0.157119 -0.303289 -0.081218 -0.205467 0.28965
0.157119 -0.303289 -0.081218 -0.205467 0.28965
0.150874 -0.262667 -0.04124 0.156894 0.44568
0.069821 -0.388729 -0.089304 0.166138 0.475592
0.069821 -0.388729 -0.089304 0.166138 0.475592
0.069821 -0.388729 -0.089304 0.166138 0.475592
0.069821 -0.388729 -0.089304 0.166138 0.475592
0.078074 -0.412966 -0.125696 0.01639 0.455656
0.078074 -0.412966 -0.125696 0.01639 0.455656
0.021433 -0.406325 -0.134041 0.023236 0.406942
0.021433 -0.406325 -0.134041 0.023236 0.406942
0.021433 -0.406325 -0.134041 0.023236 0.406942
0.021433 -0.406325 -0.134041 0.023236 0.406942
0.023249 -0.407212 -0.177223 -0.286979 0.297687
0.023249 -0.407212 -0.177223 -0.286979 0.297687
0.023249 -0.407212 -0.177223 -0.286979 0.297687
0.035989 -0.461852 -0.169275 -0.197348 0.331204
0.035989 -0.461852 -0.169275 -0.197348 0.331204
0.035989 -0.461852 -0.169275 -0.197348 0.331204
0.035989 -0.461852 -0.169275 -0.197348 0.331204
0.06408 -0.429453 -0.163521 -0.273313 0.309171
0.06408 -0.429453 -0.163521 -0.273313 0.309171
0.06408 -0.429453 -0.163521 -0.273313 0.309171
0.160596 -0.205134 -0.041396 -0.091534 0.205415
0.160596 -0.205134 -0.041396 -0.091534 0.205415
0.160596 -0.205134 -0.041396 -0.091534 0.205415
0.160596 -0.205134 -0.041396 -0.091534 0.205415
0.082224 -0.398882 -0.105082 0.076115 0.466806
0.082224 -0.398882 -0.105082 0.076115 0.466806
0.082224 -0.398882 -0.105082 0.076115 0.466806
0.082224 -0.398882 -0.105082 0.076115 0.466806
0.082224 -0.398882 -0.105082 0.076115 0.466806
0.082224 -0.398882 -0.105082 0.076115 0.466806
0.082224 -0.398882 -0.105082 0.076115 0.466806
0.082224 -0.398882 -0.105082 0.076115 0.466806
0.152374 -0.306096 -0.039277 -0.13167 0.147902
0.152374 -0.306096 -0.039277 -0.13167 0.147902
0.152374 -0.306096 -0.039277 -0.13167 0.147902
0.152374 -0.306096 -0.039277 -0.13167 0.147902
0.152374 -0.306096 -0.039277 -0.13167 0.147902
0.152374 -0.306096 -0.039277 -0.13167 0.147902
0.152374 -0.306096 -0.039277 -0.13167 0.147902
0.09009 -0.36006 -0.092274 -0.101034 0.2769
0.089786 -0.348913 -0.116352 -0.210718 0.257999
0.089786 -0.348913 -0.116352 -0.210718 0.257999
0.089786 -0.348913 -0.116352 -0.210718 0.257999
0.089786 -0.348913 -0.116352 -0.210718 0.257999
0.089786 -0.348913 -0.116352 -0.210718 0.257999
0.095727 -0.378166 -0.065458 0.017198 0.235082
0.095727 -0.378166 -0.065458 0.017198 0.235082
0.095727 -0.378166 -0.065458 0.017198 0.235082
0.075186 -0.475709 -0.128454 -0.244004 0.174227
0.075186 -0.475709 -0.128454 -0.244004 0.174227
0.075186 -0.475709 -0.128454 -0.244004 0.174227
0.075186 -0.475709 -0.128454 -0.244004 0.174227
0.075186 -0.475709 -0.128454 -0.244004 0.174227
0.075186 -0.475709 -0.128454 -0.244004 0.174227
0.075186 -0.475709 -0.128454 -0.244004 0.174227
0.111362 -0.411627 -0.038756 0.019951 0.13475
0.103962 -0.422198 -0.071248 -0.044391 0.159781
0.103962 -0.422198 -0.071248 -0.044391 0.159781
0.152572 -0.406922 -0.071572 -0.066015 0.210385
0.152572 -0.406922 -0.071572 -0.066015 0.210385
0.152572 -0.406922 -0.071572 -0.066015 0.210385
0.120632 -0.339276 -0.126691 -0.347058 0.224111
0.120632 -0.339276 -0.126691 -0.347058 0.224111
0.120632 -0.339276 -0.126691 -0.347058 0.224111
0.120632 -0.339276 -0.126691 -0.347058 0.224111
0.130734 -0.340133 -0.147312 -0.457874 0.177214
0.132738 -0.324197 -0.155078 -0.569058 0.054473
0.132738 -0.324197 -0.155078 -0.569058 0.054473
0.132738 -0.324197 -0.155078 -0.569058 0.054473
0.132738 -0.324197 -0.155078 -0.569058 0.054473
0.132738 -0.324197 -0.155078 -0.569058 0.054473
0.152146 -0.296893 -0.119292 -0.300196 0.254385
0.152146 -0.296893 -0.119292 -0.300196 0.254385
0.125143 -0.323724 -0.127268 -0.336411 0.204273
0.125143 -0.323724 -0.127268 -0.336411 0.204273
0.125143 -0.323724 -0.127268 -0.336411 0.204273
0.125143 -0.323724 -0.127268 -0.336411 0.204273
0.125143 -0.323724 -0.127268 -0.336411 0.204273
0.125143 -0.323724 -0.127268 -0.336411 0.204273
0.125143 -0.323724 -0.127268 -0.336411 0.204273
0.125143 -0.323724 -0.127268 -0.336411 0.204273
0.125143 -0.323724 -0.127268 -0.336411 0.204273
0.125143 -0.323724 -0.127268 -0.336411 0.204273
0.125143 -0.323724 -0.127268 -0.336411 0.204273
0.093266 -0.438457 -0.13123 -0.095102 0.381043
0.093266 -0.438457 -0.13123 -0.095102 0.381043
0.093266 -0.438457 -0.13123 -0.095102 0.381043
0.093266 -0.438457 -0.13123 -0.095102 0.381043
0.093266 -0.438457 -0.13123 -0.095102 0.381043
0.093266 -0.438457 -0.13123 -0.095102 0.381043
0.093266 -0.438457 -0.13123 -0.095102 0.381043
0.093266 -0.438457 -0.13123 -0.095102 0.381043
0.093266 -0.438457 -0.13123 -0.095102 0.381043
0.093266 -0.438457 -0.13123 -0.095102 0.381043
0.093266 -0.438457 -0.13123 -0.095102 0.381043
0.093266 -0.438457 -0.13123 -0.095102 0.381043
0.093266 -0.438457 -0.13123 -0.095102 0.381043
0.093266 -0.438457 -0.13123 -0.095102 0.381043
0.093266 -0.438457 -0.13123 -0.095102 0.381043
0.093266 -0.438457 -0.13123 -0.095102 0.381043
0.093266 -0.438457 -0.13123 -0.095102 0.381043
0.093266 -0.438457 -0.13123 -0.095102 0.381043
0.108462 -0.388038 -0.104132 -0.071101 0.37725
0.108462 -0.388038 -0.104132 -0.071101 0.37725
0.108462 -0.388038 -0.104132 -0.071101 0.37725
0.108462 -0.388038 -0.104132 -0.071101 0.37725
0.108462 -0.388038 -0.104132 -0.071101 0.37725
0.108462 -0.388038 -0.104132 -0.071101 0.37725
0.108462 -0.388038 -0.104132 -0.071101 0.37725
0.09907 -0.418124 -0.098895 0.063787 0.438878
0.09907 -0.418124 -0.098895 0.063787 0.438878
0.09907 -0.418124 -0.098895 0.063787 0.438878
0.110959 -0.408178 -0.085883 -0.201234 0.150793
0.110959 -0.408178 -0.085883 -0.201234 0.150793
0.110959 -0.408178 -0.085883 -0.201234 0.150793
0.110959 -0.408178 -0.085883 -0.201234 0.150793
0.110959 -0.408178 -0.085883 -0.201234 0.150793
0.06871 -0.450696 -0.141794 -0.249567 0.25017
0.06871 -0.450696 -0.141794 -0.249567 0.25017
0.06871 -0.450696 -0.141794 -0.249567 0.25017
0.06871 -0.450696 -0.141794 -0.249567 0.25017
0.081924 -0.439113 -0.16501 -0.412527 0.253317
0.081924 -0.439113 -0.16501 -0.412527 0.253317
0.081924 -0.439113 -0.16501 -0.412527 0.253317
0.081924 -0.439113 -0.16501 -0.412527 0.253317
0.081924 -0.439113 -0.16501 -0.412527 0.253317
0.081924 -0.439113 -0.16501 -0.412527 0.253317
0.081924 -0.439113 -0.16501 -0.412527 0.253317
0.081924 -0.439113 -0.16501 -0.412527 0.253317
0.081924 -0.439113 -0.16501 -0.412527 0.253317
0.030381 -0.566618 -0.2119 -0.147973 0.523135
0.030381 -0.566618 -0.2119 -0.147973 0.523135
-0.03701 -0.604796 -0.254966 -0.293328 0.490793
-0.03701 -0.604796 -0.254966 -0.293328 0.490793
-0.03701 -0.604796 -0.254966 -0.293328 0.490793
-0.045516 -0.592528 -0.275051 -0.464071 0.394843
-0.045516 -0.592528 -0.275051 -0.464071 0.394843
-0.045516 -0.592528 -0.275051 -0.464071 0.394843
-0.045516 -0.592528 -0.275051 -0.464071 0.394843
-0.045516 -0.592528 -0.275051 -0.464071 0.394843
-0.045516 -0.592528 -0.275051 -0.464071 0.394843
-0.045516 -0.592528 -0.275051 -0.464071 0.394843
-0.045516 -0.592528 -0.275051 -0.464071 0.394843
0.08667 -0.424056 -0.175075 -0.269378 0.38176
0.08667 -0.424056 -0.175075 -0.269378 0.38176
0.08667 -0.424056 -0.175075 -0.269378 0.38176
0.08667 -0.424056 -0.175075 -0.269378 0.38176
0.090027 -0.448001 -0.156969 -0.260501 0.274503
0.090027 -0.448001 -0.156969 -0.260501 0.274503
0.090027 -0.448001 -0.156969 -0.260501 0.274503
0.090027 -0.448001 -0.156969 -0.260501 0.274503
0.090027 -0.448001 -0.156969 -0.260501 0.274503
0.090027 -0.448001 -0.156969 -0.260501 0.274503
0.090027 -0.448001 -0.156969 -0.260501 0.274503
0.041221 -0.454174 -0.198385 -0.417168 0.230787
0.041221 -0.454174 -0.198385 -0.417168 0.230787
0.041221 -0.454174 -0.198385 -0.417168 0.230787
0.041221 -0.454174 -0.198385 -0.417168 0.230787
0.041221 -0.454174 -0.198385 -0.417168 0.230787
0.041221 -0.454174 -0.198385 -0.417168 0.230787
0.041221 -0.454174 -0.198385 -0.417168 0.230787
0.041221 -0.454174 -0.198385 -0.417168 0.230787
0.041221 -0.454174 -0.198385 -0.417168 0.230787
0.041221 -0.454174 -0.198385 -0.417168 0.230787
0.041221 -0.454174 -0.198385 -0.417168 0.230787
0.041221 -0.454174 -0.198385 -0.417168 0.230787
0.041221 -0.454174 -0.198385 -0.417168 0.230787
0.041221 -0.454174 -0.198385 -0.417168 0.230787
0.041221 -0.454174 -0.198385 -0.417168 0.230787
0.041221 -0.454174 -0.198385 -0.417168 0.230787
0.041221 -0.454174 -0.198385 -0.417168 0.230787
0.041221 -0.454174 -0.198385 -0.417168 0.230787
0.041221 -0.454174 -0.198385 -0.417168 0.230787
0.041221 -0.454174 -0.198385 -0.417168 0.230787
0.041221 -0.454174 -0.198385 -0.417168 0.230787
0.041221 -0.454174 -0.198385 -0.417168 0.230787
0.041221 -0.454174 -0.198385 -0.417168 0.230787
0.139481 -0.351004 -0.13211 -0.389152 0.121924
0.139481 -0.351004 -0.13211 -0.389152 0.121924
0.093914 -0.339147 -0.146749 -0.408183 0.169284
0.093914 -0.339147 -0.146749 -0.408183 0.169284
0.093914 -0.339147 -0.146749 -0.408183 0.169284
0.093914 -0.339147 -0.146749 -0.408183 0.169284
0.093914 -0.339147 -0.146749 -0.408183 0.169284
0.093914 -0.339147 -0.146749 -0.408183 0.169284
0.093914 -0.339147 -0.146749 -0.408183 0.169284
0.093914 -0.339147 -0.146749 -0.408183 0.169284
0.093914 -0.339147 -0.146749 -0.408183 0.169284
0.093914 -0.339147 -0.146749 -0.408183 0.169284
0.093914 -0.339147 -0.146749 -0.408183 0.169284
0.093914 -0.339147 -0.146749 -0.408183 0.169284
0.093914 -0.339147 -0.146749 -0.408183 0.169284
0.093914 -0.339147 -0.146749 -0.408183 0.169284
0.093914 -0.339147 -0.146749 -0.408183 0.169284
0.093914 -0.339147 -0.146749 -0.408183 0.169284
0.093914 -0.339147 -0.146749 -0.408183 0.169284
0.093914 -0.339147 -0.146749 -0.408183 0.169284
0.093914 -0.339147 -0.146749 -0.408183 0.169284
0.093914 -0.339147 -0.146749 -0.408183 0.169284
0.093914 -0.339147 -0.146749 -0.408183 0.169284
0.093914 -0.339147 -0.146749 -0.408183 0.169284
0.093914 -0.339147 -0.146749 -0.408183 0.169284
0.093914 -0.339147 -0.146749 -0.408183 0.169284
0.093914 -0.339147 -0.146749 -0.408183 0.169284
0.093914 -0.339147 -0.146749 -0.408183 0.169284
0.093914 -0.339147 -0.146749 -0.408183 0.169284
0.093914 -0.339147 -0.146749 -0.408183 0.169284
0.093914 -0.339147 -0.146749 -0.408183 0.169284
0.093914 -0.339147 -0.146749 -0.408183 0.169284
0.093914 -0.339147 -0.146749 -0.408183 0.169284
0.093914 -0.339147 -0.146749 -0.408183 0.169284
0.093914 -0.339147 -0.146749 -0.408183 0.169284
0.093914 -0.339147 -0.146749 -0.408183 0.169284
0.093914 -0.339147 -0.146749 -0.408183 0.169284
0.093914 -0.339147 -0.146749 -0.408183 0.169284
0.093914 -0.339147 -0.146749 -0.408183 0.169284
0.093914 -0.339147 -0.146749 -0.408183 0.169284
0.093914 -0.339147 -0.146749 -0.408183 0.169284
0.093914 -0.339147 -0.146749 -0.408183 0.169284
0.093914 -0.339147 -0.146749 -0.408183 0.169284
0.093914 -0.339147 -0.146749 -0.408183 0.169284
0.093914 -0.339147 -0.146749 -0.408183 0.169284
0.093914 -0.339147 -0.146749 -0.408183 0.169284
0.093914 -0.339147 -0.146749 -0.408183 0.169284
0.122127 -0.299786 -0.098647 -0.086455 0.353697
0.122127 -0.299786 -0.098647 -0.086455 0.353697
0.07196 -0.391234 -0.1695 -0.326801 0.317028
0.130217 -0.327226 -0.130423 -0.410854 0.140921
0.130217 -0.327226 -0.130423 -0.410854 0.140921
0.130217 -0.327226 -0.130423 -0.410854 0.140921
0.130217 -0.327226 -0.130423 -0.410854 0.140921
0.130217 -0.327226 -0.130423 -0.410854 0.140921
0.151874 -0.336954 -0.076619 -0.107202 0.275731
0.151874 -0.336954 -0.076619 -0.107202 0.275731
0.151874 -0.336954 -0.076619 -0.107202 0.275731
0.151874 -0.336954 -0.076619 -0.107202 0.275731
0.151874 -0.336954 -0.076619 -0.107202 0.275731
0.151874 -0.336954 -0.076619 -0.107202 0.275731
0.162596 -0.336993 -0.077874 -0.1357 0.252553
0.162596 -0.336993 -0.077874 -0.1357 0.252553
0.162596 -0.336993 -0.077874 -0.1357 0.252553
0.162596 -0.336993 -0.077874 -0.1357 0.252553
0.162596 -0.336993 -0.077874 -0.1357 0.252553
0.162596 -0.336993 -0.077874 -0.1357 0.252553
0.162596 -0.336993 -0.077874 -0.1357 0.252553
0.162596 -0.336993 -0.077874 -0.1357 0.252553
0.162596 -0.336993 -0.077874 -0.1357 0.252553
0.162596 -0.336993 -0.077874 -0.1357 0.252553
0.162596 -0.336993 -0.077874 -0.1357 0.252553
0.124144 -0.378185 -0.093871 0.12704 0.496405
0.124144 -0.378185 -0.093871 0.12704 0.496405
0.124144 -0.378185 -0.093871 0.12704 0.496405
0.124144 -0.378185 -0.093871 0.12704 0.496405
0.124144 -0.378185 -0.093871 0.12704 0.496405
0.124144 -0.378185 -0.093871 0.12704 0.496405
0.124144 -0.378185 -0.093871 0.12704 0.496405
0.172355 -0.319177 -0.029043 0.117701 0.332966
0.172355 -0.319177 -0.029043 0.117701 0.332966
0.172355 -0.319177 -0.029043 0.117701 0.332966
0.172355 -0.319177 -0.029043 0.117701 0.332966
0.172355 -0.319177 -0.029043 0.117701 0.332966
0.172355 -0.319177 -0.029043 0.117701 0.332966
0.172355 -0.319177 -0.029043 0.117701 0.332966
