0.851584 -0.181339 1.035716 -0.342814 0.466456
0.298338 -0.031584 0.119852 0.050202 0.108157
0.303029 0.024632 0.134492 0.108199 0.1045
0.146281 -0.233178 -0.039946 0.146787 0.31504
0.237782 -0.069623 0.01113 -0.002507 0.102511
0.210116 -0.014947 0.031575 -0.089154 -0.021604
0.048479 -0.221692 -0.103959 0.100793 0.477899
0.254869 0.074484 0.147403 0.138264 0.01355
0.085148 -0.21463 -0.064215 -0.038552 0.31226
0.085148 -0.21463 -0.064215 -0.038552 0.31226
0.145915 -0.143664 0.021895 0.056028 0.191513
0.218493 -0.044247 0.142236 0.203807 -0.019389
0.132121 -0.120146 0.058188 0.115225 0.125751
0.171541 -0.07849 0.112449 0.283008 0.058561
0.254715 -0.044516 0.151012 0.001241 -0.162795
0.245353 -0.09172 0.136829 -0.043166 -0.186049
0.179912 -0.287737 0.012073 0.117594 0.215476
0.182429 -0.284985 -0.009676 0.046003 0.150086
0.182429 -0.284985 -0.009676 0.046003 0.150086
0.182429 -0.284985 -0.009676 0.046003 0.150086
0.136751 -0.268667 -0.006602 0.312268 0.415252
0.136751 -0.268667 -0.006602 0.312268 0.415252
0.218814 -0.163935 0.019878 0.050935 0.187519
0.218814 -0.163935 0.019878 0.050935 0.187519
0.187695 -0.157673 0.040683 0.062312 0.139783
0.144331 -0.193094 -0.028687 -0.067263 0.057298
0.221586 -0.082471 0.041921 -0.166759 -0.030122
0.135761 -0.214083 -0.061392 -0.48402 -0.188235
0.157472 -0.173797 -0.028318 -0.368926 -0.088147
0.157472 -0.173797 -0.028318 -0.368926 -0.088147
0.157472 -0.173797 -0.028318 -0.368926 -0.088147
0.066191 -0.327779 -0.088384 -0.271806 0.032237
0.066191 -0.327779 -0.088384 -0.271806 0.032237
0.029899 -0.37428 -0.15135 -0.45152 0.082135
0.029899 -0.37428 -0.15135 -0.45152 0.082135
0.029899 -0.37428 -0.15135 -0.45152 0.082135
0.029899 -0.37428 -0.15135 -0.45152 0.082135
0.029899 -0.37428 -0.15135 -0.45152 0.082135
0.09089 -0.327051 -0.113839 -0.082259 0.337452
0.09089 -0.327051 -0.113839 -0.082259 0.337452
0.09089 -0.327051 -0.113839 -0.082259 0.337452
0.246142 -0.143771 0.058482 0.009747 0.009472
0.135284 -0.261025 -0.032803 0.23394 0.444184
0.214109 -0.023517 0.102797 0.192776 0.026791
0.157238 -0.169794 0.047768 0.19269 0.123602
0.147931 -0.158185 0.04146 0.131869 0.065849
0.244595 -0.095444 0.120714 0.275051 0.089975
0.244595 -0.095444 0.120714 0.275051 0.089975
0.20753 -0.171219 0.033433 0.1873 0.260982
0.20753 -0.171219 0.033433 0.1873 0.260982
0.13142 -0.165389 -0.031798 -0.287454 -0.040729
0.13142 -0.165389 -0.031798 -0.287454 -0.040729
0.13142 -0.165389 -0.031798 -0.287454 -0.040729
0.13142 -0.165389 -0.031798 -0.287454 -0.040729
0.13142 -0.165389 -0.031798 -0.287454 -0.040729
0.17785 -0.175562 0.046901 -0.195504 -0.284054
0.186504 -0.267507 -0.006832 -0.030039 0.144459
0.101378 -0.292916 -0.041532 -0.046426 0.133686
0.101378 -0.292916 -0.041532 -0.046426 0.133686
0.101378 -0.292916 -0.041532 -0.046426 0.133686
0.030895 -0.30085 -0.096495 0.205939 0.542081
0.119907 -0.286253 -0.106646 -0.070536 0.362811
0.233432 -0.154342 -0.02345 -0.313324 0.054963
0.232893 -0.220748 -0.029136 -0.286085 0.043914
0.177825 -0.227155 -0.050135 -0.235867 0.167706
0.202146 -0.158968 0.076391 0.086409 0.057952
0.202146 -0.158968 0.076391 0.086409 0.057952
0.245723 -0.118331 0.079424 -0.128252 -0.207649
0.147293 -0.222659 -0.002972 -0.047296 0.077757
0.147293 -0.222659 -0.002972 -0.047296 0.077757
0.138107 -0.197438 0.01382 0.08976 0.165404
0.138107 -0.197438 0.01382 0.08976 0.165404
0.230208 -0.173027 0.090238 0.418183 0.257184
0.230208 -0.173027 0.090238 0.418183 0.257184
0.239716 -0.208843 0.008063 -0.045188 0.076266
0.13111 -0.325944 -0.080258 0.000583 0.270031
0.121345 -0.359978 -0.080775 0.095548 0.32282
0.193332 -0.286038 -0.009665 -0.072877 0.08807
0.213095 -0.234472 0.028083 0.156312 0.238676
0.212299 -0.150018 0.003537 -0.063439 0.115312
0.066855 -0.372739 -0.142818 -0.1562 0.132064
0.073831 -0.248486 -0.062518 -0.181265 -0.081013
-0.029313 -0.382735 -0.087557 0.070304 0.213172
-0.030605 -0.435596 -0.107615 -0.026363 0.213314
-0.11626 -0.500851 -0.228937 -0.438529 0.240897
-0.11626 -0.500851 -0.228937 -0.438529 0.240897
-0.11626 -0.500851 -0.228937 -0.438529 0.240897
-0.11626 -0.500851 -0.228937 -0.438529 0.240897
-0.041618 -0.365469 -0.156618 -0.20914 0.209144
-0.041618 -0.365469 -0.156618 -0.20914 0.209144
0.112909 -0.172828 -0.012485 -0.1503 0.022553
0.049363 -0.391639 -0.147289 -0.164408 0.269117
0.049363 -0.391639 -0.147289 -0.164408 0.269117
0.052782 -0.359317 -0.124508 -0.186195 0.273483
0.068494 -0.320184 -0.070269 -0.153313 0.16739
0.120658 -0.268307 -0.06013 -0.324752 -0.009348
0.158143 -0.197501 0.00202 -0.06492 0.101363
0.155349 -0.207268 -0.101107 -0.415228 0.091975
0.155349 -0.207268 -0.101107 -0.415228 0.091975
0.219833 -0.074921 0.026932 -0.389632 -0.179512
0.229799 -0.119594 0.052723 -0.23214 -0.163294
0.229799 -0.119594 0.052723 -0.23214 -0.163294
0.210583 -0.111539 0.045353 -0.118289 -0.060789
0.210583 -0.111539 0.045353 -0.118289 -0.060789
0.210583 -0.111539 0.045353 -0.118289 -0.060789
0.196008 -0.15476 -0.003945 -0.29099 0.021025
0.196008 -0.15476 -0.003945 -0.29099 0.021025
0.174784 -0.170653 -0.000115 -0.20347 0.05696
0.10027 -0.142655 -0.019225 -0.154246 0.100746
0.13535 -0.041856 0.022831 -0.073365 0.082617
0.168002 -0.072832 0.080292 -0.108436 -0.012823
0.261429 -0.000922 0.101362 -0.44038 -0.302463
0.261429 -0.000922 0.101362 -0.44038 -0.302463
0.261429 -0.000922 0.101362 -0.44038 -0.302463
0.24981 -0.015882 0.125448 -0.259261 -0.39381
0.090801 -0.32033 -0.071654 -0.04577 0.254486
0.135336 -0.246852 -0.064255 -0.002712 0.23414
0.157233 -0.260426 -0.043363 0.107308 0.320292
0.293998 -0.072073 0.094291 0.077217 0.046457
0.293998 -0.072073 0.094291 0.077217 0.046457
0.141091 -0.195384 -0.060294 -0.328596 -0.059248
0.141091 -0.195384 -0.060294 -0.328596 -0.059248
0.136186 -0.141783 0.0153 -0.273552 -0.174032
0.171663 -0.161248 0.05668 -0.151814 -0.119053
0.147361 -0.240467 0.011364 -0.269952 -0.1296
0.149958 -0.23372 0.031529 -0.040695 0.0686
0.218268 -0.165935 0.040562 -0.052998 0.106516
0.218268 -0.165935 0.040562 -0.052998 0.106516
0.193507 -0.228363 0.033059 0.289239 0.326308
0.193507 -0.228363 0.033059 0.289239 0.326308
0.193507 -0.228363 0.033059 0.289239 0.326308
0.115245 -0.287173 -0.068821 -0.071553 0.179642
0.123355 -0.177235 -0.047761 -0.135756 0.146098
0.332148 0.047439 0.126869 -0.205385 -0.247002
0.332148 0.047439 0.126869 -0.205385 -0.247002
0.153654 -0.22898 -0.013284 -0.507637 -0.241541
0.153654 -0.22898 -0.013284 -0.507637 -0.241541
0.271731 -0.080105 0.097443 -0.302835 -0.303742
0.271731 -0.080105 0.097443 -0.302835 -0.303742
0.288862 -0.05554 0.097994 -0.247647 -0.295337
0.288862 -0.05554 0.097994 -0.247647 -0.295337
0.288862 -0.05554 0.097994 -0.247647 -0.295337
0.276101 -0.052914 0.103269 0.027374 0.035904
0.21945 -0.10583 0.088462 0.224076 0.187354
0.132863 -0.191924 0.006585 -0.029357 0.139155
0.228691 -0.164257 0.037869 0.104256 0.199637
0.233837 -0.048856 0.094806 0.022465 -0.032928
0.296461 -0.130749 0.083311 -0.167697 -0.168902
0.296461 -0.130749 0.083311 -0.167697 -0.168902
0.296461 -0.130749 0.083311 -0.167697 -0.168902
0.190328 -0.233133 0.033573 0.197038 0.163383
0.084807 -0.357785 -0.083533 0.166423 0.452253
0.084807 -0.357785 -0.083533 0.166423 0.452253
0.213755 -0.201848 0.074396 0.097983 0.087972
0.279677 -0.108979 0.122776 0.093598 -0.006216
0.251542 -0.107782 0.075089 -0.268826 -0.208235
0.263176 -0.06275 0.118854 0.010293 -0.040666
0.263176 -0.06275 0.118854 0.010293 -0.040666
0.263349 -0.101844 0.084995 -0.19043 -0.183636
0.263349 -0.101844 0.084995 -0.19043 -0.183636
0.263349 -0.101844 0.084995 -0.19043 -0.183636
0.263349 -0.101844 0.084995 -0.19043 -0.183636
0.263349 -0.101844 0.084995 -0.19043 -0.183636
0.194059 -0.177703 0.023243 -0.129374 -0.069648
0.151006 -0.051551 0.047235 -0.1971 -0.106817
0.134186 -0.186038 -0.034276 -0.281866 0.028009
0.134186 -0.186038 -0.034276 -0.281866 0.028009
0.224096 -0.094646 0.070823 0.030045 0.136641
0.195033 -0.209455 0.029336 0.058382 0.127156
0.191433 -0.190502 0.034962 0.105427 0.054755
0.14407 -0.114164 -0.047479 -0.222287 0.13894
0.064189 -0.117207 -0.084884 -0.203621 0.153708
0.026172 -0.268211 -0.143027 -0.253068 0.267195
0.026172 -0.268211 -0.143027 -0.253068 0.267195
0.026172 -0.268211 -0.143027 -0.253068 0.267195
0.103628 -0.190322 -0.081929 0.024751 0.396592
0.178948 -0.132239 -0.039087 -0.397994 -0.097991
0.178948 -0.132239 -0.039087 -0.397994 -0.097991
0.107509 -0.218926 -0.07121 -0.200489 0.122432
0.107509 -0.218926 -0.07121 -0.200489 0.122432
0.197256 -0.179747 0.036671 -0.118079 -0.020865
0.173888 -0.202935 0.027661 0.002978 0.113933
0.116621 -0.285744 -0.03108 -0.193849 -0.038338
0.189263 -0.139733 0.060611 -0.029564 -0.064639
0.169827 -0.143492 0.051377 -0.028757 -0.050345
0.187486 -0.101139 0.054425 -0.09743 -0.051237
0.125267 -0.179979 0.041812 -0.066058 -0.100323
0.111632 -0.234975 -0.016399 -0.063605 0.058211
0.111632 -0.234975 -0.016399 -0.063605 0.058211
0.190711 -0.166369 -0.003524 -0.202593 -0.105404
0.182792 -0.294906 0.00563 -0.266807 -0.21472
0.178609 -0.193351 0.032373 -0.180453 -0.253566
0.178609 -0.193351 0.032373 -0.180453 -0.253566
0.120699 -0.217955 0.043709 -0.070422 -0.338971
0.061029 -0.308341 -0.022202 0.000239 -0.08551
0.192155 -0.115749 -0.00687 -0.485793 -0.378548
0.192155 -0.115749 -0.00687 -0.485793 -0.378548
0.16905 -0.079487 0.016977 -0.310446 -0.25516
0.16905 -0.079487 0.016977 -0.310446 -0.25516
0.16905 -0.079487 0.016977 -0.310446 -0.25516
0.192927 -0.146287 0.059915 -0.12679 -0.07544
0.18233 -0.142346 0.039831 -0.073736 0.045048
0.147956 -0.237678 -0.013908 -0.04379 0.134627
0.11273 -0.252998 -0.082652 -0.418139 -0.06261
0.11273 -0.252998 -0.082652 -0.418139 -0.06261
0.11273 -0.252998 -0.082652 -0.418139 -0.06261
0.11273 -0.252998 -0.082652 -0.418139 -0.06261
0.11273 -0.252998 -0.082652 -0.418139 -0.06261
0.11273 -0.252998 -0.082652 -0.418139 -0.06261
0.162302 -0.155922 -0.001724 -0.229849 -0.078691
0.162302 -0.155922 -0.001724 -0.229849 -0.078691
0.080056 -0.273957 -0.075288 -0.208874 0.110615
0.037972 -0.187916 -0.066672 -0.118918 0.103267
0.040116 -0.246556 -0.062103 0.061133 0.245207
0.172136 -0.092183 0.013465 -0.282731 -0.099546
0.172136 -0.092183 0.013465 -0.282731 -0.099546
0.197345 -0.062736 0.076475 -0.145448 -0.221245
0.040905 -0.26464 -0.038993 -0.105413 0.095449
0.255418 -0.135534 0.142763 0.161566 -0.02352
0.172433 -0.249326 0.029863 0.185084 0.285627
0.219225 -0.165241 0.048809 0.119177 0.240233
0.12527 -0.250245 -0.055067 -0.177236 0.084966
0.156706 -0.195454 -0.029521 -0.226202 0.032698
0.156706 -0.195454 -0.029521 -0.226202 0.032698
0.156706 -0.195454 -0.029521 -0.226202 0.032698
0.14133 -0.242593 -0.031229 -0.266971 -0.104161
0.14133 -0.242593 -0.031229 -0.266971 -0.104161
0.249406 0.006559 0.140016 -0.098461 -0.303524
0.249406 0.006559 0.140016 -0.098461 -0.303524
0.212346 -0.088983 0.026789 -0.473374 -0.304455
0.212346 -0.088983 0.026789 -0.473374 -0.304455
0.212346 -0.088983 0.026789 -0.473374 -0.304455
0.16791 -0.186149 0.016127 -0.014063 0.117035
0.158233 -0.294757 0.037588 0.026011 -0.060213
0.236736 -0.049166 0.113887 -0.255013 -0.477185
0.236736 -0.049166 0.113887 -0.255013 -0.477185
0.236736 -0.049166 0.113887 -0.255013 -0.477185
0.236736 -0.049166 0.113887 -0.255013 -0.477185
0.227364 -0.099987 0.097546 -0.113792 -0.170606
0.19439 -0.171289 0.038583 0.05349 0.14981
0.27783 -0.087614 0.072006 -0.195776 -0.113364
0.27217 -0.084345 0.093071 -0.284777 -0.241261
0.224244 -0.056672 0.104839 -0.118812 -0.303499
0.224244 -0.056672 0.104839 -0.118812 -0.303499
0.242122 -0.137551 0.066497 -0.113597 -0.178783
0.242122 -0.137551 0.066497 -0.113597 -0.178783
0.095993 -0.287617 -0.068729 -0.209347 0.071087
0.095993 -0.287617 -0.068729 -0.209347 0.071087
0.186809 -0.189311 0.044825 0.016863 0.072769
0.177734 -0.182688 -0.014539 -0.206986 -0.026815
0.177734 -0.182688 -0.014539 -0.206986 -0.026815
0.177734 -0.182688 -0.014539 -0.206986 -0.026815
0.177734 -0.182688 -0.014539 -0.206986 -0.026815
0.177734 -0.182688 -0.014539 -0.206986 -0.026815
0.177734 -0.182688 -0.014539 -0.206986 -0.026815
0.177734 -0.182688 -0.014539 -0.206986 -0.026815
0.177734 -0.182688 -0.014539 -0.206986 -0.026815
0.177734 -0.182688 -0.014539 -0.206986 -0.026815
0.156039 -0.212136 -0.024788 -0.19711 -0.012288
0.156039 -0.212136 -0.024788 -0.19711 -0.012288
0.156039 -0.212136 -0.024788 -0.19711 -0.012288
0.283553 -0.10816 0.049281 -0.268058 -0.193527
0.283553 -0.10816 0.049281 -0.268058 -0.193527
0.250896 -0.096352 0.092623 -0.013467 -0.075487
0.226546 -0.189503 0.026626 -0.088322 0.039206
0.226546 -0.189503 0.026626 -0.088322 0.039206
0.226546 -0.189503 0.026626 -0.088322 0.039206
0.226546 -0.189503 0.026626 -0.088322 0.039206
0.226546 -0.189503 0.026626 -0.088322 0.039206
0.215504 -0.165435 0.094816 0.193479 0.022608
0.193523 -0.245081 -0.010077 0.15157 0.271547
0.193523 -0.245081 -0.010077 0.15157 0.271547
0.193523 -0.245081 -0.010077 0.15157 0.271547
0.207531 -0.249191 0.019319 0.119817 0.087835
0.207531 -0.249191 0.019319 0.119817 0.087835
0.316987 -0.058167 0.105974 0.113093 0.086037
0.222223 -0.199829 0.017476 -0.265468 -0.064858
0.25982 -0.09983 0.048922 -0.221693 -0.050484
0.225291 -0.112675 0.014968 -0.250701 -0.03489
0.225291 -0.112675 0.014968 -0.250701 -0.03489
0.17907 -0.169597 -0.01936 -0.282842 -0.049189
0.246932 -0.084088 0.026347 -0.15145 -0.017194
0.266886 -0.06082 0.076546 -0.0256 0.028122
0.158224 -0.078105 0.048099 -0.011863 -0.015521
0.307311 -0.01719 0.167656 0.043031 -0.186872
0.167358 -0.135231 0.057168 0.02216 -0.025883
0.264114 -0.150709 0.093661 0.276622 0.100641
0.224797 -0.224036 0.054304 0.308633 0.253472
0.224797 -0.224036 0.054304 0.308633 0.253472
0.224797 -0.224036 0.054304 0.308633 0.253472
0.20309 -0.211508 0.089816 0.37076 0.120438
0.089138 -0.279749 0.009896 0.207803 0.114157
0.089138 -0.279749 0.009896 0.207803 0.114157
0.096258 -0.276636 0.024171 0.25414 0.205825
0.032674 -0.333546 -0.082693 0.107657 0.304112
0.233709 -0.088286 0.141814 0.229263 -0.00356
0.233709 -0.088286 0.141814 0.229263 -0.00356
0.091111 -0.317372 -0.083992 -0.014921 0.31467
0.091111 -0.317372 -0.083992 -0.014921 0.31467
0.144024 -0.256101 -0.08168 -0.187182 0.252565
0.144024 -0.256101 -0.08168 -0.187182 0.252565
0.223215 -0.211915 0.029688 0.142537 0.306389
0.135143 -0.32451 -0.030262 0.122462 0.399641
0.12999 -0.334443 -0.03632 -0.087414 0.204894
0.120633 -0.281082 -0.047651 -0.023121 0.269437
0.130617 -0.301849 -0.008883 -0.118578 0.033547
0.130617 -0.301849 -0.008883 -0.118578 0.033547
0.130617 -0.301849 -0.008883 -0.118578 0.033547
0.161786 -0.242552 -0.083167 -0.538209 -0.015658
0.161786 -0.242552 -0.083167 -0.538209 -0.015658
0.161786 -0.242552 -0.083167 -0.538209 -0.015658
0.161786 -0.242552 -0.083167 -0.538209 -0.015658
0.201655 -0.157006 -0.048519 -0.618566 -0.233289
0.201655 -0.157006 -0.048519 -0.618566 -0.233289
0.201655 -0.157006 -0.048519 -0.618566 -0.233289
0.201655 -0.157006 -0.048519 -0.618566 -0.233289
0.201655 -0.157006 -0.048519 -0.618566 -0.233289
0.111809 -0.196068 -0.073031 -0.252676 0.192794
0.123158 -0.186681 -0.031328 -0.283278 -0.076594
0.136496 -0.159385 -0.060051 -0.32253 0.046799
0.136496 -0.159385 -0.060051 -0.32253 0.046799
0.136496 -0.159385 -0.060051 -0.32253 0.046799
0.021594 -0.233108 -0.103782 -0.398476 -0.016559
0.021594 -0.233108 -0.103782 -0.398476 -0.016559
-0.038233 -0.369661 -0.136291 -0.139267 0.22275
0.031039 -0.382412 -0.148608 -0.02457 0.457121
0.100109 -0.320564 -0.065481 -0.051428 0.265376
0.131289 -0.326195 -0.040124 0.015511 0.219421
0.176098 -0.299539 -0.01038 0.093618 0.247685
0.19184 -0.275121 -0.01293 0.111179 0.333253
0.21595 -0.218567 0.057726 0.172405 0.24837
0.301331 -0.151462 0.130983 0.339728 0.199265
0.300197 -0.168948 0.113478 -0.035643 0.017639
0.277374 -0.180506 0.113311 -0.01898 -0.079813
0.267109 -0.146232 0.143905 0.179611 0.023742
0.140555 -0.327816 -0.020544 -0.199543 -0.035559
0.122709 -0.317559 0.026254 0.036975 -0.077859
0.155534 -0.25314 0.050299 -0.103259 -0.177797
0.155534 -0.25314 0.050299 -0.103259 -0.177797
0.155534 -0.25314 0.050299 -0.103259 -0.177797
0.133979 -0.272955 0.040631 0.233591 0.178833
0.253377 -0.159988 0.132554 0.183826 -0.054071
0.183562 -0.193951 0.109114 0.28675 0.092196
0.146563 -0.166736 0.002689 0.170123 0.272227
0.18867 -0.099102 0.05277 -0.027888 0.009726
0.18867 -0.099102 0.05277 -0.027888 0.009726
0.162001 -0.140532 0.025169 -0.329775 -0.220969
0.162001 -0.140532 0.025169 -0.329775 -0.220969
0.114588 -0.165594 0.049006 -0.181397 -0.247898
0.110975 -0.267732 0.041785 0.123977 -0.004045
0.111744 -0.452275 -0.014502 0.008368 0.119235
0.153561 -0.266437 -0.014558 -0.227307 -0.157449
0.174586 -0.187649 0.009465 -0.119619 -0.133629
0.023911 -0.397166 -0.062285 0.451271 0.3795
0.023911 -0.397166 -0.062285 0.451271 0.3795
0.023911 -0.397166 -0.062285 0.451271 0.3795
0.030747 -0.288455 -0.064402 0.216021 0.383646
0.055344 -0.272555 -0.01682 0.156101 0.173336
0.055344 -0.272555 -0.01682 0.156101 0.173336
0.172801 -0.123969 0.109252 0.10961 -0.129091
0.228263 -0.070243 0.12253 0.127687 -0.127091
0.243831 -0.053909 0.096924 -0.113555 -0.230642
0.243831 -0.053909 0.096924 -0.113555 -0.230642
0.233856 -0.076209 0.11553 -0.034147 -0.206302
0.233856 -0.076209 0.11553 -0.034147 -0.206302
0.233856 -0.076209 0.11553 -0.034147 -0.206302
0.233856 -0.076209 0.11553 -0.034147 -0.206302
0.233856 -0.076209 0.11553 -0.034147 -0.206302
0.184345 -0.209704 0.022191 -0.188703 -0.061267
0.242541 -0.125148 0.066564 -0.11689 -0.058487
0.242541 -0.125148 0.066564 -0.11689 -0.058487
0.242541 -0.125148 0.066564 -0.11689 -0.058487
0.155295 -0.201072 0.015998 -0.009938 0.176917
0.207469 -0.126434 -0.014044 -0.288545 -0.01338
0.205766 -0.173664 -0.028606 -0.426544 -0.124775
0.205766 -0.173664 -0.028606 -0.426544 -0.124775
0.205766 -0.173664 -0.028606 -0.426544 -0.124775
0.205766 -0.173664 -0.028606 -0.426544 -0.124775
0.205766 -0.173664 -0.028606 -0.426544 -0.124775
0.205766 -0.173664 -0.028606 -0.426544 -0.124775
0.205766 -0.173664 -0.028606 -0.426544 -0.124775
0.205766 -0.173664 -0.028606 -0.426544 -0.124775
0.205766 -0.173664 -0.028606 -0.426544 -0.124775
0.205766 -0.173664 -0.028606 -0.426544 -0.124775
0.205766 -0.173664 -0.028606 -0.426544 -0.124775
0.205766 -0.173664 -0.028606 -0.426544 -0.124775
0.205766 -0.173664 -0.028606 -0.426544 -0.124775
0.18799 -0.230154 -0.012871 -0.234323 0.066562
0.158096 -0.121338 0.045188 -0.025505 -0.053674
0.072618 -0.150566 -0.008791 -0.092907 0.052085
0.22278 -0.06257 0.051246 -0.102559 0.033863
0.197608 -0.094493 0.015764 0.065162 0.176134
0.16973 -0.276628 -0.076992 -0.25958 0.15648
0.090523 -0.244444 -0.164464 -0.464077 0.187964
0.090523 -0.244444 -0.164464 -0.464077 0.187964
0.146467 -0.16271 -0.089004 -0.152017 0.307747
0.204246 -0.143147 -0.023769 -0.310117 0.021843
0.204246 -0.143147 -0.023769 -0.310117 0.021843
0.191395 -0.127689 0.007683 -0.222966 -0.048137
0.247226 -0.062524 0.03433 -0.274653 -0.141406
0.163163 -0.140081 -0.0436 -0.542456 -0.11591
0.163163 -0.140081 -0.0436 -0.542456 -0.11591
0.117033 -0.258586 -0.071902 -0.120426 0.292397
0.134111 -0.247343 -0.069468 -0.29243 0.119232
0.134111 -0.247343 -0.069468 -0.29243 0.119232
0.134111 -0.247343 -0.069468 -0.29243 0.119232
0.134111 -0.247343 -0.069468 -0.29243 0.119232
0.153466 -0.275131 -0.002818 -0.002592 0.066202
0.185369 -0.147704 0.040694 -0.189438 -0.180041
0.185369 -0.147704 0.040694 -0.189438 -0.180041
0.113462 -0.258203 0.054551 0.25346 0.108517
0.07646 -0.380127 0.023049 0.211716 0.197643
0.028829 -0.299721 -0.061294 -0.281628 -0.172712
0.028829 -0.299721 -0.061294 -0.281628 -0.172712
0.092875 -0.268938 -0.036785 -0.354441 -0.169687
0.081034 -0.349446 -0.100904 -0.33807 0.088354
0.081434 -0.278089 -0.061739 -0.166066 0.124898
0.151062 -0.222439 0.012113 0.059371 0.110493
0.133301 -0.280855 -0.018476 -0.00073 0.132581
0.133301 -0.280855 -0.018476 -0.00073 0.132581
0.170123 -0.203065 0.055317 0.282193 0.134705
0.182446 -0.174286 0.062257 0.240589 0.088649
0.19705 -0.243263 0.011369 0.224002 0.361295
0.19705 -0.243263 0.011369 0.224002 0.361295
0.266116 -0.194747 0.029311 0.169218 0.324632
0.249657 -0.067394 0.05376 0.016588 0.22259
0.316575 -0.058377 0.157156 0.002559 -0.123767
0.359042 -0.002222 0.182511 -0.011465 -0.183053
0.359042 -0.002222 0.182511 -0.011465 -0.183053
0.342223 -0.034388 0.166345 -0.029933 -0.154631
0.342223 -0.034388 0.166345 -0.029933 -0.154631
0.342223 -0.034388 0.166345 -0.029933 -0.154631
0.3297 -0.076792 0.096635 0.070859 0.156338
0.3297 -0.076792 0.096635 0.070859 0.156338
0.202613 -0.182472 0.05965 0.341599 0.248574
0.150799 -0.16777 -0.0046 -0.068003 0.034224
0.159003 -0.180007 0.000682 0.02313 0.131318
0.159003 -0.180007 0.000682 0.02313 0.131318
0.175087 -0.122573 0.024076 0.074938 0.149588
0.168477 -0.157395 0.008339 -0.005933 0.077949
0.168477 -0.157395 0.008339 -0.005933 0.077949
0.223105 -0.109709 0.022837 -0.303255 -0.13474
0.223105 -0.109709 0.022837 -0.303255 -0.13474
0.223105 -0.109709 0.022837 -0.303255 -0.13474
0.215045 -0.0249 0.078755 -0.100103 -0.044848
0.215045 -0.0249 0.078755 -0.100103 -0.044848
0.234748 0.022556 0.13425 0.256595 0.108522
0.209943 -0.074822 0.033789 -0.036328 0.100493
0.209943 -0.074822 0.033789 -0.036328 0.100493
0.142539 -0.142107 -0.019372 0.05204 0.334031
0.098469 -0.210916 -0.01385 0.149177 0.377607
0.073999 -0.257392 -0.066786 -0.110383 0.100189
0.183509 -0.168387 -0.005736 -0.042969 0.118516
0.183509 -0.168387 -0.005736 -0.042969 0.118516
0.183509 -0.168387 -0.005736 -0.042969 0.118516
0.183509 -0.168387 -0.005736 -0.042969 0.118516
0.259807 -0.07262 0.057663 -0.009774 -0.067078
0.317212 0.016658 0.145108 -0.112894 -0.299945
0.317212 0.016658 0.145108 -0.112894 -0.299945
0.298455 -0.053199 0.117622 -0.14617 -0.265006
0.229196 -0.103146 0.092966 0.063885 -0.07865
0.135076 -0.178078 -0.045048 -0.088574 0.104953
0.135076 -0.178078 -0.045048 -0.088574 0.104953
0.200209 -0.069766 0.006788 -0.446466 -0.131535
0.200209 -0.069766 0.006788 -0.446466 -0.131535
0.182185 -0.054746 0.053935 -0.191494 -0.096611
0.182185 -0.054746 0.053935 -0.191494 -0.096611
0.182185 -0.054746 0.053935 -0.191494 -0.096611
0.182185 -0.054746 0.053935 -0.191494 -0.096611
0.20861 -0.133638 0.072075 0.321757 0.353853
0.038657 -0.338693 -0.132173 -0.142299 0.201636
0.094857 -0.266602 -0.072172 -0.049667 0.147748
0.197245 -0.18159 0.125664 0.365424 0.1807
0.197245 -0.18159 0.125664 0.365424 0.1807
0.161292 -0.235309 0.117441 0.323415 0.135841
0.157054 -0.115384 0.102697 0.183662 0.060748
0.241923 -0.033639 0.108301 0.022738 -0.056782
0.165142 -0.094373 0.08523 0.161913 -0.016294
0.087934 -0.272002 -0.019552 0.057059 0.049997
0.092367 -0.245602 -0.017681 -0.13821 -0.11342
0.14084 -0.215003 -0.034816 -0.323332 -0.118403
0.14084 -0.215003 -0.034816 -0.323332 -0.118403
0.148822 -0.213997 -0.01508 -0.107382 -0.009168
0.094027 -0.198341 -0.03036 -0.179854 -0.08019
0.178876 -0.154198 0.039015 -0.061507 -0.01607
0.201939 -0.180732 0.086972 -0.093635 -0.168815
0.169827 -0.213789 0.081325 0.071999 -0.00301
0.169827 -0.213789 0.081325 0.071999 -0.00301
0.169827 -0.213789 0.081325 0.071999 -0.00301
0.240853 -0.068981 0.153693 0.11796 -0.097103
0.240853 -0.068981 0.153693 0.11796 -0.097103
0.240853 -0.068981 0.153693 0.11796 -0.097103
0.208639 -0.039352 0.069228 0.091384 0.151749
0.208639 -0.039352 0.069228 0.091384 0.151749
0.208639 -0.039352 0.069228 0.091384 0.151749
0.266317 0.058656 0.120605 0.289188 0.194657
0.266317 0.058656 0.120605 0.289188 0.194657
0.369347 0.094071 0.152414 -0.066185 -0.069723
0.369347 0.094071 0.152414 -0.066185 -0.069723
0.35862 0.107767 0.130865 -0.056983 0.011375
0.340425 -0.025074 0.107601 0.17241 0.160866
0.263084 -0.023447 0.020703 -0.342868 -0.190982
0.274772 -0.059581 0.018672 -0.566673 -0.301018
0.274772 -0.059581 0.018672 -0.566673 -0.301018
0.216711 -0.120526 0.047352 -0.198975 -0.123369
0.21348 -0.025278 0.048654 -0.280326 -0.257144
0.161069 -0.124871 -0.024391 -0.2032 0.019187
0.161069 -0.124871 -0.024391 -0.2032 0.019187
0.246391 -0.131899 -0.012764 -0.368765 -0.119525
0.246391 -0.131899 -0.012764 -0.368765 -0.119525
0.23965 -0.171622 0.030148 -0.246354 -0.119829
0.284702 -0.079104 0.125072 -0.138587 -0.234488
0.207676 -0.180609 0.001677 -0.314655 -0.141394
0.207676 -0.180609 0.001677 -0.314655 -0.141394
0.207676 -0.180609 0.001677 -0.314655 -0.141394
0.222211 -0.131644 0.091271 0.021081 -0.085426
0.189275 -0.173657 0.033413 -0.133541 -0.005295
0.189275 -0.173657 0.033413 -0.133541 -0.005295
0.108732 -0.2912 -0.022253 -0.058318 0.106012
0.108732 -0.2912 -0.022253 -0.058318 0.106012
0.013311 -0.479776 -0.100968 0.134717 0.329128
0.013311 -0.479776 -0.100968 0.134717 0.329128
0.013311 -0.479776 -0.100968 0.134717 0.329128
0.085952 -0.307929 -0.082221 -0.152377 0.208376
0.163606 -0.246965 -0.020785 -0.340298 -0.116462
0.163606 -0.246965 -0.020785 -0.340298 -0.116462
0.153249 -0.153256 0.00894 -0.458881 -0.399396
0.153249 -0.153256 0.00894 -0.458881 -0.399396
0.153249 -0.153256 0.00894 -0.458881 -0.399396
0.094224 -0.178177 -0.042915 -0.364477 -0.165531
0.07016 -0.148215 -0.024804 -0.281247 -0.110317
0.187225 -0.049837 0.076247 -0.266709 -0.390222
0.144201 -0.141851 0.012852 -0.318731 -0.246292
0.144201 -0.141851 0.012852 -0.318731 -0.246292
0.05136 -0.153804 -0.076852 -0.522785 -0.09221
0.18678 0.063586 0.082545 -0.477463 -0.453796
0.254108 -0.030797 0.109307 -0.002596 -0.052684
0.218061 -0.057854 0.026444 -0.160663 -0.000197
0.270611 0.028029 0.054061 -0.073112 0.059053
0.167683 -0.068787 -0.025354 0.08542 0.419654
0.182518 -0.105478 -0.02948 -0.306931 -0.047939
0.182518 -0.105478 -0.02948 -0.306931 -0.047939
0.163087 -0.099974 -0.006821 -0.007883 0.191799
0.163087 -0.099974 -0.006821 -0.007883 0.191799
0.195144 -0.074781 0.019538 -0.100946 0.066889
0.189613 -0.154281 0.055625 0.038259 -0.053203
0.180224 -0.216681 0.03174 0.064014 0.042682
0.179002 -0.169824 0.059113 -0.032955 -0.077068
0.113341 -0.278085 -0.004697 -0.058767 -0.001384
0.260738 -0.074513 0.037167 -0.250266 -0.042027
0.154919 -0.147083 0.15057 0.234571 -0.042027
0.083018 -0.25425 0.054546 0.138173 0.145724
0.042401 -0.287928 -0.043007 -0.180337 0.059625
0.112115 -0.26865 -0.00447 -0.341076 -0.143613
0.094855 -0.243509 -0.017907 -0.164624 -0.00012
0.233829 -0.074975 0.087636 0.201695 0.135479
0.163684 -0.219107 0.054201 0.129777 0.02349
0.187721 -0.202556 0.041359 0.005767 -0.074605
0.213996 -0.148444 0.019932 -0.023984 0.076593
0.188793 -0.178439 0.010522 -0.073703 -0.025444
0.154577 -0.195198 -0.016464 0.056884 0.242975
0.288531 -0.060759 0.116178 0.302558 0.168527
0.288531 -0.060759 0.116178 0.302558 0.168527
0.255536 -0.192729 0.093698 0.224298 0.10936
0.255536 -0.192729 0.093698 0.224298 0.10936
0.137282 -0.206643 -0.043612 -0.126296 0.089816
0.137282 -0.206643 -0.043612 -0.126296 0.089816
0.167045 -0.104343 0.029856 -0.26282 -0.15839
0.167045 -0.104343 0.029856 -0.26282 -0.15839
0.167045 -0.104343 0.029856 -0.26282 -0.15839
0.184239 -0.15682 -0.045706 -0.33493 0.000995
0.268988 -0.050299 0.068984 -0.212127 -0.177422
0.228562 -0.107297 0.053936 -0.079637 -0.083993
0.270695 -0.137013 0.085198 0.264927 0.118928
0.270695 -0.137013 0.085198 0.264927 0.118928
0.206256 -0.196666 0.022643 0.242469 0.223207
0.206256 -0.196666 0.022643 0.242469 0.223207
0.230847 -0.142818 0.057932 0.348482 0.351635
0.097273 -0.302915 -0.061028 -0.164875 0.09169
0.097273 -0.302915 -0.061028 -0.164875 0.09169
0.112311 -0.225357 0.010542 -0.028948 0.003817
0.112311 -0.225357 0.010542 -0.028948 0.003817
0.112311 -0.225357 0.010542 -0.028948 0.003817
0.169052 -0.126104 -0.004724 0.046907 0.247628
0.221067 -0.116238 0.078143 -0.020019 0.016671
0.155377 -0.134767 0.022747 -0.23801 -0.10192
0.155377 -0.134767 0.022747 -0.23801 -0.10192
0.155377 -0.134767 0.022747 -0.23801 -0.10192
0.155377 -0.134767 0.022747 -0.23801 -0.10192
0.155377 -0.134767 0.022747 -0.23801 -0.10192
0.155377 -0.134767 0.022747 -0.23801 -0.10192
0.17733 -0.148272 0.023777 -0.317781 -0.110288
0.186879 -0.158084 -0.020312 -0.555841 -0.175759
0.149722 -0.236044 -0.031917 -0.260084 0.033805
0.149722 -0.236044 -0.031917 -0.260084 0.033805
0.1665 -0.235412 -0.021991 -0.264963 -0.029407
0.1665 -0.235412 -0.021991 -0.264963 -0.029407
0.19193 -0.203627 0.010814 -0.125358 -0.050506
0.150347 -0.135328 0.030093 -0.132577 -0.203956
0.192813 -0.108208 0.043395 0.0613 -0.002788
0.242479 -0.031159 0.089926 0.024802 -0.080436
0.164758 -0.211477 0.014754 -0.088053 0.033901
0.225486 -0.166432 0.05593 -0.025283 0.086266
0.225486 -0.166432 0.05593 -0.025283 0.086266
0.195355 -0.234447 -0.005379 -0.005379 0.032794
0.195355 -0.234447 -0.005379 -0.005379 0.032794
0.243146 -0.118392 0.091506 -0.098605 -0.353789
0.199277 -0.240376 0.008327 -0.27034 -0.280612
0.197869 -0.210557 -0.001654 -0.396958 -0.288057
0.005479 -0.347656 -0.099598 -0.082943 0.116707
0.015362 -0.426305 -0.088174 -0.100454 0.016349
0.167565 -0.267419 0.005538 -0.09422 -0.089379
0.270672 -0.076732 0.123896 0.175302 0.027694
0.270672 -0.076732 0.123896 0.175302 0.027694
0.225053 -0.058295 0.140123 0.258287 0.004018
0.225053 -0.058295 0.140123 0.258287 0.004018
0.245239 -0.023325 0.092838 -0.109588 -0.125315
0.264377 0.003602 0.124498 0.071321 -0.087558
0.300435 0.021894 0.131458 -0.011996 -0.089549
0.300435 0.021894 0.131458 -0.011996 -0.089549
0.246901 -0.125987 0.078331 -0.142893 -0.167675
0.153945 -0.167874 0.007137 -0.320127 -0.141182
0.128047 -0.270184 -0.04115 -0.340675 -0.109071
0.128047 -0.270184 -0.04115 -0.340675 -0.109071
0.050605 -0.325569 -0.070553 0.088982 0.342143
0.050605 -0.325569 -0.070553 0.088982 0.342143
0.086998 -0.245934 -0.07525 -0.203769 0.18711
0.039157 -0.390468 -0.064495 -0.01787 0.164842
0.171988 -0.195426 0.025588 -0.009047 0.108879
0.172388 -0.194858 0.064258 -0.009936 -0.013208
0.095569 -0.199952 0.015735 0.090674 0.291921
0.127178 -0.274788 0.007878 0.12692 0.243845
0.199527 -0.129122 0.068145 -0.063002 0.045801
0.17686 -0.100559 0.054645 0.029421 0.152696
0.22042 -0.15792 0.048365 0.006233 0.18148
0.234396 -0.053794 0.053401 -0.048479 0.071134
0.110033 -0.204717 0.028773 0.109035 0.140986
0.110033 -0.204717 0.028773 0.109035 0.140986
0.190443 -0.158717 -0.045085 -0.218446 0.184411
0.218558 -0.30278 -0.040751 -0.479002 -0.138975
0.218558 -0.30278 -0.040751 -0.479002 -0.138975
0.242148 -0.296064 -0.009326 -0.217817 0.004871
0.227117 -0.290544 0.089615 0.293116 0.181511
0.187977 -0.215585 0.09791 0.470221 0.268208
0.187977 -0.215585 0.09791 0.470221 0.268208
0.187977 -0.215585 0.09791 0.470221 0.268208
0.187977 -0.215585 0.09791 0.470221 0.268208
0.187977 -0.215585 0.09791 0.470221 0.268208
0.201733 -0.212014 0.033238 -0.068227 -0.029493
0.166723 -0.164726 0.030983 -0.14439 -0.131398
0.113055 -0.212759 0.007975 0.014272 0.052548
0.181006 -0.224344 -0.02053 -0.50355 -0.23356
0.181006 -0.224344 -0.02053 -0.50355 -0.23356
0.181006 -0.224344 -0.02053 -0.50355 -0.23356
0.181006 -0.224344 -0.02053 -0.50355 -0.23356
0.181006 -0.224344 -0.02053 -0.50355 -0.23356
0.181006 -0.224344 -0.02053 -0.50355 -0.23356
0.135092 -0.275479 -0.011976 -0.108729 0.023898
0.192917 -0.195935 0.060363 0.08512 0.02237
0.059485 -0.348968 -0.077399 0.026645 0.242021
0.167393 -0.269649 0.015736 0.010331 0.052991
0.259476 -0.212038 0.049505 -0.154565 -0.083531
0.123565 -0.297634 -0.001289 0.084619 0.114237
0.150307 -0.237619 0.024691 -0.180436 -0.062548
0.216433 -0.194698 0.057057 -0.186099 -0.087142
0.167822 -0.177236 -0.002773 -0.51063 -0.254098
0.167822 -0.177236 -0.002773 -0.51063 -0.254098
0.167822 -0.177236 -0.002773 -0.51063 -0.254098
0.167822 -0.177236 -0.002773 -0.51063 -0.254098
0.167822 -0.177236 -0.002773 -0.51063 -0.254098
0.167822 -0.177236 -0.002773 -0.51063 -0.254098
0.167822 -0.177236 -0.002773 -0.51063 -0.254098
0.167822 -0.177236 -0.002773 -0.51063 -0.254098
0.212345 -0.084281 0.040299 -0.611961 -0.41508
0.212345 -0.084281 0.040299 -0.611961 -0.41508
0.212345 -0.084281 0.040299 -0.611961 -0.41508
0.212345 -0.084281 0.040299 -0.611961 -0.41508
0.212345 -0.084281 0.040299 -0.611961 -0.41508
0.212345 -0.084281 0.040299 -0.611961 -0.41508
0.212345 -0.084281 0.040299 -0.611961 -0.41508
0.04495 -0.256108 -0.051375 -0.127405 0.180741
0.13758 -0.106318 0.022884 -0.246541 -0.059576
0.110222 -0.116963 -0.032632 -0.315438 0.016785
0.110222 -0.116963 -0.032632 -0.315438 0.016785
0.101335 -0.163349 -0.060603 -0.180228 0.158289
0.073509 -0.193881 -0.077826 -0.192428 0.013083
0.079973 -0.19237 -0.048376 -0.070088 0.128805
0.116708 -0.153875 0.011644 0.056362 0.138178
0.176041 -0.18123 0.041487 -0.207758 -0.134941
0.156824 -0.132114 0.063138 0.054591 0.001955
0.156824 -0.132114 0.063138 0.054591 0.001955
0.17243 -0.224171 0.025451 0.002775 0.024887
0.120417 -0.398938 -0.108072 -0.274138 0.088896
0.2431 -0.137776 0.033017 -0.173498 -0.083258
0.172442 -0.162695 -0.008488 -0.218183 -0.012948
0.025432 -0.287814 -0.132317 -0.27063 0.152734
0.025432 -0.287814 -0.132317 -0.27063 0.152734
0.025432 -0.287814 -0.132317 -0.27063 0.152734
0.059331 -0.230094 -0.076466 -0.136873 0.178271
0.150524 -0.167221 -0.043337 -0.110862 0.234922
0.022514 -0.272853 -0.124986 -0.199999 0.173725
0.042658 -0.180863 -0.061674 -0.208475 0.005547
0.042658 -0.180863 -0.061674 -0.208475 0.005547
-0.002597 -0.199654 -0.100933 -0.322256 0.062606
0.009801 -0.295093 -0.128282 -0.214814 0.294855
0.085811 -0.24056 0.004471 0.005242 0.102756
0.131174 -0.282687 0.006815 0.135188 0.159889
0.06799 -0.394816 -0.055751 0.01747 0.128368
0.189554 -0.322752 0.028509 0.00648 0.049736
0.163066 -0.286226 -0.005479 -0.083077 0.159563
0.044983 -0.400692 -0.029291 0.111582 0.217008
0.076283 -0.306631 0.034503 0.391176 0.267536
0.14502 -0.184325 0.03082 -0.091975 0.027223
0.171459 -0.194587 0.080759 0.097725 0.014977
0.310819 0.03253 0.151906 -0.025979 -0.1623
0.214905 -0.069021 0.03643 -0.173599 -0.034784
0.054062 -0.26435 -0.086735 -0.347614 0.022316
0.064929 -0.277664 -0.016531 -0.103374 0.040444
0.095055 -0.224409 0.006844 0.213983 0.242716
0.095055 -0.224409 0.006844 0.213983 0.242716
0.106262 -0.207652 0.00967 0.090368 0.237766
0.168096 -0.213655 -0.000455 -0.358064 -0.199123
0.168096 -0.213655 -0.000455 -0.358064 -0.199123
0.126337 -0.251986 0.006363 -0.227295 -0.214734
0.141852 -0.290236 -0.01876 -0.132944 -0.051741
0.147573 -0.284576 -0.00957 -0.258727 -0.087775
0.130102 -0.227914 0.001377 0.011808 0.045467
0.101915 -0.299686 -0.031178 -0.010986 0.21255
0.118013 -0.229534 0.001931 0.02653 0.096073
0.12322 -0.229379 0.01492 -0.01133 -0.032364
0.175869 -0.083856 0.009645 -0.222113 -0.085861
0.175869 -0.083856 0.009645 -0.222113 -0.085861
0.130316 -0.228212 -0.049192 -0.306646 -0.06363
0.130316 -0.228212 -0.049192 -0.306646 -0.06363
0.130316 -0.228212 -0.049192 -0.306646 -0.06363
0.157024 -0.20216 -0.009526 -0.105114 0.020323
0.154919 -0.209854 0.0107 0.026309 0.093401
0.154919 -0.209854 0.0107 0.026309 0.093401
0.077505 -0.321793 -0.130947 -0.163742 0.323334
0.077505 -0.321793 -0.130947 -0.163742 0.323334
0.19299 -0.152274 -0.03344 0.003831 0.293074
0.19299 -0.152274 -0.03344 0.003831 0.293074
0.19299 -0.152274 -0.03344 0.003831 0.293074
0.214434 -0.096152 0.010985 0.015402 0.259472
0.281921 0.019575 0.141886 0.195423 0.077935
0.265492 -0.110556 0.053376 -0.019134 0.133334
0.219317 -0.094888 0.025206 -0.01491 0.17394
0.242142 -0.085081 0.054028 -0.044805 0.085557
0.242142 -0.085081 0.054028 -0.044805 0.085557
0.198055 -0.14192 0.012887 -0.0504 0.166391
0.198055 -0.14192 0.012887 -0.0504 0.166391
0.222116 -0.049131 0.034066 -0.184798 -0.057429
0.057959 -0.268783 -0.095246 0.022052 0.211414
0.119822 -0.171005 -0.057436 -0.235236 -0.079051
0.119822 -0.171005 -0.057436 -0.235236 -0.079051
0.215486 -0.090028 0.076417 -0.243668 -0.392403
0.215486 -0.090028 0.076417 -0.243668 -0.392403
0.117889 -0.151363 -0.034024 -0.359081 -0.063628
0.12057 -0.16798 -0.058642 -0.22644 0.085334
0.12057 -0.16798 -0.058642 -0.22644 0.085334
0.172312 -0.140479 0.037836 0.158256 0.139058
0.176909 -0.158673 0.006475 0.028484 0.075659
0.172047 -0.22723 -0.055632 -0.121531 0.15619
0.179107 -0.268783 -0.026362 0.037873 0.266782
0.118576 -0.38227 -0.074596 0.001669 0.247647
0.118576 -0.38227 -0.074596 0.001669 0.247647
0.118576 -0.38227 -0.074596 0.001669 0.247647
0.118576 -0.38227 -0.074596 0.001669 0.247647
0.222628 -0.18772 -0.046935 -0.366056 0.018306
0.28128 -0.044801 0.116519 0.099991 -0.016796
0.366004 -0.004702 0.169549 0.162056 -0.044052
0.366004 -0.004702 0.169549 0.162056 -0.044052
0.286282 -0.10659 0.117308 -0.00874 -0.024154
0.323287 -0.009085 0.187902 0.128932 -0.164585
0.276639 -0.112756 0.124931 0.099603 -0.135448
0.203992 -0.125805 0.117605 0.144991 0.00336
0.097263 -0.227372 -0.032483 -0.081684 0.190913
0.025879 -0.337342 -0.10211 -0.258452 0.097957
0.156277 -0.206168 -0.049946 -0.427561 -0.052439
0.178878 -0.129077 0.009698 -0.092648 0.051795
0.178878 -0.129077 0.009698 -0.092648 0.051795
0.215875 -0.091181 0.043499 -0.159212 -0.060415
0.076067 -0.311539 -0.040963 0.201719 0.389754
0.076067 -0.311539 -0.040963 0.201719 0.389754
0.174817 -0.172855 0.057168 0.299713 0.275983
0.303533 -0.061821 0.11866 0.013439 -0.137637
0.345651 -0.063275 0.159635 0.124665 -0.186408
0.376044 -0.044195 0.159978 0.101416 -0.045042
0.311801 -0.040117 0.105385 -0.310355 -0.234044
0.349457 0.028686 0.180007 -0.060004 -0.245485
0.349457 0.028686 0.180007 -0.060004 -0.245485
0.384332 0.075832 0.197153 -0.088311 -0.351227
0.384332 0.075832 0.197153 -0.088311 -0.351227
0.286446 -0.101128 0.113758 0.242225 0.03056
0.184191 -0.230046 0.065919 -0.092533 -0.157076
0.184191 -0.230046 0.065919 -0.092533 -0.157076
0.187828 -0.214943 0.101098 0.124976 -0.050795
0.188249 -0.171581 0.093877 0.015949 -0.036042
0.248864 -0.097767 0.13561 0.012653 -0.126621
0.287164 -0.033478 0.214305 0.280912 -0.15998
0.287164 -0.033478 0.214305 0.280912 -0.15998
0.287164 -0.033478 0.214305 0.280912 -0.15998
0.308474 -0.035258 0.192528 0.233343 -0.038755
0.308474 -0.035258 0.192528 0.233343 -0.038755
0.206972 -0.089913 0.100116 0.313483 0.189662
0.217369 -0.027094 0.09842 0.044163 0.01751
0.227664 -0.038278 0.099657 -0.129249 -0.183332
0.199547 -0.224954 0.064461 0.078648 -0.053476
0.126914 -0.335751 -0.020874 0.05882 0.149269
0.110775 -0.302967 -0.008878 0.084777 0.113595
0.168656 -0.153269 0.041469 -0.021621 -0.0016
0.200575 -0.114952 0.053776 0.023654 0.059658
0.200575 -0.114952 0.053776 0.023654 0.059658
0.216655 -0.120568 0.080036 -0.193861 -0.189246
0.207869 -0.125342 0.112483 0.042815 -0.077514
0.130694 -0.235347 0.038736 0.101763 0.177348
0.190128 -0.200052 0.075133 0.238762 0.217829
0.040719 -0.366066 -0.060049 0.13698 0.378929
0.216162 -0.090428 0.114947 0.166658 0.084444
0.239852 -0.172656 0.134906 0.161444 -0.04681
0.239852 -0.172656 0.134906 0.161444 -0.04681
0.239852 -0.172656 0.134906 0.161444 -0.04681
0.169848 -0.105724 0.045783 -0.139473 -0.017442
0.249414 -0.012751 0.138123 0.003935 -0.143974
0.240394 -0.129504 0.123201 0.189902 -0.098798
0.240394 -0.129504 0.123201 0.189902 -0.098798
0.190478 -0.108178 0.073244 -0.157167 -0.200821
0.190478 -0.108178 0.073244 -0.157167 -0.200821
0.213624 -0.045274 0.10881 -0.085148 -0.249696
0.184783 -0.047534 0.138404 -0.016737 -0.239172
0.184783 -0.047534 0.138404 -0.016737 -0.239172
0.183482 -0.079682 0.127902 0.073257 -0.000165
0.227787 -0.06259 0.111448 -0.067869 -0.118543
0.195672 -0.139037 0.021791 -0.171103 0.079081
0.237723 -0.051364 0.037484 -0.441271 -0.203142
0.237723 -0.051364 0.037484 -0.441271 -0.203142
0.237723 -0.051364 0.037484 -0.441271 -0.203142
0.128957 -0.132112 -0.002462 -0.274948 -0.054043
0.054316 -0.160617 -0.049455 -0.139639 0.13892
0.054316 -0.160617 -0.049455 -0.139639 0.13892
0.105671 -0.112672 -0.033148 0.015278 0.222858
0.102144 -0.150928 -0.05897 -0.360637 0.053405
0.102144 -0.150928 -0.05897 -0.360637 0.053405
0.102144 -0.150928 -0.05897 -0.360637 0.053405
0.103504 -0.128663 -0.037753 -0.408078 -0.067568
0.103504 -0.128663 -0.037753 -0.408078 -0.067568
0.103504 -0.128663 -0.037753 -0.408078 -0.067568
0.113082 -0.205921 -0.095685 -0.289446 0.211959
0.113082 -0.205921 -0.095685 -0.289446 0.211959
0.107196 -0.151739 -0.078129 -0.271626 0.208971
0.107196 -0.151739 -0.078129 -0.271626 0.208971
0.058286 -0.287948 -0.123087 -0.267424 0.210836
0.058286 -0.287948 -0.123087 -0.267424 0.210836
0.175703 -0.243913 -0.021889 -0.245064 -0.012788
0.307177 -0.001276 0.154574 -0.026345 -0.299993
0.283212 -0.055914 0.081415 -0.315868 -0.332598
0.192891 -0.179277 0.01 -0.004993 -0.010114
0.126757 -0.222489 0.001518 -0.114344 -0.059898
0.237039 -0.110263 0.07766 0.019315 -0.075204
0.237039 -0.110263 0.07766 0.019315 -0.075204
0.256904 -0.080177 0.129611 -0.042393 -0.25184
0.2314 -0.067935 0.117812 -0.217675 -0.323042
0.236969 0.003801 0.202775 0.249625 -0.184105
0.287344 0.056974 0.244338 0.227301 -0.254029
0.277284 0.054633 0.175779 0.311584 0.127835
0.244425 -0.013206 0.121732 0.30487 0.18819
0.172558 -0.229925 0.048798 0.270033 0.264184
0.172558 -0.229925 0.048798 0.270033 0.264184
0.240296 -0.166224 0.020584 -0.139973 0.003285
0.350531 -0.077215 0.109715 -0.117579 -0.178275
0.350531 -0.077215 0.109715 -0.117579 -0.178275
0.243402 -0.146025 0.076702 -0.12414 -0.195435
0.241396 -0.115403 0.066145 -0.173304 -0.229879
0.247514 -0.083389 0.08075 -0.115131 -0.130528
0.247514 -0.083389 0.08075 -0.115131 -0.130528
0.247514 -0.083389 0.08075 -0.115131 -0.130528
0.247514 -0.083389 0.08075 -0.115131 -0.130528
0.171107 -0.198933 -0.036132 -0.086352 0.210254
0.171107 -0.198933 -0.036132 -0.086352 0.210254
0.171107 -0.198933 -0.036132 -0.086352 0.210254
0.194295 -0.133628 -0.000509 0.020734 0.259592
0.194295 -0.133628 -0.000509 0.020734 0.259592
0.214659 -0.096731 0.077473 0.257478 0.254039
0.2428 -0.141514 0.082339 0.154943 0.133491
0.329492 -0.065897 0.155666 0.170689 -0.048367
0.254903 -0.047152 0.096406 0.247114 0.178648
0.254903 -0.047152 0.096406 0.247114 0.178648
0.272706 -0.035256 0.104153 0.178931 0.111128
0.272706 -0.035256 0.104153 0.178931 0.111128
0.203037 -0.153013 -0.001282 -0.343918 -0.079061
0.203037 -0.153013 -0.001282 -0.343918 -0.079061
0.203037 -0.153013 -0.001282 -0.343918 -0.079061
0.203037 -0.153013 -0.001282 -0.343918 -0.079061
0.223345 -0.138493 -0.006937 -0.463755 -0.146739
0.223345 -0.138493 -0.006937 -0.463755 -0.146739
0.223345 -0.138493 -0.006937 -0.463755 -0.146739
0.223345 -0.138493 -0.006937 -0.463755 -0.146739
0.238797 -0.14687 -0.014689 -0.577941 -0.24655
0.238797 -0.14687 -0.014689 -0.577941 -0.24655
0.204937 -0.203543 -0.011595 -0.357101 -0.011476
0.204937 -0.203543 -0.011595 -0.357101 -0.011476
0.204937 -0.203543 -0.011595 -0.357101 -0.011476
0.204937 -0.203543 -0.011595 -0.357101 -0.011476
0.204937 -0.203543 -0.011595 -0.357101 -0.011476
0.204937 -0.203543 -0.011595 -0.357101 -0.011476
0.204937 -0.203543 -0.011595 -0.357101 -0.011476
0.217478 -0.177457 0.006862 -0.139405 0.157833
0.128258 -0.29296 -0.095865 -0.195819 0.282607
0.121767 -0.253874 -0.00542 -0.228176 -0.032117
0.039982 -0.264779 -0.093763 0.024752 0.39666
0.082374 -0.317972 -0.097869 -0.175132 0.216641
0.03266 -0.397752 -0.053425 -0.033317 0.049276
0.03266 -0.397752 -0.053425 -0.033317 0.049276
0.03266 -0.397752 -0.053425 -0.033317 0.049276
0.001873 -0.459853 -0.121298 -0.044848 0.218391
0.092861 -0.219038 0.004001 -0.04461 -0.012246
0.257443 -0.022293 0.158472 0.119786 -0.191818
0.257443 -0.022293 0.158472 0.119786 -0.191818
0.23186 -0.111927 0.084478 -0.044575 -0.154329
0.23186 -0.111927 0.084478 -0.044575 -0.154329
0.220415 -0.09012 0.080289 -0.003005 -0.096304
0.220415 -0.09012 0.080289 -0.003005 -0.096304
0.121688 -0.1674 -0.035185 -0.270108 0.060606
0.20726 -0.054069 0.091058 -0.005548 -0.032925
0.310202 -0.02766 0.175431 0.069643 -0.089887
0.112068 -0.253249 -0.05206 -0.192049 0.123352
0.091602 -0.255689 -0.021189 -0.195454 0.001997
0.140997 -0.22859 0.025514 0.168677 0.219186
0.140226 -0.226755 0.027205 0.170892 0.220521
0.174017 -0.226231 0.036612 0.076661 0.071703
0.135966 -0.261116 -0.003123 0.026433 0.121115
0.135966 -0.261116 -0.003123 0.026433 0.121115
0.14636 -0.27374 0.036622 0.190796 0.177558
0.203322 -0.235859 0.079216 0.074513 -0.05969
0.209054 -0.208334 0.040104 0.016693 0.036428
0.152765 -0.255718 -0.04395 -0.162704 0.025954
0.159232 -0.285842 -0.039081 -0.218572 0.070924
0.213123 -0.184817 0.036889 0.121688 0.205479
0.272431 -0.012728 0.135894 0.264306 0.131421
0.272431 -0.012728 0.135894 0.264306 0.131421
0.20965 -0.164265 0.110235 0.029377 -0.076871
0.22138 -0.084733 0.10589 -0.172115 -0.247106
0.22138 -0.084733 0.10589 -0.172115 -0.247106
0.231334 -0.060789 0.040299 -0.52652 -0.326775
0.231334 -0.060789 0.040299 -0.52652 -0.326775
0.231334 -0.060789 0.040299 -0.52652 -0.326775
0.231334 -0.060789 0.040299 -0.52652 -0.326775
0.231334 -0.060789 0.040299 -0.52652 -0.326775
0.231334 -0.060789 0.040299 -0.52652 -0.326775
0.261185 -0.048063 0.105845 -0.446194 -0.42214
0.261185 -0.048063 0.105845 -0.446194 -0.42214
0.261185 -0.048063 0.105845 -0.446194 -0.42214
0.261185 -0.048063 0.105845 -0.446194 -0.42214
0.261185 -0.048063 0.105845 -0.446194 -0.42214
0.261185 -0.048063 0.105845 -0.446194 -0.42214
0.283199 0.039891 0.134988 -0.151253 -0.244942
0.283199 0.039891 0.134988 -0.151253 -0.244942
0.283199 0.039891 0.134988 -0.151253 -0.244942
0.284466 -0.032164 0.139139 0.019368 -0.066126
0.284466 -0.032164 0.139139 0.019368 -0.066126
0.27552 -0.007525 0.1582 0.117539 -0.059223
0.212326 -0.047964 0.103365 0.042538 -0.037515
0.227953 -0.074706 0.097487 -0.100755 -0.131836
0.222151 -0.0356 0.166085 0.070853 -0.261805
0.263012 0.013172 0.159427 0.21937 -0.10734
0.21632 -0.115803 0.131214 0.124089 -0.104678
0.158071 -0.076022 0.098875 -0.016302 -0.206367
0.127392 -0.094119 -0.042989 -0.089584 0.183672
0.136109 -0.151668 -0.044889 -0.598372 -0.106668
0.136109 -0.151668 -0.044889 -0.598372 -0.106668
0.136109 -0.151668 -0.044889 -0.598372 -0.106668
0.136109 -0.151668 -0.044889 -0.598372 -0.106668
0.136109 -0.151668 -0.044889 -0.598372 -0.106668
0.237895 -0.216592 0.057224 -0.126896 -0.050952
0.305202 -0.182364 0.06788 -0.059882 0.049589
0.348051 -0.105718 0.122611 -0.043089 -0.050407
0.213982 -0.276321 -0.054727 -0.319954 0.040627
0.213982 -0.276321 -0.054727 -0.319954 0.040627
0.213982 -0.276321 -0.054727 -0.319954 0.040627
0.213982 -0.276321 -0.054727 -0.319954 0.040627
0.142662 -0.1899 -0.036904 -0.330369 -0.148688
0.09247 -0.25842 -0.1279 -0.07587 0.32243
0.09247 -0.25842 -0.1279 -0.07587 0.32243
0.09247 -0.25842 -0.1279 -0.07587 0.32243
0.103006 -0.176015 -0.088092 -0.025949 0.363981
0.103006 -0.176015 -0.088092 -0.025949 0.363981
0.076972 -0.303264 -0.102018 0.126257 0.413031
0.127806 -0.277895 -0.059352 0.045169 0.167642
0.162841 -0.167372 -0.022144 -0.006175 0.095285
0.202519 -0.125746 0.072527 0.233101 0.117577
0.179273 -0.201269 -0.001247 -0.06855 0.102124
0.13989 -0.356843 0.002962 0.079044 0.144096
0.13989 -0.356843 0.002962 0.079044 0.144096
0.13989 -0.356843 0.002962 0.079044 0.144096
0.052847 -0.352598 -0.088894 -0.048997 0.166835
0.193216 -0.089537 0.083838 -0.158735 -0.210498
0.193216 -0.089537 0.083838 -0.158735 -0.210498
0.157477 -0.153236 0.036928 -0.031116 0.036372
0.070879 -0.2574 -0.037475 0.249454 0.349741
0.070879 -0.2574 -0.037475 0.249454 0.349741
0.222017 -0.175836 0.074093 0.25962 0.17954
0.216091 -0.137722 0.043691 0.069059 0.117241
0.169826 -0.196462 0.006759 -0.233224 0.008288
0.176033 -0.175635 0.066174 0.000188 -0.080396
0.17706 -0.174963 0.052142 -0.064463 -0.088616
0.17706 -0.174963 0.052142 -0.064463 -0.088616
0.04349 -0.293453 -0.036318 -0.156172 -0.002283
0.085218 -0.268326 -0.019281 0.116338 0.207614
0.085218 -0.268326 -0.019281 0.116338 0.207614
0.085218 -0.268326 -0.019281 0.116338 0.207614
0.085218 -0.268326 -0.019281 0.116338 0.207614
0.071989 -0.236485 -0.042045 -0.146842 0.04677
0.179744 -0.155758 0.03549 -0.118781 -0.058345
0.089187 -0.203274 -0.071153 -0.225831 0.0579
0.079731 -0.265109 -0.01759 -0.346872 -0.26834
0.241631 -0.127545 0.112838 -0.21579 -0.371272
0.241631 -0.127545 0.112838 -0.21579 -0.371272
0.212538 -0.188506 0.058199 -0.062728 -0.112942
0.250707 -0.083853 0.108939 -0.157698 -0.274426
0.250707 -0.083853 0.108939 -0.157698 -0.274426
0.262454 -0.137801 0.113464 -0.029802 -0.135236
0.174486 -0.238153 0.022781 -0.01948 0.073337
0.198833 -0.154649 0.043234 -0.081627 -0.049256
0.208795 -0.094267 0.029787 -0.23191 -0.135512
0.224794 -0.138941 0.086552 -0.028282 -0.139401
0.17586 -0.203036 -0.025566 -0.355519 -0.071626
0.17586 -0.203036 -0.025566 -0.355519 -0.071626
0.17586 -0.203036 -0.025566 -0.355519 -0.071626
0.210376 -0.177049 0.002312 -0.15414 0.045238
0.25528 -0.13118 0.044361 -0.036253 0.006325
0.25528 -0.13118 0.044361 -0.036253 0.006325
0.25528 -0.13118 0.044361 -0.036253 0.006325
0.205148 -0.214101 0.023179 0.008767 0.085629
0.148125 -0.223878 -0.02917 -0.02887 0.147907
0.177339 -0.236277 -0.095404 -0.462466 0.090219
0.079823 -0.331207 -0.090419 -0.01181 0.309869
0.079823 -0.331207 -0.090419 -0.01181 0.309869
0.138783 -0.225686 0.01628 0.203244 0.274934
0.138783 -0.225686 0.01628 0.203244 0.274934
0.138783 -0.225686 0.01628 0.203244 0.274934
0.138783 -0.225686 0.01628 0.203244 0.274934
0.191726 -0.1056 0.080809 0.157264 0.153637
0.163609 -0.147836 0.001148 -0.265947 -0.116326
0.163609 -0.147836 0.001148 -0.265947 -0.116326
0.163609 -0.147836 0.001148 -0.265947 -0.116326
0.153101 -0.198141 0.004016 -0.073364 0.034996
0.176557 -0.195627 0.0974 0.343424 0.050322
0.189778 -0.169653 0.093026 -0.139212 -0.347466
0.189778 -0.169653 0.093026 -0.139212 -0.347466
0.280261 0.003878 0.101262 -0.335856 -0.363241
0.286148 -0.055074 0.092464 -0.244661 -0.236913
0.286148 -0.055074 0.092464 -0.244661 -0.236913
0.286148 -0.055074 0.092464 -0.244661 -0.236913
0.16901 -0.205469 0.001294 -0.253945 -0.186811
0.196089 -0.140868 -0.009729 -0.343338 -0.169014
0.178042 -0.246604 -0.023574 -0.209995 -0.074545
0.255365 -0.139773 0.057849 -0.183285 -0.237179
0.313196 -0.012647 0.158461 0.012928 -0.251947
0.420648 0.012078 0.251972 0.361957 -0.115513
0.24932 -0.13468 0.077622 0.251009 0.300163
0.24932 -0.13468 0.077622 0.251009 0.300163
0.24932 -0.13468 0.077622 0.251009 0.300163
0.24932 -0.13468 0.077622 0.251009 0.300163
0.24932 -0.13468 0.077622 0.251009 0.300163
0.18152 -0.246401 -0.001495 0.123591 0.284213
0.18152 -0.246401 -0.001495 0.123591 0.284213
0.261737 -0.181055 0.015919 -0.242652 -0.064082
0.210292 -0.251021 0.028469 -0.087794 -0.115865
0.280006 -0.176386 0.056462 -0.214332 -0.238353
0.146489 -0.374263 -0.081494 -0.194663 0.113633
0.143838 -0.373122 -0.055431 -0.276612 -0.043072
0.143838 -0.373122 -0.055431 -0.276612 -0.043072
0.196665 -0.263835 0.000141 -0.199696 -0.057504
0.147157 -0.275526 0.022235 -0.102846 -0.212487
0.220953 -0.213262 0.074945 -0.152464 -0.369731
0.220953 -0.213262 0.074945 -0.152464 -0.369731
0.136816 -0.25737 0.07937 0.100189 -0.026197
0.136816 -0.25737 0.07937 0.100189 -0.026197
-0.007429 -0.349831 -0.040066 0.133286 0.231271
-0.007429 -0.349831 -0.040066 0.133286 0.231271
-0.007429 -0.349831 -0.040066 0.133286 0.231271
0.103273 -0.323885 -0.021118 -0.162065 0.019562
0.103273 -0.323885 -0.021118 -0.162065 0.019562
0.095871 -0.280915 -0.029756 -0.20149 -0.026218
0.095871 -0.280915 -0.029756 -0.20149 -0.026218
0.127516 -0.246765 0.028549 -0.050091 -0.119422
0.146785 -0.10715 0.05962 -0.262228 -0.348064
0.198442 -0.075546 0.108331 0.057915 -0.207274
0.198442 -0.075546 0.108331 0.057915 -0.207274
0.198442 -0.075546 0.108331 0.057915 -0.207274
0.167855 -0.090452 0.065329 -0.141344 -0.198204
0.167855 -0.090452 0.065329 -0.141344 -0.198204
0.167855 -0.090452 0.065329 -0.141344 -0.198204
0.187822 -0.065477 0.073476 -0.296708 -0.372108
0.187822 -0.065477 0.073476 -0.296708 -0.372108
0.18463 -0.069761 0.062525 -0.188408 -0.217444
0.231159 -0.054889 0.075159 -0.17305 -0.200634
0.174429 -0.109405 0.044073 -0.202505 -0.191899
0.234178 -0.042943 0.036964 -0.356751 -0.241739
0.194895 -0.150195 0.031552 -0.184354 -0.220894
0.194895 -0.150195 0.031552 -0.184354 -0.220894
0.14982 -0.300154 -0.021512 -0.091659 0.011696
0.183678 -0.238005 0.060684 0.08635 -0.096395
0.183678 -0.238005 0.060684 0.08635 -0.096395
0.20184 -0.217711 0.110827 0.369707 0.18568
0.20184 -0.217711 0.110827 0.369707 0.18568
0.273439 -0.127128 0.1435 -0.016215 -0.185584
0.28949 -0.067244 0.153415 -0.125159 -0.266851
0.28949 -0.067244 0.153415 -0.125159 -0.266851
0.28949 -0.067244 0.153415 -0.125159 -0.266851
0.28949 -0.067244 0.153415 -0.125159 -0.266851
0.244529 -0.134875 0.077583 -0.311253 -0.175722
0.244529 -0.134875 0.077583 -0.311253 -0.175722
0.193634 -0.2098 0.021979 -0.306066 -0.068704
0.193634 -0.2098 0.021979 -0.306066 -0.068704
0.269372 -0.134736 0.098558 -0.155278 -0.241665
0.240884 -0.104683 0.137159 0.004842 -0.219598
0.240884 -0.104683 0.137159 0.004842 -0.219598
0.155917 -0.187425 0.045732 -0.285333 -0.290917
0.267101 -0.089125 0.122193 -0.171716 -0.322422
0.176105 -0.148185 0.087915 0.475998 0.368101
0.275707 0.025691 0.167835 0.103332 -0.155241
0.275707 0.025691 0.167835 0.103332 -0.155241
0.25948 -0.088132 0.060498 -0.246735 -0.199504
0.25948 -0.088132 0.060498 -0.246735 -0.199504
0.288365 -0.125589 0.052318 -0.06968 0.079541
0.348666 -0.066099 0.139846 0.168546 0.060134
0.344764 -0.063865 0.126154 0.077333 0.018586
0.298026 -0.066925 0.05722 -0.120447 0.04176
0.280814 -0.05316 0.074418 -0.097497 0.04317
0.280814 -0.05316 0.074418 -0.097497 0.04317
0.182097 -0.036974 -0.00014 -0.306534 -0.033824
0.148631 -0.218842 -0.037346 0.056534 0.346836
0.137567 -0.125798 -0.043777 -0.320549 -0.077325
0.137567 -0.125798 -0.043777 -0.320549 -0.077325
0.12764 -0.197119 0.035341 -0.019305 -0.078611
0.163578 -0.240277 0.01882 -0.048787 -0.074026
0.191669 -0.152662 0.054522 -0.15417 -0.233265
0.249589 -0.119321 0.014224 -0.37352 -0.182584
0.249589 -0.119321 0.014224 -0.37352 -0.182584
0.249589 -0.119321 0.014224 -0.37352 -0.182584
0.268302 -0.090851 0.026846 -0.179308 0.000666
0.262351 -0.000907 0.082581 -0.074272 -0.070649
0.262351 -0.000907 0.082581 -0.074272 -0.070649
0.262351 -0.000907 0.082581 -0.074272 -0.070649
0.23224 -0.098871 0.089785 0.101609 0.073392
0.230741 -0.107551 0.077199 -0.018336 -0.048331
0.234486 -0.165255 0.029494 -0.353196 -0.226026
0.234486 -0.165255 0.029494 -0.353196 -0.226026
0.234486 -0.165255 0.029494 -0.353196 -0.226026
0.255588 -0.091585 0.064414 0.023045 0.084697
0.295289 -0.058917 0.100735 -0.147793 -0.176815
0.236454 -0.123367 0.11107 0.005334 -0.149786
0.275057 -0.171107 0.101611 -0.166216 -0.307449
0.275057 -0.171107 0.101611 -0.166216 -0.307449
0.275057 -0.171107 0.101611 -0.166216 -0.307449
0.332529 -0.051947 0.148613 0.018507 -0.133569
0.243385 -0.096997 0.05475 0.183653 0.223761
0.22815 -0.132034 0.056774 0.280782 0.273439
0.255729 -0.086396 0.070527 -0.042335 -0.085279
0.255729 -0.086396 0.070527 -0.042335 -0.085279
0.255729 -0.086396 0.070527 -0.042335 -0.085279
0.255729 -0.086396 0.070527 -0.042335 -0.085279
0.255729 -0.086396 0.070527 -0.042335 -0.085279
0.178077 -0.242523 -0.025172 -0.055427 0.211818
0.218822 -0.10834 0.006208 -0.24592 -0.046995
0.218822 -0.10834 0.006208 -0.24592 -0.046995
0.218822 -0.10834 0.006208 -0.24592 -0.046995
0.145072 -0.22247 -0.032872 -0.101014 0.0841
0.255794 -0.08394 0.050434 -0.286044 -0.157083
0.191618 -0.171225 -0.004733 -0.260512 -0.105637
0.191618 -0.171225 -0.004733 -0.260512 -0.105637
0.191618 -0.171225 -0.004733 -0.260512 -0.105637
0.248003 -0.039477 0.050387 -0.208122 -0.100142
0.253038 -0.090969 0.04068 -0.063709 0.023682
0.222382 -0.12756 0.028966 -0.209156 -0.048734
0.278334 -0.042608 0.0714 -0.135492 -0.075995
0.283584 -0.066032 0.061932 -0.199294 -0.126138
0.155018 -0.171344 -0.045 -0.329642 -0.006687
0.155018 -0.171344 -0.045 -0.329642 -0.006687
0.26828 -0.094152 0.094351 -0.111827 -0.189492
0.328552 0.014523 0.140517 0.196538 0.076431
0.166164 -0.18569 0.011968 0.248099 0.309956
0.124262 -0.173624 -0.017107 -0.068993 0.095615
0.095471 -0.306765 -0.052754 -0.028795 0.192783
0.095471 -0.306765 -0.052754 -0.028795 0.192783
0.092761 -0.285949 -0.056223 0.014501 0.215041
0.136157 -0.262904 -0.046178 -0.28203 0.023318
0.194825 -0.149476 0.124297 0.09294 -0.035918
0.194825 -0.149476 0.124297 0.09294 -0.035918
0.29235 -0.011911 0.191711 0.011732 -0.26664
0.217638 -0.095889 0.104353 0.075832 -0.039147
0.11883 -0.18829 0.009283 0.226473 0.214134
0.144009 -0.148361 -0.05539 -0.041069 0.342104
0.144009 -0.148361 -0.05539 -0.041069 0.342104
0.135801 -0.168103 0.005927 -0.170909 -0.00856
0.118571 -0.298089 0.006577 0.130591 0.226354
0.132548 -0.255179 -0.018648 0.183706 0.408958
0.085735 -0.268417 -0.085188 -0.066302 0.30108
0.256925 -0.047303 0.125765 -0.023659 -0.156963
0.287394 -0.021255 0.112012 -0.073462 -0.130143
0.287394 -0.021255 0.112012 -0.073462 -0.130143
0.289508 -0.062576 0.127346 -0.145441 -0.239666
0.230328 -0.221009 0.083895 -0.002733 -0.032873
0.19542 -0.272618 0.009396 -0.1176 -0.002649
0.19542 -0.272618 0.009396 -0.1176 -0.002649
0.202416 -0.106176 0.078887 0.137396 0.095279
0.244805 -0.14306 0.105523 0.276321 0.156439
0.226405 -0.086754 0.110711 -0.061839 -0.179686
0.174308 -0.305105 -0.023175 -0.000341 0.24502
0.15225 -0.286156 -0.019041 0.01486 0.176888
0.183686 -0.15864 0.112838 0.193609 -0.039915
0.185519 -0.316442 0.044092 -0.012352 0.006343
0.136665 -0.312345 -0.056519 -0.239401 0.029687
0.136665 -0.312345 -0.056519 -0.239401 0.029687
0.07753 -0.355371 -0.035478 -0.017201 0.029855
0.156612 -0.343168 -0.039334 -0.008458 0.106969
0.15051 -0.272879 0.016932 -0.030062 0.126223
0.259687 -0.047514 0.081203 -0.310432 -0.407558
0.259687 -0.047514 0.081203 -0.310432 -0.407558
0.316173 -0.011158 0.111709 -0.321069 -0.419846
0.316173 -0.011158 0.111709 -0.321069 -0.419846
0.316173 -0.011158 0.111709 -0.321069 -0.419846
0.316173 -0.011158 0.111709 -0.321069 -0.419846
0.316173 -0.011158 0.111709 -0.321069 -0.419846
0.316173 -0.011158 0.111709 -0.321069 -0.419846
0.207496 -0.008551 0.070022 -0.188925 -0.126058
0.138848 -0.167379 -0.002355 0.081041 0.235661
0.138848 -0.167379 -0.002355 0.081041 0.235661
0.138848 -0.167379 -0.002355 0.081041 0.235661
0.138848 -0.167379 -0.002355 0.081041 0.235661
0.138848 -0.167379 -0.002355 0.081041 0.235661
0.177972 -0.187581 0.033653 0.038759 0.072614
0.177972 -0.187581 0.033653 0.038759 0.072614
0.186694 -0.181284 0.003133 -0.185994 -0.039028
0.186694 -0.181284 0.003133 -0.185994 -0.039028
0.240601 -0.129773 0.039115 -0.164329 -0.080524
0.240601 -0.129773 0.039115 -0.164329 -0.080524
0.163839 -0.201558 0.019241 -0.217688 -0.176286
0.165202 -0.184296 -0.012128 -0.286465 -0.087286
0.062125 -0.28364 -0.041904 -0.159485 -0.006796
0.062125 -0.28364 -0.041904 -0.159485 -0.006796
0.062125 -0.28364 -0.041904 -0.159485 -0.006796
0.072884 -0.328081 -0.053511 -0.487336 -0.242971
-0.046929 -0.434934 -0.105625 -0.074046 0.089627
-0.022103 -0.435391 -0.099737 -0.196337 -0.085476
0.145568 -0.27453 0.005143 -0.120122 -0.159787
0.207631 -0.144762 0.021966 -0.196727 -0.169536
0.177671 -0.210637 0.008274 0.031283 0.188761
0.177671 -0.210637 0.008274 0.031283 0.188761
0.197857 -0.249333 0.034611 -0.034214 0.084033
0.195076 -0.176028 0.060264 -0.025956 -0.013208
