-883.1243
-720.4973
-721.1569
-720.5876
-719.6936
-719.6936
-719.6936
-719.6936
-719.2463
-719.8854
-719.8854
-719.8854
-719.8854
-719.8854
-719.8854
-719.8854
-719.8854
-719.8854
-720.6964
-721.9684
-721.9867
-722.6435
-722.6435
-721.4889
-720.2193
-721.2072
-720.5722
-720.1771
-720.1771
-719.3235
-719.7574
-721.1182
-721.3922
-721.3145
-720.5453
-720.5453
-722.224
-720.6772
-720.6772
-720.2416
-720.2416
-721.1247
-721.8108
-722.3105
-721.5677
-719.8419
-720.7918
-719.9705
-719.9705
-719.7605
-721.7547
-720.8357
-720.6076
-720.4031
-720.4031
-721.7285
-719.96
-719.96
-719.987
-719.987
-719.4066
-719.6755
-719.6755
-719.2621
-719.2621
-720.4092
-720.7512
-719.8513
-721.2775
-720.3323
-720.5646
-720.5646
-719.9102
-719.7588
-719.7588
-721.3868
-721.3868
-721.0142
-720.8569
-720.8569
-721.9086
-720.7555
-723.365
-724.6471
-724.6471
-722.467
-722.8338
-721.1079
-721.1079
-721.3798
-721.8481
-721.8939
-720.5462
-720.2334
-719.6451
-721.3099
-721.3099
-720.2788
-720.2788
-719.6109
-719.6109
-719.6109
-719.6109
-719.9521
-719.9521
-719.9521
-719.8341
-719.7388
-720.044
-719.5077
-719.5077
-719.5077
-719.5077
-719.4208
-719.4208
-720.1473
-720.1473
-720.2676
-719.5678
-720.239
-720.239
-719.8262
-719.8624
-719.8624
-720.0324
-721.9335
-722.1832
-722.3994
-722.5082
-720.7055
-721.6083
-722.2889
-722.3833
-722.3833
-721.6098
-721.2797
-720.8258
-720.4188
-720.9054
-720.4813
-721.3804
-720.438
-720.0027
-720.2011
-719.9565
-719.374
-720.0724
-721.1775
-721.1775
-719.7974
-720.8664
-720.8664
-722.4011
-723.8574
-726.7492
-721.7749
-721.7749
-723.8504
-723.246
-721.5817
-721.4778
-721.4778
-721.4778
-720.5114
-720.368
-720.54
-720.6963
-720.6963
-720.6963
-721.774
-723.9076
-723.0987
-722.4802
-722.4802
-721.9972
-722.4769
-719.7383
-719.7383
-723.1877
-723.4435
-722.7769
-723.7508
-721.2702
-721.3491
-721.3729
-721.3729
-720.7856
-720.7856
-723.499
-723.499
-722.6705
-721.6257
-721.6257
-720.8723
-721.0619
-721.0619
-720.4251
-720.4251
-719.5372
-719.5372
-719.5372
-719.5372
-719.5372
-719.983
-720.0592
-720.0592
-720.9762
-720.0533
-721.2732
-719.702
-719.702
-719.702
-719.702
-719.702
-719.6532
-720.1358
-719.5085
-719.5085
-719.5085
-719.3471
-719.4147
-719.5214
-721.3151
-719.95
-719.668
-719.668
-719.668
-719.668
-719.9607
-719.9607
-719.9607
-719.9607
-719.5967
-719.2429
-719.2146
-719.2146
-719.2146
-719.2146
-719.2146
-719.2146
-719.2146
-719.2146
-719.2146
-719.3753
-720.8881
-720.8881
-720.8881
-720.8881
-720.8881
-720.8881
-720.9967
-720.5414
-719.9666
-719.1777
-719.1777
-719.1777
-719.6342
-720.1893
-720.0574
-720.9268
-719.316
-721.2417
-720.9671
-721.2671
-719.7698
-719.7698
-719.7698
-719.7698
-719.7698
-720.0016
-719.8479
-719.8479
-719.2685
-719.5717
-719.5717
-719.5717
-722.561
-719.7585
-719.7585
-719.8903
-720.5801
-720.5801
-723.0311
-719.4709
-720.4001
-720.3068
-720.3892
-721.3419
-720.0277
-720.7632
-719.6491
-721.2382
-722.1421
-721.2077
-721.2077
-720.0545
-720.0545
-720.9082
-720.9082
-720.9082
-721.2748
-721.2748
-721.0878
-720.7111
-720.7111
-720.4099
-719.9223
-720.7847
-721.3494
-720.2901
-720.2901
-719.235
-719.8187
-719.8187
-719.7894
-719.7894
-719.7894
-719.7894
-720.2947
-720.1257
-720.069
-720.6056
-719.5108
-719.5108
-719.5108
-719.5721
-719.3684
-719.3684
-719.5741
-720.2993
-720.8117
-720.4951
-720.0325
-720.0325
-722.4388
-723.0156
-722.6723
-722.6723
-722.3118
-722.3118
-722.3118
-721.4844
-721.7547
-721.1899
-719.8244
-719.8244
-719.8244
-719.8244
-719.8244
-719.6158
-719.6158
-719.6158
-719.6158
-719.6158
-719.8236
-719.6581
-719.6581
-720.894
-720.894
-719.9563
-721.1436
-719.343
-719.343
-719.343
-720.1463
-720.1463
-719.7807
-719.7807
-721.1525
-721.1525
-721.1525
-719.7638
-719.7638
-719.7638
-721.0733
-720.0348
-720.0348
-720.0348
-719.9974
-720.0629
-720.0629
-719.2298
-719.7716
-719.7816
-720.6367
-720.0691
-721.4831
-721.4831
-722.5037
-721.8703
-720.5876
-720.9627
-720.9627
-721.0347
-721.0382
-721.2796
-721.8506
-721.8506
-721.1815
-721.1815
-719.5129
-721.6244
-720.5455
-720.5455
-720.7169
-720.7169
-720.7169
-721.2992
-720.2415
-720.507
-719.1855
-719.1855
-719.9713
-719.9713
-719.9713
-720.1926
-720.1926
-720.4767
-720.5013
-720.5013
-720.5013
-720.5013
-721.2622
-722.0821
-722.0821
-722.3026
-722.5102
-722.5102
-721.1581
-721.1581
-721.1581
-721.1581
-721.1581
-720.9491
-720.4889
-720.4889
-719.7266
-719.7266
-719.7266
-719.7266
-720.2008
-719.4443
-719.4443
-719.4443
-719.4443
-719.4443
-719.4443
-719.4443
-720.5925
-720.9747
-724.2573
-720.73
-720.4856
-721.6314
-720.0373
-722.1212
-720.4216
-720.4216
-719.8356
-719.8356
-719.8356
-721.8398
-722.0015
-722.0522
-722.1445
-722.0896
-721.3421
-721.4077
-719.7648
-721.1711
-720.7258
-719.9492
-721.6741
-721.6741
-720.4778
-719.6028
-720.2186
-719.355
-720.6645
-720.6883
-722.652
-720.7392
-720.1949
-719.3823
-722.7132
-721.8043
-720.6861
-721.4594
-719.5004
-719.5004
-719.5004
-719.7043
-720.0529
-720.9597
-722.4262
-719.5482
-719.6386
-720.6365
-720.6365
-719.8185
-719.4798
-720.1597
-723.2194
-726.3498
-721.8801
-720.8613
-721.1945
-720.5723
-719.8561
-720.0879
-722.4357
-721.1424
-721.1424
-721.1424
-720.5164
-720.5164
-719.8862
-720.5148
-721.389
-721.8873
-720.4491
-720.2307
-719.6447
-719.6798
-720.01
-719.782
-719.782
-719.3172
-719.3172
-719.3172
-719.3172
-719.3172
-719.3172
-719.3172
-719.3172
-719.3172
-719.3172
-720.3109
-721.6772
-720.7721
-720.7721
-720.7721
-719.8348
-719.8348
-720.0224
-720.0224
-720.0224
-720.0224
-720.0224
-720.0224
-722.003
-722.2994
-722.2994
-721.8108
-719.9344
-719.9344
-719.4851
-719.8785
-719.3992
-719.3992
-719.8773
-722.9972
-721.9097
-721.8654
-721.8011
-720.9211
-720.8883
-720.1164
-720.1164
-720.1164
-720.1164
-720.1164
-720.1164
-720.1164
-720.5259
-719.7282
-719.609
-720.6829
-720.6829
-721.1064
-721.1064
-720.8232
-719.9021
-720.282
-721.2384
-721.6201
-720.4313
-720.2826
-720.1515
-720.1515
-720.1515
-719.6087
-719.6487
-721.8721
-719.6251
-719.6126
-719.3439
-719.3439
-720.7557
-720.7557
-720.7557
-720.4464
-720.0833
-720.0833
-719.8774
-720.1937
-719.5811
-719.7914
-719.7914
-719.6372
-720.2445
-720.0326
-720.376
-720.376
-720.2124
-720.1042
-719.5569
-719.6832
-719.6832
-719.6832
-720.1574
-719.7411
-719.7411
-719.7411
-719.7411
-719.5708
-719.6562
-719.6426
-719.1967
-719.1967
-719.1967
-719.1967
-719.1967
-719.1967
-719.1967
-719.1967
-720.0265
-720.1303
-722.2423
-719.2928
-719.2928
-719.2928
-719.2928
-719.2928
-719.2928
-719.2928
-719.4308
-720.6759
-719.5854
-719.4801
-722.257
-722.257
-722.257
-722.6009
-722.6009
-721.2478
-721.3182
-722.8372
-722.6404
-721.4597
-721.9875
-720.1054
-720.1054
-720.0313
-721.2909
-721.2909
-722.8681
-721.5145
-719.3453
-719.3453
-719.3453
-719.9674
-719.9674
-719.9674
-719.9674
-721.2594
-720.7898
-720.7898
-721.017
-721.017
-721.7097
-720.5891
-721.0677
-720.9065
-719.511
-719.9618
-722.6733
-720.1206
-719.6396
-721.8558
-721.8558
-723.2025
-725.5636
-724.1854
-722.551
-722.551
-722.2298
-722.4644
-720.9215
-720.9215
-719.7533
-719.7533
-719.7533
-719.7533
-719.7533
-719.7533
-719.7533
-719.7533
-719.9438
-719.3713
-719.3295
-720.0539
-719.279
-719.279
-719.279
-719.5422
-721.9976
-721.107
-721.107
-720.5247
-719.9183
-719.9183
-719.9183
-721.5372
-722.3923
-721.556
-722.7891
-721.6131
-721.6131
-721.6131
-720.2022
-720.9477
-720.9477
-720.1498
-720.3842
-721.4056
-719.896
-719.896
-719.896
-720.1473
-723.523
-720.0864
-721.0447
-719.9329
-721.3062
-721.0137
-719.5054
-720.1033
-720.1033
-720.1033
-719.6276
-719.6276
-720.6148
-720.6148
-720.3806
-719.801
-719.801
-722.2039
-721.8629
-721.8629
-721.8629
-721.2184
-719.9896
-719.9896
-719.4685
-720.7307
-720.7307
-722.3704
-722.3704
-721.2965
-720.3672
-720.6243
-720.6243
-719.4169
-721.4517
-721.3828
-720.0002
-719.8134
-720.6832
-720.439
-719.7885
-719.7885
-720.1901
-719.5449
-719.5449
-719.221
-719.221
-720.5545
-720.6488
-719.1997
-719.9076
-719.7312
-719.7312
-720.1737
-719.6407
-720.4356
-720.4356
-723.4536
-720.6485
-720.2493
-720.2493
-720.2493
-720.2493
-721.1875
-721.1875
-721.1783
-719.747
-719.747
-719.747
-719.747
-720.2794
-719.5443
-719.5443
-719.2706
-719.2706
-720.9623
-719.6248
-719.6248
-719.6248
-719.6248
-721.3719
-721.3719
-722.6092
-722.5984
-722.5984
-721.3361
-719.328
-720.0326
-719.7469
-719.7469
-719.7469
-719.7469
-719.7469
-719.7469
-719.7469
-719.7469
-719.7469
-719.7469
-721.3472
-721.3472
-721.3472
-721.3134
-720.9132
-720.9132
-720.7115
-720.7115
-720.7115
-720.7115
-720.3243
-720.3208
-720.3208
-721.7055
-722.1399
-721.6078
-720.8372
-719.805
-719.805
-719.5944
-720.9487
-720.3086
-720.3086
-720.2706
-719.4816
-719.4816
-719.4816
-719.4816
-719.4816
-719.4431
-720.9963
-720.6607
-720.4105
-720.4105
-720.4105
-720.507
-719.3631
-719.4923
-719.2739
-719.2739
-719.2739
-720.0527
-719.5793
-720.9522
-720.0479
-720.3926
-720.6297
-720.6297
-720.9454
-720.9454
-720.9454
-721.2062
-720.3958
-720.3958
-722.1016
-722.1016
-722.1016
-721.283
-719.5983
-719.5983
-719.5983
-719.5983
-719.5983
-719.5983
-719.5983
-719.5983
-719.5636
-719.2773
-719.2773
-719.2773
-719.2257
-720.4435
-721.4004
-720.8077
-719.5718
-719.5718
-723.0343
-721.9075
-721.9075
-721.7927
-720.0132
-720.0132
-720.0132
-720.0132
-719.7298
-719.7298
-720.6756
-719.5092
-719.5092
-719.5946
-720.5086
-719.7354
-719.7354
-719.7005
-720.1753
-720.1753
-719.8639
-721.4834
-722.0556
-721.7441
-721.7862
-721.7862
-719.9424
-719.9424
-721.9887
-722.4701
-720.7081
-720.92
-722.0136
-720.383
-721.026
-721.3416
-721.3416
-720.8457
-720.8457
-720.7923
-721.1983
-721.1983
-722.4031
-722.9126
-720.0247
-720.8361
-720.8551
-721.1649
-722.0361
-720.9774
-720.9774
-720.9774
-720.9774
-720.9774
-720.9774
-720.0673
-721.8931
-722.2802
-719.7677
-719.7677
-720.272
-720.272
-720.272
-720.1011
-719.5376
-722.7881
-721.4021
-721.0209
-721.0209
-720.0677
-720.0677
-720.223
-720.3032
-720.3032
-719.7647
-719.7647
-719.7647
-719.7964
-720.7167
-720.2491
-720.2491
-719.9015
-720.3787
-719.244
-719.244
-719.244
-719.8536
-719.8536
-719.6059
-719.6059
-719.8148
-719.8148
-719.8148
-720.9354
-720.9354
-719.5875
-720.161
-720.161
-720.161
-720.161
-719.9699
-719.9699
-722.8065
-722.8065
-721.2158
-720.1754
-720.1754
-720.2204
-721.4396
-721.4396
-723.0341
-720.2288
-719.7439
-719.3517
-720.6305
-720.259
-722.0864
-722.0864
-721.0565
-719.6721
-719.7261
-719.7261
-719.7261
-719.7261
-719.6311
-719.6311
-719.6311
-720.9665
-721.1136
-720.913
-720.913
-720.4196
-720.1982
-720.1982
-720.1982
-719.581
-720.5175
-722.5907
-721.0876
-720.0194
-720.6794
-720.6794
-720.6794
-720.6794
-719.8692
-719.8202
-721.7609
-720.3737
-720.3737
-720.6571
-720.6571
-721.3629
-720.9028
-721.0681
-719.8788
-719.53
-720.2234
-719.8834
-720.171
-719.6173
-719.4128
-720.9786
-720.0692
-720.1822
-720.1822
-720.1822
-721.0664
-721.0664
-720.8251
-720.7875
-721.1677
-721.6123
-721.6123
-720.4232
-720.6742
-720.0452
-720.174
-719.8019
-719.8019
-719.8019
-719.8019
-719.8019
-719.8019
-719.8019
-719.8019
-720.3102
-719.6411
-719.6411
-719.7356
-719.8591
-719.8591
-720.1545
-720.1545
-720.7747
-720.4513
-720.5637
-720.5637
-720.5637
-720.5637
-720.021
-720.7128
-719.5669
-719.828
-719.828
-719.828
-719.7142
-719.7142
-719.8344
-721.3015
-719.6756
-721.7324
-721.7324
-720.5918
-720.5918
-720.5918
-720.3945
-720.7203
-721.0596
-720.0357
-719.7246
-719.0817
-721.4817
-719.5601
-719.9062
-719.604
-719.8047
-719.8047
-719.8047
-719.6057
-719.6057
-719.6057
-719.032
-719.032
-719.032
-719.032
-719.032
-719.187
-719.3097
-719.5158
-719.5158
-719.7484
-719.7864
-719.44
-722.6061
-722.6061
-722.245
-721.1353
-720.2274
-721.2938
-721.3341
-722.4056
-720.6995
-720.6995
-720.6995
-720.0372
-720.0372
-720.0372
-720.0372
-720.0372
-720.5338
-720.6294
-720.6294
-720.6294
-720.2755
-720.3561
-720.1026
-719.721
-719.721
-719.6244
-720.0664
-720.0664
-721.4238
-721.1317
-721.7841
-721.3679
-721.3679
-721.1023
-721.1023
-719.4711
-719.4711
-720.6549
-722.3484
-722.3484
-721.7319
-720.2244
-720.2244
-720.2244
-720.2244
-719.4339
-719.4339
-719.1037
-719.1037
-719.1037
-719.8628
-719.8628
-720.885
-720.1517
-719.5057
-721.06
-719.8455
-720.1325
-720.7487
-719.5802
-721.4558
-721.8234
-721.8234
-721.3333
-720.6725
-720.6725
-720.1353
-720.1353
-721.2474
-721.2474
-721.2474
-721.2474
-719.8831
-719.7713
-723.0619
-720.9501
-720.9501
-720.9501
-720.9501
-720.9501
-719.5618
-719.5618
-719.5618
-720.0846
-720.0846
-719.8327
-719.8327
-719.8327
-719.8327
-719.8187
-719.7141
-719.8258
-720.1802
-722.7242
-720.8792
