0.765585 0.499213 -0.447361 0.104738 0.51421
0.13359 -0.250594 -0.06461 -0.127381 0.195843
0.13359 -0.250594 -0.06461 -0.127381 0.195843
0.096493 -0.277882 -0.048786 -0.084905 0.093265
0.120028 -0.263674 -0.039557 -0.146928 -0.009336
0.18848 -0.14427 0.025894 -0.224898 -0.176746
0.18848 -0.14427 0.025894 -0.224898 -0.176746
0.18848 -0.14427 0.025894 -0.224898 -0.176746
0.18848 -0.14427 0.025894 -0.224898 -0.176746
0.142441 -0.176046 -0.041047 -0.281942 -0.068666
0.18966 -0.150006 -0.02329 -0.323569 -0.086625
0.170557 -0.137273 -0.005602 -0.375685 -0.081585
0.170557 -0.137273 -0.005602 -0.375685 -0.081585
0.170557 -0.137273 -0.005602 -0.375685 -0.081585
0.170557 -0.137273 -0.005602 -0.375685 -0.081585
0.121195 -0.247265 -0.00639 -0.027176 0.046344
0.208444 -0.089436 0.085178 -0.056429 -0.111825
0.098801 -0.228591 -0.015243 0.081773 0.231142
0.216262 -0.104358 0.100955 -0.088358 -0.248176
0.184685 -0.169971 0.080371 -0.029953 -0.133601
0.184685 -0.169971 0.080371 -0.029953 -0.133601
0.102278 -0.234747 0.022136 -0.093077 -0.027309
0.234758 -0.055975 0.141807 0.133271 -0.0374
0.234758 -0.055975 0.141807 0.133271 -0.0374
0.139026 -0.212519 0.077175 0.34196 0.191811
0.139026 -0.212519 0.077175 0.34196 0.191811
0.139026 -0.212519 0.077175 0.34196 0.191811
0.07564 -0.341654 -0.052239 0.0546 0.295787
0.07564 -0.341654 -0.052239 0.0546 0.295787
0.098626 -0.324171 -0.059263 -0.196846 0.172346
0.16583 -0.147405 -0.007441 -0.073863 0.198411
0.214106 -0.111878 0.034979 -0.206241 0.008769
0.204403 -0.192011 0.053084 -0.069271 0.040207
0.244535 -0.138916 0.064901 -0.080177 0.031339
0.27846 -0.143697 0.059309 0.009305 0.072558
0.27846 -0.143697 0.059309 0.009305 0.072558
0.213841 -0.21086 -0.002321 -0.219611 0.068128
0.127264 -0.224257 0.008736 0.083717 0.238849
0.127264 -0.224257 0.008736 0.083717 0.238849
0.143972 -0.225292 -0.007916 0.167015 0.345315
0.080183 -0.263834 -0.087593 -0.038813 0.258497
0.080183 -0.263834 -0.087593 -0.038813 0.258497
0.080183 -0.263834 -0.087593 -0.038813 0.258497
0.080183 -0.263834 -0.087593 -0.038813 0.258497
0.080183 -0.263834 -0.087593 -0.038813 0.258497
0.080183 -0.263834 -0.087593 -0.038813 0.258497
0.055944 -0.308958 -0.096779 0.045219 0.25739
0.113865 -0.188428 -0.090505 -0.390293 -0.032445
0.088897 -0.227986 -0.061565 0.038852 0.346649
0.073424 -0.303978 -0.106879 -0.110735 0.346912
0.060701 -0.370497 -0.123735 -0.202931 0.262352
0.112403 -0.332174 -0.096836 -0.360384 0.12098
0.062919 -0.391037 -0.120866 -0.263659 0.236522
0.171096 -0.291366 -0.024351 -0.261851 -0.030656
0.088673 -0.289255 -0.08628 -0.381101 0.009319
0.064604 -0.334903 -0.087652 -0.436457 -0.012565
0.091189 -0.282641 -0.051848 -0.271792 0.016215
0.142948 -0.234698 -0.011365 -0.416366 -0.181842
0.06619 -0.245781 -0.030851 -0.370226 -0.15789
0.249885 -0.099475 0.120072 -0.288099 -0.351066
0.189274 -0.12508 0.104085 -0.172793 -0.362348
0.076955 -0.215951 0.001875 0.018412 0.0474
0.171064 -0.107043 0.044037 0.108443 0.065932
0.191938 -0.070173 0.032501 0.05364 0.138992
0.191938 -0.070173 0.032501 0.05364 0.138992
0.191938 -0.070173 0.032501 0.05364 0.138992
0.195349 -0.173624 -0.033673 -0.280769 0.031934
0.195349 -0.173624 -0.033673 -0.280769 0.031934
0.195349 -0.173624 -0.033673 -0.280769 0.031934
0.195349 -0.173624 -0.033673 -0.280769 0.031934
0.196918 -0.173833 -0.002436 0.100293 0.238688
0.177119 -0.25809 0.022324 0.216497 0.234663
0.177119 -0.25809 0.022324 0.216497 0.234663
0.20179 -0.257656 -0.013671 0.021847 0.243027
0.28447 -0.106786 0.072434 0.028871 0.122608
0.248217 -0.156528 0.068139 0.249652 0.217587
0.136627 -0.148403 -0.033834 -0.368507 -0.076503
0.23912 -0.03722 0.110277 -0.080568 -0.15024
0.274587 -0.052719 0.107783 -0.21144 -0.2604
0.274587 -0.052719 0.107783 -0.21144 -0.2604
0.055535 -0.287487 -0.044479 -0.168411 -0.05641
0.055535 -0.287487 -0.044479 -0.168411 -0.05641
0.055535 -0.287487 -0.044479 -0.168411 -0.05641
-0.029648 -0.36087 -0.161483 -0.256577 0.22087
-0.029648 -0.36087 -0.161483 -0.256577 0.22087
0.092897 -0.248781 -0.031106 -0.121724 -0.053739
0.12241 -0.183705 -0.012511 -0.102022 0.020735
0.12241 -0.183705 -0.012511 -0.102022 0.020735
0.12241 -0.183705 -0.012511 -0.102022 0.020735
0.172522 -0.193404 -0.034156 -0.304188 0.028117
0.172522 -0.193404 -0.034156 -0.304188 0.028117
0.081692 -0.298879 -0.063234 0.053369 0.255367
0.229593 -0.129379 0.066385 -0.08119 -0.164381
0.018846 -0.383642 -0.056204 0.357743 0.307307
0.045683 -0.368193 -0.045502 0.244141 0.255487
0.091005 -0.343831 0.004381 0.278816 0.298765
0.091005 -0.343831 0.004381 0.278816 0.298765
0.091005 -0.343831 0.004381 0.278816 0.298765
0.091005 -0.343831 0.004381 0.278816 0.298765
0.091005 -0.343831 0.004381 0.278816 0.298765
0.091005 -0.343831 0.004381 0.278816 0.298765
0.145281 -0.243332 -0.026418 -0.017223 0.307155
0.145281 -0.243332 -0.026418 -0.017223 0.307155
0.200435 -0.040557 0.080836 -0.126433 -0.084218
0.022344 -0.260627 -0.074666 -0.129106 0.128436
0.223604 -0.095285 0.074182 -0.194448 -0.163471
0.137825 -0.224469 0.017183 0.15158 0.150459
0.137825 -0.224469 0.017183 0.15158 0.150459
0.137825 -0.224469 0.017183 0.15158 0.150459
0.137825 -0.224469 0.017183 0.15158 0.150459
0.139669 -0.106188 0.025604 0.088673 0.098112
0.264287 -0.056157 0.081433 -0.296635 -0.267221
0.214224 -0.18831 0.011502 -0.251381 -0.052229
0.316756 -0.017822 0.12265 0.082894 -0.037038
0.289218 -0.071449 0.159289 0.234996 0.032916
0.289218 -0.071449 0.159289 0.234996 0.032916
0.230877 -0.102994 0.141914 0.181765 -0.101575
0.230877 -0.102994 0.141914 0.181765 -0.101575
0.230877 -0.102994 0.141914 0.181765 -0.101575
0.26218 -0.033513 0.11765 0.095704 -0.021319
0.244711 0.008322 0.13305 0.139328 -0.033681
0.277735 -0.019396 0.152706 -0.030985 -0.231708
0.27363 -0.113087 0.082119 -0.14126 -0.13816
0.186073 -0.236396 0.028959 -0.095889 -0.032017
0.191814 -0.158296 0.073494 -0.049964 -0.088525
0.249704 -0.131654 0.046229 -0.346088 -0.264971
0.249704 -0.131654 0.046229 -0.346088 -0.264971
0.083933 -0.295089 -0.123302 -0.446915 0.03564
0.083933 -0.295089 -0.123302 -0.446915 0.03564
0.158816 -0.188541 -0.028754 -0.126246 0.12917
0.158816 -0.188541 -0.028754 -0.126246 0.12917
0.222627 -0.11306 0.057668 0.101748 0.06505
0.222608 -0.143023 0.089785 -0.121206 -0.304424
0.222608 -0.143023 0.089785 -0.121206 -0.304424
0.243516 -0.105457 0.136307 0.063938 -0.282121
0.211174 -0.043678 0.089873 -0.100761 -0.193663
0.291619 -0.047034 0.067732 -0.314778 -0.245022
0.291619 -0.047034 0.067732 -0.314778 -0.245022
0.218696 -0.159355 -0.04234 -0.242343 0.049506
0.242867 -0.134622 0.014083 -0.185056 -0.043842
0.13772 -0.146235 0.026921 -0.014709 -0.084507
0.094881 -0.247485 -0.032617 0.098888 0.133106
0.030447 -0.331241 -0.081084 0.072063 0.183401
0.077963 -0.270851 -0.050269 0.159078 0.253478
0.216088 -0.175705 0.058365 0.061431 0.064433
0.128568 -0.288162 -0.040945 -0.03686 0.125234
0.119577 -0.335675 -0.066292 0.150073 0.437777
0.119577 -0.335675 -0.066292 0.150073 0.437777
0.119577 -0.335675 -0.066292 0.150073 0.437777
0.170159 -0.263482 -0.004684 0.167196 0.236927
0.223888 -0.169092 0.029667 0.097638 0.099405
0.295204 -0.082105 0.124541 -0.121323 -0.246139
0.295204 -0.082105 0.124541 -0.121323 -0.246139
0.242881 -0.123465 0.073389 -0.209319 -0.277872
0.235545 -0.188985 0.004653 -0.118579 0.13063
0.244292 -0.116861 0.015082 -0.377882 -0.165259
0.244292 -0.116861 0.015082 -0.377882 -0.165259
0.150453 -0.236728 -0.038573 -0.15297 0.035099
0.150453 -0.236728 -0.038573 -0.15297 0.035099
0.185299 -0.11029 -0.007856 -0.338407 -0.011779
0.185299 -0.11029 -0.007856 -0.338407 -0.011779
0.192307 -0.087436 -0.007277 -0.336806 -0.032502
0.192307 -0.087436 -0.007277 -0.336806 -0.032502
0.170387 -0.072993 0.028597 -0.525298 -0.343069
0.170387 -0.072993 0.028597 -0.525298 -0.343069
0.230581 -0.166197 0.033505 -0.350495 -0.190458
0.230581 -0.166197 0.033505 -0.350495 -0.190458
0.230581 -0.166197 0.033505 -0.350495 -0.190458
0.230581 -0.166197 0.033505 -0.350495 -0.190458
0.230581 -0.166197 0.033505 -0.350495 -0.190458
0.230581 -0.166197 0.033505 -0.350495 -0.190458
0.230581 -0.166197 0.033505 -0.350495 -0.190458
0.142516 -0.193729 -0.00187 -0.197626 -0.081983
0.139532 -0.190838 0.01789 -0.278471 -0.206138
0.109198 -0.263902 -0.046267 -0.316829 -0.084324
0.043747 -0.254088 -0.028736 -0.174275 -0.063897
0.106933 -0.168313 0.064705 0.092917 -0.047513
0.133631 -0.193656 0.085673 0.15175 0.015167
0.133631 -0.193656 0.085673 0.15175 0.015167
0.133631 -0.193656 0.085673 0.15175 0.015167
0.133631 -0.193656 0.085673 0.15175 0.015167
0.133631 -0.193656 0.085673 0.15175 0.015167
0.08425 -0.289723 -0.003693 -0.163684 -0.039414
0.08425 -0.289723 -0.003693 -0.163684 -0.039414
0.115446 -0.241474 -0.066624 -0.199583 0.09923
0.115955 -0.243904 -0.045651 -0.349393 -0.088069
0.115955 -0.243904 -0.045651 -0.349393 -0.088069
-0.020591 -0.41371 -0.124865 -0.177015 0.113745
0.152749 -0.210879 0.020066 0.138924 0.192448
0.173391 -0.14836 0.01832 -0.136363 -0.031769
0.187392 -0.252111 0.005024 -0.009864 0.166189
0.185881 -0.27468 -0.052905 -0.152047 0.214259
0.185881 -0.27468 -0.052905 -0.152047 0.214259
0.135426 -0.34281 -0.101476 -0.373832 0.090208
0.157275 -0.324009 -0.062107 -0.319761 -0.057419
0.174181 -0.248124 -0.010372 -0.162594 -0.024142
0.133539 -0.199706 -0.020872 -0.022063 0.242908
0.202346 -0.164801 0.076547 -0.075577 -0.202348
0.201802 -0.08542 0.099169 -0.146114 -0.264378
0.201802 -0.08542 0.099169 -0.146114 -0.264378
0.201802 -0.08542 0.099169 -0.146114 -0.264378
0.201802 -0.08542 0.099169 -0.146114 -0.264378
0.201802 -0.08542 0.099169 -0.146114 -0.264378
0.220725 -0.140722 0.056234 -0.227552 -0.160456
0.220725 -0.140722 0.056234 -0.227552 -0.160456
0.088897 -0.310701 -0.091391 -0.439297 -0.038291
0.088897 -0.310701 -0.091391 -0.439297 -0.038291
0.1168 -0.192858 -0.013503 -0.245896 -0.005081
0.184508 -0.205548 0.006966 -0.152741 0.097491
0.125532 -0.308897 -0.047877 -0.173179 0.152661
0.125532 -0.308897 -0.047877 -0.173179 0.152661
0.219756 -0.234899 0.05781 0.15764 0.167908
0.219756 -0.234899 0.05781 0.15764 0.167908
0.219756 -0.234899 0.05781 0.15764 0.167908
0.275958 -0.001948 0.112958 0.088322 -0.035978
0.213022 -0.11662 -0.023831 -0.230942 0.097042
0.172765 -0.17115 -0.021641 -0.125679 0.125053
0.105998 -0.248579 -0.064419 -0.309776 -0.036088
0.110765 -0.238143 -0.017798 -0.102568 -0.107579
0.143754 -0.157704 0.035223 -0.326943 -0.409435
0.143754 -0.157704 0.035223 -0.326943 -0.409435
0.107394 -0.208282 0.01016 -0.03447 -0.136107
0.156548 -0.12493 0.053961 0.017654 -0.094419
0.038062 -0.291476 -0.113871 -0.072607 0.30318
0.117524 -0.20136 -0.018235 -0.095934 0.1706
0.133082 -0.323143 -0.083138 -0.064638 0.250532
0.099085 -0.238756 0.009565 -0.050372 0.095637
0.174022 -0.25396 0.053918 -0.072108 -0.123207
0.170235 -0.264359 0.025761 -0.155532 -0.064609
0.194601 -0.180087 0.034023 -0.220253 -0.098557
0.194601 -0.180087 0.034023 -0.220253 -0.098557
0.194601 -0.180087 0.034023 -0.220253 -0.098557
0.105903 -0.213819 0.038101 0.106629 0.046673
0.102298 -0.22641 -0.06074 -0.246768 0.029131
0.102298 -0.22641 -0.06074 -0.246768 0.029131
0.072168 -0.379274 -0.086605 -0.054865 0.123646
0.072168 -0.379274 -0.086605 -0.054865 0.123646
0.072168 -0.379274 -0.086605 -0.054865 0.123646
0.072168 -0.379274 -0.086605 -0.054865 0.123646
0.127333 -0.21799 0.019833 -0.221128 -0.21545
0.112438 -0.25831 -0.081065 -0.446684 -0.102689
0.112438 -0.25831 -0.081065 -0.446684 -0.102689
0.037452 -0.292018 -0.07725 -0.352367 -0.063503
0.037452 -0.292018 -0.07725 -0.352367 -0.063503
0.037452 -0.292018 -0.07725 -0.352367 -0.063503
0.053396 -0.237533 -0.037509 -0.269379 -0.088213
0.021393 -0.242025 -0.035709 -0.064303 0.059978
-0.003194 -0.415435 -0.173883 -0.354015 0.212704
-0.005721 -0.371182 -0.144686 -0.417921 0.08512
-0.02295 -0.410334 -0.158548 -0.390049 0.100066
-0.02295 -0.410334 -0.158548 -0.390049 0.100066
0.016455 -0.389135 -0.077078 -0.260904 0.000458
0.119892 -0.12861 0.079257 -0.056038 -0.153026
0.119892 -0.12861 0.079257 -0.056038 -0.153026
0.211065 0.024192 0.138919 0.052472 -0.131045
0.252991 -0.099092 0.100851 -0.132275 -0.160727
0.159185 -0.122869 0.035526 0.034958 0.199978
0.159185 -0.122869 0.035526 0.034958 0.199978
0.175486 -0.148417 0.023432 0.050886 0.256658
0.244302 -0.05762 0.027908 -0.316647 -0.109457
0.139232 -0.165356 0.046785 0.007501 0.082175
0.138618 -0.204095 -0.009021 0.046331 0.230437
0.159716 -0.167772 0.029347 0.131512 0.215002
0.274957 -0.074993 0.091153 -0.203183 -0.254613
0.274957 -0.074993 0.091153 -0.203183 -0.254613
0.177309 -0.212531 0.013202 -0.39892 -0.328398
0.177309 -0.212531 0.013202 -0.39892 -0.328398
0.177309 -0.212531 0.013202 -0.39892 -0.328398
0.168522 -0.199933 -0.022102 -0.433397 -0.278906
0.190015 -0.185868 0.031768 -0.33337 -0.290419
0.190015 -0.185868 0.031768 -0.33337 -0.290419
0.190015 -0.185868 0.031768 -0.33337 -0.290419
0.190015 -0.185868 0.031768 -0.33337 -0.290419
0.190015 -0.185868 0.031768 -0.33337 -0.290419
0.190015 -0.185868 0.031768 -0.33337 -0.290419
0.127547 -0.239188 -0.041969 -0.441128 -0.158199
0.127547 -0.239188 -0.041969 -0.441128 -0.158199
0.18247 -0.148791 0.051187 -0.432183 -0.373548
0.18247 -0.148791 0.051187 -0.432183 -0.373548
0.18247 -0.148791 0.051187 -0.432183 -0.373548
0.18247 -0.148791 0.051187 -0.432183 -0.373548
0.201959 -0.163297 0.046019 -0.226911 -0.21226
0.201959 -0.163297 0.046019 -0.226911 -0.21226
0.201959 -0.163297 0.046019 -0.226911 -0.21226
0.201959 -0.163297 0.046019 -0.226911 -0.21226
0.201959 -0.163297 0.046019 -0.226911 -0.21226
0.165389 -0.166909 -0.001761 -0.328114 -0.158671
0.165389 -0.166909 -0.001761 -0.328114 -0.158671
0.111955 -0.332582 -0.067865 -0.337283 -0.071547
0.217661 -0.202802 0.066297 -0.042548 -0.114278
0.217661 -0.202802 0.066297 -0.042548 -0.114278
0.233924 -0.117299 0.125052 0.053045 -0.164202
0.228613 -0.153296 0.055487 -0.010948 -0.004105
0.16119 -0.232804 -0.093774 -0.211015 0.198135
0.186732 -0.180669 -0.034198 -0.247776 0.041389
0.217228 -0.086394 0.051163 -0.127342 -0.040837
0.21477 -0.07191 0.077573 0.01371 0.022274
0.201917 -0.082591 0.065564 -0.022662 0.081984
0.201917 -0.082591 0.065564 -0.022662 0.081984
0.177984 -0.037556 0.045328 0.022464 0.024498
0.150245 -0.138897 -0.033672 -0.086398 0.085455
0.150245 -0.138897 -0.033672 -0.086398 0.085455
0.147562 -0.274432 -0.021119 0.310544 0.412481
0.147562 -0.274432 -0.021119 0.310544 0.412481
0.147562 -0.274432 -0.021119 0.310544 0.412481
0.147562 -0.274432 -0.021119 0.310544 0.412481
0.147562 -0.274432 -0.021119 0.310544 0.412481
0.108535 -0.250285 -0.030309 0.179731 0.336413
0.221448 -0.107056 0.041224 -0.269564 -0.234473
0.165481 -0.177263 0.007648 -0.114454 -0.034052
0.132888 -0.18002 0.01756 -0.263674 -0.236901
0.152244 -0.125986 0.026528 -0.249595 -0.156729
0.152244 -0.125986 0.026528 -0.249595 -0.156729
0.152244 -0.125986 0.026528 -0.249595 -0.156729
0.199219 -0.132888 0.003332 -0.319165 -0.155437
0.261093 -0.051353 0.121006 -0.035888 -0.147362
0.2524 -0.0362 0.118425 -0.160869 -0.337497
0.231522 -0.059037 0.09109 -0.082951 -0.184076
0.287455 -0.043142 0.144769 -0.041689 -0.310742
0.242696 -0.032625 0.119392 0.184188 0.033383
0.242696 -0.032625 0.119392 0.184188 0.033383
0.242696 -0.032625 0.119392 0.184188 0.033383
0.165203 -0.123826 0.074697 0.107467 6e-04
0.224613 -0.132261 0.084052 0.145916 0.055655
0.238778 -0.035566 0.11292 -0.03273 -0.117655
0.13383 -0.214462 -0.037 -0.348854 -0.077921
0.148998 -0.084809 0.018105 -0.029635 0.068443
0.120372 -0.22248 -0.021516 -0.09525 0.068742
0.00687 -0.315644 -0.148268 -0.392985 0.055599
0.064879 -0.238457 -0.035496 -0.153453 0.027449
0.065827 -0.237162 -0.035823 -0.168291 0.015036
0.065827 -0.237162 -0.035823 -0.168291 0.015036
0.065827 -0.237162 -0.035823 -0.168291 0.015036
0.113543 -0.160229 0.027616 0.020735 0.109072
0.169226 -0.124106 0.058217 -0.057712 -0.042537
0.131695 -0.153767 -0.004351 -0.22863 -0.130673
0.131695 -0.153767 -0.004351 -0.22863 -0.130673
0.233002 -0.050124 0.020796 -0.394923 -0.168456
0.199622 -0.159617 0.059299 0.026694 0.02537
0.208394 -0.130606 0.037362 0.00298 0.159114
0.263924 -0.096529 0.101802 0.080919 0.04316
0.263924 -0.096529 0.101802 0.080919 0.04316
0.146431 -0.267623 0.003122 -0.048478 0.005885
0.146431 -0.267623 0.003122 -0.048478 0.005885
0.060648 -0.281534 -0.034497 0.008325 0.192585
0.128011 -0.212586 0.005791 -0.188208 -0.012069
0.177729 -0.19149 -0.000925 -0.364062 -0.194472
0.177729 -0.19149 -0.000925 -0.364062 -0.194472
0.177729 -0.19149 -0.000925 -0.364062 -0.194472
0.110325 -0.301271 -0.026419 -0.248327 -0.058582
0.102307 -0.219505 -0.077273 -0.450559 -0.05944
0.14529 -0.205468 -0.024263 -0.259489 -0.160732
0.152859 -0.20512 0.044821 0.182563 0.103119
0.210026 -0.178036 0.065489 -0.231007 -0.240127
0.210026 -0.178036 0.065489 -0.231007 -0.240127
0.112755 -0.235185 0.005935 0.096787 0.10637
0.110667 -0.283337 -0.032496 -0.301051 -0.092489
0.195175 -0.174874 0.064407 0.096629 0.018057
0.195175 -0.174874 0.064407 0.096629 0.018057
0.208882 -0.111643 0.095996 -0.02572 -0.161191
0.19634 -0.270625 0.004555 -0.123238 0.044242
0.210041 -0.241834 0.017725 -0.06895 0.121387
0.281864 -0.199165 0.108605 0.155532 0.113295
0.268995 -0.14451 0.133117 0.304912 0.1921
0.249138 -0.114051 0.062721 -0.047199 0.077659
0.249138 -0.114051 0.062721 -0.047199 0.077659
0.24992 -0.172466 0.033829 -0.119437 -0.009555
0.256919 -0.143151 0.016667 -0.271319 -0.070541
0.256919 -0.143151 0.016667 -0.271319 -0.070541
0.199693 -0.17929 -0.02061 -0.210422 0.093661
0.199693 -0.17929 -0.02061 -0.210422 0.093661
0.295227 -0.005547 0.147513 0.177653 -0.05598
0.280195 0.025668 0.077718 -0.117123 -0.04876
0.280195 0.025668 0.077718 -0.117123 -0.04876
0.196606 -0.187568 0.064744 0.05995 0.077803
0.200006 -0.197325 0.014419 -0.311049 -0.20599
0.200006 -0.197325 0.014419 -0.311049 -0.20599
0.200006 -0.197325 0.014419 -0.311049 -0.20599
0.245886 -0.086953 0.142342 0.011022 -0.256383
0.225851 -0.123353 0.099339 0.122528 -0.065169
0.156058 -0.213233 0.0018 0.011668 0.016691
0.167561 -0.239354 -0.041011 -0.147442 -0.022432
0.098175 -0.219597 0.001344 -0.092135 -0.084767
0.145823 -0.097703 0.025754 -0.432175 -0.327618
0.145823 -0.097703 0.025754 -0.432175 -0.327618
0.145823 -0.097703 0.025754 -0.432175 -0.327618
0.145823 -0.097703 0.025754 -0.432175 -0.327618
0.145823 -0.097703 0.025754 -0.432175 -0.327618
0.145823 -0.097703 0.025754 -0.432175 -0.327618
0.250417 -0.040872 0.090698 -0.353676 -0.430169
0.167292 -0.147586 0.02642 -0.186208 -0.114317
0.086505 -0.256594 -0.038147 -0.114977 0.018963
0.079031 -0.252382 -0.088852 -0.202102 0.135736
0.065727 -0.212941 -0.049002 -0.106935 0.131862
0.037086 -0.249999 -0.107691 -0.203798 0.337109
0.110287 -0.199057 0.001514 0.266295 0.490206
0.099695 -0.204013 -0.044869 0.050372 0.347176
0.193513 -0.246394 0.027193 0.086125 0.158598
0.202199 -0.1991 0.057647 0.001417 0.003483
0.186181 -0.228621 0.028277 -0.134463 -0.05969
0.209359 -0.199556 0.054257 0.039825 0.022974
0.289615 0.040519 0.161596 0.106256 -0.033961
0.294809 0.038649 0.118025 -0.253183 -0.23901
0.234947 -0.137275 0.043717 -0.071309 0.045407
0.081643 -0.33636 -0.11381 -0.303004 0.087828
0.081643 -0.33636 -0.11381 -0.303004 0.087828
0.081643 -0.33636 -0.11381 -0.303004 0.087828
0.094104 -0.325549 -0.040166 0.06244 0.111621
0.103397 -0.316559 -0.010423 0.268779 0.255684
0.103397 -0.316559 -0.010423 0.268779 0.255684
0.182491 -0.181599 0.047318 0.11887 0.215923
0.153653 -0.268219 -0.06443 -0.328352 0.06452
0.153653 -0.268219 -0.06443 -0.328352 0.06452
0.117987 -0.315025 0.007454 0.027312 0.025744
0.117987 -0.315025 0.007454 0.027312 0.025744
0.137301 -0.278486 0.045108 -0.054072 -0.10316
0.077328 -0.270636 -0.021794 -0.047235 -0.050298
0.073599 -0.251068 -0.009846 0.09489 0.082211
0.121878 -0.127385 -0.009086 -0.107008 0.056591
0.098428 -0.237961 -0.114199 -0.348683 0.13706
0.098428 -0.237961 -0.114199 -0.348683 0.13706
0.098428 -0.237961 -0.114199 -0.348683 0.13706
0.098428 -0.237961 -0.114199 -0.348683 0.13706
0.149757 -0.261727 -0.004261 0.146158 0.287958
0.149757 -0.261727 -0.004261 0.146158 0.287958
0.14597 -0.216534 -0.012247 0.171765 0.280054
0.14597 -0.216534 -0.012247 0.171765 0.280054
0.14833 -0.172294 0.001065 -0.06817 -0.011691
0.158388 -0.188926 -0.028818 -0.411105 -0.173698
0.142584 -0.219466 -0.015942 -0.154426 -0.038604
0.17865 -0.148262 0.06625 -0.192784 -0.238905
0.17865 -0.148262 0.06625 -0.192784 -0.238905
0.17865 -0.148262 0.06625 -0.192784 -0.238905
0.177731 -0.127619 0.00293 -0.24054 -0.057628
0.247657 -0.098233 0.104496 0.142076 0.012425
0.247657 -0.098233 0.104496 0.142076 0.012425
0.247657 -0.098233 0.104496 0.142076 0.012425
0.247657 -0.098233 0.104496 0.142076 0.012425
0.247657 -0.098233 0.104496 0.142076 0.012425
0.247657 -0.098233 0.104496 0.142076 0.012425
0.265041 -0.07516 0.111007 0.143795 0.069144
0.260148 -0.031355 0.124957 0.136636 0.036195
0.260148 -0.031355 0.124957 0.136636 0.036195
0.060857 -0.251345 -0.039232 -0.166505 0.064504
0.212395 -0.11901 0.053973 -0.007105 0.128004
0.227543 -0.149845 0.012989 -0.071648 0.185015
0.23672 -0.089893 0.113236 0.093485 -0.010352
0.23672 -0.089893 0.113236 0.093485 -0.010352
0.23672 -0.089893 0.113236 0.093485 -0.010352
0.110697 -0.332206 -0.024568 -0.168209 0.012058
0.161537 -0.280422 -0.012082 0.208169 0.371393
0.243783 -0.095086 0.077439 0.131582 0.150661
0.243783 -0.095086 0.077439 0.131582 0.150661
0.158262 -0.203498 0.007553 0.115728 0.267101
0.180896 -0.258442 0.067585 0.172697 0.094046
0.151588 -0.146372 -0.006287 -0.34202 -0.149904
0.151588 -0.146372 -0.006287 -0.34202 -0.149904
0.249287 -0.204017 0.096152 0.235172 0.130649
0.249287 -0.204017 0.096152 0.235172 0.130649
0.215787 -0.294759 0.042515 0.287777 0.219145
0.196062 -0.280279 0.003111 0.139453 0.250912
0.196062 -0.280279 0.003111 0.139453 0.250912
0.155526 -0.309526 0.037524 0.066392 0.001285
0.20503 -0.167221 0.05559 0.047167 0.088834
0.20503 -0.167221 0.05559 0.047167 0.088834
0.205011 -0.117821 0.074209 -0.037276 -0.008235
0.205011 -0.117821 0.074209 -0.037276 -0.008235
0.222019 -0.045658 0.114538 -0.037223 -0.073555
0.314789 -0.000473 0.144464 0.070808 -0.034266
0.314789 -0.000473 0.144464 0.070808 -0.034266
0.314789 -0.000473 0.144464 0.070808 -0.034266
0.27558 -0.113064 0.114627 0.02782 -0.016248
0.286677 -0.133117 0.044112 0.033416 0.139812
0.286677 -0.133117 0.044112 0.033416 0.139812
0.291651 -0.072241 0.095835 -0.033859 -0.089705
0.248731 -0.088197 0.039248 -0.281523 -0.065557
0.230724 -0.179898 0.028151 -0.073774 0.07254
0.230724 -0.179898 0.028151 -0.073774 0.07254
0.230724 -0.179898 0.028151 -0.073774 0.07254
0.137882 -0.257033 -0.072334 -0.129938 0.205257
0.148718 -0.238161 -0.004438 0.119853 0.207896
0.183617 -0.122904 0.043777 -0.061818 0.012538
0.183617 -0.122904 0.043777 -0.061818 0.012538
0.237851 -0.027458 0.180381 0.040093 -0.305333
0.272083 -0.003598 0.133646 0.035422 -0.144819
0.328399 -0.076723 0.154741 -0.077675 -0.235341
0.328399 -0.076723 0.154741 -0.077675 -0.235341
0.040089 -0.404444 -0.089943 0.169633 0.366301
0.040089 -0.404444 -0.089943 0.169633 0.366301
0.170865 -0.223042 0.013692 -0.104018 -0.110617
0.206904 -0.086505 0.101055 -0.013485 -0.152822
0.128524 -0.247426 -0.033687 -0.207844 0.058702
0.06663 -0.400171 -0.147165 -0.292619 0.202934
0.06663 -0.400171 -0.147165 -0.292619 0.202934
0.06663 -0.400171 -0.147165 -0.292619 0.202934
0.034898 -0.380914 -0.161977 -0.385564 0.128327
-0.020265 -0.399887 -0.178216 -0.260815 0.293367
-0.020265 -0.399887 -0.178216 -0.260815 0.293367
-0.020265 -0.399887 -0.178216 -0.260815 0.293367
-0.020265 -0.399887 -0.178216 -0.260815 0.293367
-0.020265 -0.399887 -0.178216 -0.260815 0.293367
0.069973 -0.396797 -0.103977 -0.058179 0.346958
0.15713 -0.219881 -0.015033 -0.09605 0.091147
0.174063 -0.137808 0.058054 0.266325 0.274692
0.125435 -0.20233 0.018096 0.173696 0.186068
0.166862 -0.143262 0.026796 -0.17826 -0.094383
0.157647 -0.146251 -0.022684 -0.277343 -0.028722
0.144649 -0.158215 -0.057564 -0.1939 0.115019
0.195895 -0.154974 -0.032031 -0.138258 0.175905
0.195895 -0.154974 -0.032031 -0.138258 0.175905
0.191423 -0.111439 0.00217 -0.005911 0.216149
0.191423 -0.111439 0.00217 -0.005911 0.216149
0.191423 -0.111439 0.00217 -0.005911 0.216149
0.157455 -0.20044 -0.021204 -0.227707 -0.046358
0.157455 -0.20044 -0.021204 -0.227707 -0.046358
0.157455 -0.20044 -0.021204 -0.227707 -0.046358
0.157455 -0.20044 -0.021204 -0.227707 -0.046358
0.252471 -0.112571 0.038208 -0.295847 -0.211114
0.058965 -0.223139 -0.053834 -0.303019 -0.127121
-0.034981 -0.331149 -0.175737 -0.289722 0.197524
-0.06661 -0.3873 -0.187701 -0.272404 0.20187
-0.06661 -0.3873 -0.187701 -0.272404 0.20187
0.006654 -0.303973 -0.098492 -0.190428 0.021772
0.109205 -0.285155 -0.080026 -0.371922 -0.095939
0.150731 -0.214758 -0.096278 -0.517133 -0.107298
0.19492 -0.114953 -0.024618 -0.271514 0.096669
0.19492 -0.114953 -0.024618 -0.271514 0.096669
0.2032 -0.156939 0.023436 0.017061 0.149793
0.235637 -0.119721 0.058399 -0.058402 0.016869
0.166115 -0.226081 -0.006017 -0.229829 -0.020919
0.166115 -0.226081 -0.006017 -0.229829 -0.020919
0.166115 -0.226081 -0.006017 -0.229829 -0.020919
0.166115 -0.226081 -0.006017 -0.229829 -0.020919
0.166115 -0.226081 -0.006017 -0.229829 -0.020919
0.109729 -0.253949 -0.04558 -0.41864 -0.087599
0.109729 -0.253949 -0.04558 -0.41864 -0.087599
0.217341 -0.207313 0.033748 -0.357882 -0.32839
0.217341 -0.207313 0.033748 -0.357882 -0.32839
0.217341 -0.207313 0.033748 -0.357882 -0.32839
0.050814 -0.286936 -0.094387 -0.46657 -0.117762
0.050814 -0.286936 -0.094387 -0.46657 -0.117762
0.050814 -0.286936 -0.094387 -0.46657 -0.117762
0.050814 -0.286936 -0.094387 -0.46657 -0.117762
0.050814 -0.286936 -0.094387 -0.46657 -0.117762
0.050814 -0.286936 -0.094387 -0.46657 -0.117762
0.095907 -0.301992 -0.084276 -0.372031 -0.04239
0.233344 -0.1669 0.025722 -0.223976 -0.053042
0.211852 -0.120551 -0.005498 -0.24847 0.02193
0.211852 -0.120551 -0.005498 -0.24847 0.02193
0.211852 -0.120551 -0.005498 -0.24847 0.02193
0.179477 -0.283442 -0.014782 -0.254877 -0.120963
0.153941 -0.354966 -0.016692 -0.055252 0.019859
0.148354 -0.334165 -0.031273 -0.251015 -0.057479
0.148354 -0.334165 -0.031273 -0.251015 -0.057479
0.123419 -0.289479 -0.000553 -0.160346 -0.106228
0.13502 -0.211273 0.018194 0.238247 0.221286
0.13502 -0.211273 0.018194 0.238247 0.221286
0.13502 -0.211273 0.018194 0.238247 0.221286
0.13502 -0.211273 0.018194 0.238247 0.221286
0.175841 -0.195308 0.009216 0.024654 0.037422
0.134559 -0.20955 -0.003714 0.005031 0.075046
0.21006 -0.120214 0.071294 0.092348 0.014257
0.057944 -0.343062 -0.100514 -0.211514 0.200425
0.057944 -0.343062 -0.100514 -0.211514 0.200425
0.100349 -0.355157 -0.091605 -0.434674 0.02219
0.100349 -0.355157 -0.091605 -0.434674 0.02219
0.100349 -0.355157 -0.091605 -0.434674 0.02219
0.100349 -0.355157 -0.091605 -0.434674 0.02219
0.100349 -0.355157 -0.091605 -0.434674 0.02219
0.100349 -0.355157 -0.091605 -0.434674 0.02219
0.100349 -0.355157 -0.091605 -0.434674 0.02219
0.140517 -0.285043 -0.016095 -0.325996 -0.075831
0.071482 -0.333204 -0.119624 -0.443649 0.107986
0.071482 -0.333204 -0.119624 -0.443649 0.107986
0.150395 -0.208593 -0.065723 -0.349815 0.087702
0.150395 -0.208593 -0.065723 -0.349815 0.087702
0.150395 -0.208593 -0.065723 -0.349815 0.087702
0.150395 -0.208593 -0.065723 -0.349815 0.087702
0.150395 -0.208593 -0.065723 -0.349815 0.087702
0.012821 -0.265127 -0.075208 -0.005096 0.316739
0.012821 -0.265127 -0.075208 -0.005096 0.316739
-0.017619 -0.270625 -0.091317 -0.116732 0.272939
0.014315 -0.218535 -0.053378 -0.068018 0.214638
0.123656 -0.147101 -0.054556 -0.386112 0.042026
0.123656 -0.147101 -0.054556 -0.386112 0.042026
0.08782 -0.246931 -0.134349 -0.419754 0.119352
0.183315 -0.286181 -0.069243 -0.432344 -0.017352
0.183315 -0.286181 -0.069243 -0.432344 -0.017352
0.183315 -0.286181 -0.069243 -0.432344 -0.017352
0.233125 -0.192646 0.063272 -0.190902 -0.185645
0.16153 -0.305915 -0.027266 -0.117452 0.101259
0.112556 -0.276351 -0.065355 -0.282092 0.033897
0.181433 -0.144247 0.014905 -0.193339 0.009463
0.210848 -0.055384 0.051199 0.030419 0.140807
0.21306 -0.112968 0.026234 0.021696 0.080866
0.220498 -0.138991 0.015556 -0.16755 -0.067301
0.203046 -0.061562 0.027361 -0.120346 -0.083216
0.203046 -0.061562 0.027361 -0.120346 -0.083216
0.169355 -0.098425 0.021472 -0.128212 -0.170171
0.157819 -0.166274 0.040086 0.098382 -0.013829
0.157819 -0.166274 0.040086 0.098382 -0.013829
0.132815 -0.138826 -0.042735 -0.271658 0.035875
0.132815 -0.138826 -0.042735 -0.271658 0.035875
0.081557 -0.203823 -0.00809 0.163301 0.243072
0.026908 -0.293597 -0.099044 -0.076534 0.29919
0.125121 -0.356902 -0.050839 -0.092799 0.167292
0.138464 -0.24088 0.011318 -0.1673 -0.029393
0.127292 -0.257913 0.004104 -0.140936 -0.148816
0.194518 -0.088894 0.070453 -0.218128 -0.310315
0.161751 -0.134226 0.046012 -0.114936 -0.118618
0.161751 -0.134226 0.046012 -0.114936 -0.118618
0.161751 -0.134226 0.046012 -0.114936 -0.118618
0.104096 -0.266813 0.009633 0.192502 0.190882
0.104096 -0.266813 0.009633 0.192502 0.190882
0.111517 -0.251983 -0.006477 -0.02419 0.053929
0.111517 -0.251983 -0.006477 -0.02419 0.053929
0.089082 -0.356515 -0.039459 0.055699 0.221235
0.112724 -0.266911 0.012455 -0.054874 0.056893
0.153717 -0.17158 0.075534 0.122131 0.067918
0.18814 -0.131888 0.044327 -0.092337 0.052158
0.121379 -0.194827 -0.079961 -0.337797 0.062891
0.167492 -0.175479 -0.02079 -0.252134 -0.015288
0.167492 -0.175479 -0.02079 -0.252134 -0.015288
0.167492 -0.175479 -0.02079 -0.252134 -0.015288
0.223808 -0.100115 0.06866 0.033899 -0.025318
0.22638 -0.031127 0.104399 -0.04023 -0.211315
0.14828 -0.226196 -0.061858 -0.224732 0.096135
0.14626 -0.131756 0.013715 -0.215809 -0.077054
0.14626 -0.131756 0.013715 -0.215809 -0.077054
0.153206 -0.155056 -0.004605 -0.292453 -0.171956
0.153206 -0.155056 -0.004605 -0.292453 -0.171956
0.153206 -0.155056 -0.004605 -0.292453 -0.171956
0.146201 -0.202722 -0.061781 -0.247279 0.103156
0.146201 -0.202722 -0.061781 -0.247279 0.103156
0.126612 -0.234371 -0.07959 -0.171877 0.210886
0.126612 -0.234371 -0.07959 -0.171877 0.210886
0.208853 -0.162533 -0.001136 -0.118569 0.059448
0.23441 -0.169758 0.024105 -0.248162 -0.105452
0.152671 -0.251403 -0.037409 -0.202888 0.084818
0.091355 -0.300703 -0.013546 -0.094211 0.020504
0.012055 -0.421823 -0.057525 -0.133228 0.069359
0.123011 -0.260409 -0.066938 -0.154994 0.20602
0.192112 -0.136913 0.096699 0.175715 0.007681
0.244769 -0.109194 0.125404 -0.061869 -0.188949
0.244769 -0.109194 0.125404 -0.061869 -0.188949
0.244769 -0.109194 0.125404 -0.061869 -0.188949
0.210867 -0.224773 -0.005847 -0.285024 -0.016376
0.178431 -0.24967 -0.003401 -0.18814 0.028821
0.171718 -0.192591 -0.003373 -0.15241 0.06222
0.171718 -0.192591 -0.003373 -0.15241 0.06222
0.140399 -0.26056 -0.031982 -0.077493 0.128969
0.186891 -0.133468 -0.03543 -0.260434 0.013204
0.186891 -0.133468 -0.03543 -0.260434 0.013204
0.117148 -0.253327 -0.063193 -0.025984 0.163063
0.117148 -0.253327 -0.063193 -0.025984 0.163063
0.117148 -0.253327 -0.063193 -0.025984 0.163063
0.117148 -0.253327 -0.063193 -0.025984 0.163063
0.284979 -0.127286 0.078902 -0.118272 -0.121629
0.284979 -0.127286 0.078902 -0.118272 -0.121629
0.173952 -0.220416 0.004311 -0.27017 -0.092747
0.179092 -0.258487 -0.030592 -0.343283 -0.034776
0.179092 -0.258487 -0.030592 -0.343283 -0.034776
0.275281 -0.096433 0.106293 -0.160189 -0.177808
0.229993 -0.070032 0.108662 0.014781 -0.042513
0.16713 -0.124252 0.007543 -0.052636 0.099468
0.25209 -0.144946 0.055731 -0.138795 -0.199709
0.235099 -0.149135 0.067466 0.246707 0.157812
0.227691 -0.01723 0.098544 0.094239 -0.00955
0.14521 -0.166825 0.067919 0.330825 0.329801
0.14521 -0.166825 0.067919 0.330825 0.329801
0.14521 -0.166825 0.067919 0.330825 0.329801
0.254116 -0.158162 0.130001 0.381973 0.26972
0.265225 -0.161482 0.141911 0.120206 0.002391
0.276196 -0.147267 0.120589 0.248459 0.231858
0.276196 -0.147267 0.120589 0.248459 0.231858
0.276196 -0.147267 0.120589 0.248459 0.231858
0.251155 -0.183454 0.078633 0.191918 0.313163
0.251155 -0.183454 0.078633 0.191918 0.313163
0.251155 -0.183454 0.078633 0.191918 0.313163
0.237861 -0.240817 0.041247 0.213642 0.346505
0.288527 -0.194491 0.033056 -0.069232 0.090107
0.223785 -0.3017 0.04528 -0.036062 -0.037221
0.245865 -0.192125 0.082343 -0.093207 -0.096333
0.245865 -0.192125 0.082343 -0.093207 -0.096333
0.227308 -0.272888 0.041598 0.13991 -0.005012
0.155676 -0.328628 -0.01728 0.05409 0.042651
0.224907 -0.084112 0.040214 0.108885 0.160036
0.125138 -0.273188 -0.036436 0.115732 0.296132
0.150171 -0.250912 -0.045097 -0.211558 0.063077
0.136426 -0.320175 -0.053786 -0.102311 0.186256
0.188841 -0.166116 0.06614 -0.047596 -0.062823
0.232484 -0.057728 0.084471 0.149168 0.273835
0.284726 -0.112174 0.124673 0.335736 0.330947
0.284726 -0.112174 0.124673 0.335736 0.330947
0.284726 -0.112174 0.124673 0.335736 0.330947
0.218844 -0.191012 0.018182 0.082818 0.279626
0.127396 -0.319896 -0.028753 0.052345 0.264928
0.127396 -0.319896 -0.028753 0.052345 0.264928
0.230793 -0.17557 0.010677 -0.258012 0.042771
0.233341 -0.183405 -0.005691 0.010687 0.306699
0.19402 -0.13488 0.053638 -0.016875 -0.011023
0.19402 -0.13488 0.053638 -0.016875 -0.011023
0.19402 -0.13488 0.053638 -0.016875 -0.011023
0.142162 -0.196009 0.009004 0.087185 0.168145
0.207244 -0.266799 -0.014083 -0.21354 -0.10958
0.226334 -0.192853 0.021459 -0.144183 -0.148522
0.225541 -0.176796 0.043642 0.052159 -0.065637
0.225541 -0.176796 0.043642 0.052159 -0.065637
0.159762 -0.182713 0.044724 0.286471 0.155612
0.16425 -0.136319 -0.014226 -0.109955 0.085549
0.186643 -0.103363 -0.044044 -0.363265 0.00779
0.186643 -0.103363 -0.044044 -0.363265 0.00779
0.186643 -0.103363 -0.044044 -0.363265 0.00779
0.182088 -0.213827 -0.08707 -0.332805 0.124288
0.066814 -0.28443 -0.095918 -0.316293 0.143192
0.066814 -0.28443 -0.095918 -0.316293 0.143192
0.137515 -0.252803 -0.021223 -0.157001 0.047459
0.107343 -0.232336 -0.036556 -0.107873 0.163403
0.171678 -0.182046 0.018385 -0.239322 -0.171341
0.171678 -0.182046 0.018385 -0.239322 -0.171341
0.140934 -0.174468 -0.007084 -0.202541 -0.020709
0.140934 -0.174468 -0.007084 -0.202541 -0.020709
0.17337 -0.13994 0.025851 -0.116269 -0.038878
0.245179 -0.01814 0.11952 0.043805 -0.109134
0.194936 -0.109077 0.081153 0.201792 0.089662
0.212893 -0.158768 0.088985 -0.072079 -0.187537
0.123051 -0.299145 -0.046366 -0.280267 -0.043893
0.123051 -0.299145 -0.046366 -0.280267 -0.043893
0.123051 -0.299145 -0.046366 -0.280267 -0.043893
0.123051 -0.299145 -0.046366 -0.280267 -0.043893
0.123051 -0.299145 -0.046366 -0.280267 -0.043893
0.093583 -0.34132 -0.034059 -0.177783 -0.050183
0.213269 -0.256015 0.008419 -0.156907 0.037571
0.213269 -0.256015 0.008419 -0.156907 0.037571
0.123646 -0.390966 -0.087251 -0.246127 0.117094
0.195588 -0.295345 -0.037129 -0.255167 0.044836
0.199047 -0.083477 0.013803 -0.479128 -0.16869
0.199047 -0.083477 0.013803 -0.479128 -0.16869
0.076864 -0.171608 -0.035185 -0.075298 0.184882
0.078899 -0.196609 -0.046475 -0.186585 0.025833
0.078899 -0.196609 -0.046475 -0.186585 0.025833
0.010324 -0.264153 -0.082123 -0.071188 0.218971
0.220882 -0.0757 0.058745 -0.278149 -0.112986
0.087284 -0.180344 -0.073785 -0.013963 0.263522
0.103907 -0.188883 -0.095679 -0.348075 0.155091
0.084127 -0.249059 -0.081665 -0.141058 0.271821
0.106311 -0.234465 -0.01383 -0.048631 0.132285
0.038109 -0.308076 -0.014042 0.117517 0.222722
-0.0313 -0.450431 -0.166963 0.081587 0.48055
0.052142 -0.25546 -0.11382 -0.089472 0.411975
-0.038536 -0.341943 -0.095422 0.161322 0.474538
-0.043079 -0.479908 -0.097682 -0.152343 0.060769
0.167029 -0.246736 0.030035 -0.202817 -0.068847
0.198422 -0.15872 0.093989 0.333135 0.322031
0.222551 -0.193405 0.022315 0.207648 0.432486
0.222551 -0.193405 0.022315 0.207648 0.432486
0.181024 -0.211686 0.02858 0.352498 0.350527
0.181024 -0.211686 0.02858 0.352498 0.350527
0.166078 -0.106334 0.054035 0.061771 0.004539
0.166078 -0.106334 0.054035 0.061771 0.004539
0.16537 -0.037381 0.063876 0.07089 -0.005832
0.123751 -0.141515 0.021544 0.100891 0.089136
0.249018 -0.085801 0.058411 -0.229042 -0.068554
0.266341 -0.0579 0.058709 -0.205616 -0.056958
0.266341 -0.0579 0.058709 -0.205616 -0.056958
0.281132 -0.061245 0.116617 -0.143194 -0.113689
0.299436 -0.024527 0.161917 -0.02531 -0.093966
0.218062 -0.196012 0.102352 0.157865 0.213073
0.247116 -0.168626 0.1382 0.431978 0.365746
0.247116 -0.168626 0.1382 0.431978 0.365746
0.247116 -0.168626 0.1382 0.431978 0.365746
0.247116 -0.168626 0.1382 0.431978 0.365746
0.247116 -0.168626 0.1382 0.431978 0.365746
0.247116 -0.168626 0.1382 0.431978 0.365746
0.247116 -0.168626 0.1382 0.431978 0.365746
0.247116 -0.168626 0.1382 0.431978 0.365746
0.247116 -0.168626 0.1382 0.431978 0.365746
0.247116 -0.168626 0.1382 0.431978 0.365746
0.247116 -0.168626 0.1382 0.431978 0.365746
0.247116 -0.168626 0.1382 0.431978 0.365746
0.247116 -0.168626 0.1382 0.431978 0.365746
0.184781 -0.2623 0.051451 0.186517 0.275824
0.171954 -0.199317 0.028503 0.239472 0.328606
0.171954 -0.199317 0.028503 0.239472 0.328606
0.171954 -0.199317 0.028503 0.239472 0.328606
0.095712 -0.232252 -0.090144 -0.238598 0.153357
0.095712 -0.232252 -0.090144 -0.238598 0.153357
0.095712 -0.232252 -0.090144 -0.238598 0.153357
0.072692 -0.296581 -0.106882 -0.227 0.186953
0.09181 -0.271792 -0.044555 -0.057075 0.052602
0.09181 -0.271792 -0.044555 -0.057075 0.052602
0.192001 -0.126757 0.060201 -0.010642 -0.096621
0.205425 -0.153409 0.020905 -0.129353 -0.146297
0.205425 -0.153409 0.020905 -0.129353 -0.146297
0.16582 -0.221188 0.035416 0.067718 -0.065647
0.109933 -0.299761 -0.001729 0.181816 0.199948
0.128768 -0.321888 -0.008969 -0.047261 -0.030606
0.128768 -0.321888 -0.008969 -0.047261 -0.030606
0.083921 -0.343901 -0.069323 -0.156763 0.118782
0.083921 -0.343901 -0.069323 -0.156763 0.118782
0.122571 -0.337858 -0.048683 -0.037373 0.173345
0.231409 -0.19602 0.051301 -0.099229 -0.095312
0.183425 -0.237884 0.07375 0.140491 0.07755
0.19363 -0.13626 0.097409 -0.037412 -0.117885
0.225941 -0.135539 0.104433 -0.106187 -0.180809
0.204867 -0.115135 0.10104 -0.086706 -0.060185
0.155891 -0.1171 0.114798 0.277822 0.099327
0.117517 -0.224629 0.035568 0.049737 0.090982
0.117517 -0.224629 0.035568 0.049737 0.090982
0.027326 -0.339616 -0.057723 -0.080108 0.011576
0.017017 -0.402323 -0.016859 0.043901 0.027438
-0.018733 -0.389265 -0.010016 -0.015841 -0.120004
-0.019538 -0.352371 -0.038429 -0.023293 0.069644
0.12175 -0.141051 0.040388 -0.140933 -0.167767
0.176378 -0.14419 0.028893 -0.135187 -0.15059
0.176378 -0.14419 0.028893 -0.135187 -0.15059
0.096505 -0.273875 0.000136 -0.050862 -0.053953
0.252221 0.013085 0.154602 0.084922 -0.086439
0.210871 -0.023436 0.125915 0.10695 0.003002
0.292094 0.00866 0.18618 0.031569 -0.325613
0.176062 -0.190836 0.031034 -0.248312 -0.181003
0.176062 -0.190836 0.031034 -0.248312 -0.181003
0.017045 -0.403964 -0.120742 -0.13725 0.225541
0.188439 -0.239544 0.050907 0.234425 0.235357
0.110123 -0.267826 -0.011365 0.282582 0.426549
0.171996 -0.133417 0.048765 -0.108185 -0.175031
0.217336 -0.15936 0.058166 -0.020806 -0.027675
0.217336 -0.15936 0.058166 -0.020806 -0.027675
0.296116 -0.045881 0.15186 0.184395 -0.021518
0.268357 -0.086795 0.116621 0.10599 0.084871
0.195944 -0.118345 0.043152 -0.17997 -0.094339
0.08001 -0.40164 -0.139138 -0.438135 0.08169
0.08001 -0.40164 -0.139138 -0.438135 0.08169
0.101718 -0.388921 -0.088591 -0.107578 0.183264
0.153464 -0.352301 -0.102801 -0.094759 0.298041
0.039014 -0.502651 -0.163611 -0.189277 0.298788
0.088994 -0.400378 -0.103936 -0.266388 0.068985
0.088994 -0.400378 -0.103936 -0.266388 0.068985
0.110705 -0.356898 -0.060164 -0.168108 0.031099
0.241695 -0.203992 0.0436 -0.104807 -0.191443
0.194574 -0.15615 0.063689 -0.040313 -0.110972
0.218305 -0.14118 0.037445 -0.116478 0.026153
0.218749 -0.127819 0.036947 -0.259033 -0.115015
0.218749 -0.127819 0.036947 -0.259033 -0.115015
0.275198 -0.082781 0.105812 -0.232585 -0.246861
0.253465 -0.139288 0.05181 -0.050853 0.074578
0.224122 -0.142133 0.013984 -0.218959 0.035328
0.172965 -0.115815 0.021291 -0.084908 0.008047
0.144318 -0.248303 -0.01646 -0.185695 -0.07909
0.201969 -0.108425 0.009435 -0.456112 -0.269362
0.169012 -0.175879 -0.017508 -0.324254 -0.109707
0.169012 -0.175879 -0.017508 -0.324254 -0.109707
0.209783 -0.190473 0.056756 -0.16004 -0.22659
0.227816 -0.187325 0.066479 -0.286678 -0.350928
0.244392 -0.108821 0.091709 -0.233674 -0.324302
0.244392 -0.108821 0.091709 -0.233674 -0.324302
0.183719 -0.202855 -0.015769 -0.244221 -0.059942
0.144508 -0.177478 -0.000195 -0.214995 -0.156643
0.144508 -0.177478 -0.000195 -0.214995 -0.156643
0.144508 -0.177478 -0.000195 -0.214995 -0.156643
0.137414 -0.148661 -0.041812 -0.283492 0.09744
0.150837 -0.098241 -0.034404 -0.078928 0.285877
0.150837 -0.098241 -0.034404 -0.078928 0.285877
0.052991 -0.282004 -0.052166 -0.236703 0.034996
0.052991 -0.282004 -0.052166 -0.236703 0.034996
0.192647 -0.092882 0.03528 -0.093254 0.067042
0.192647 -0.092882 0.03528 -0.093254 0.067042
0.143184 -0.168014 0.004237 -0.064215 0.168113
0.132942 -0.160612 -0.010942 0.061537 0.254072
0.079961 -0.339348 -0.098629 -0.03755 0.308335
0.079501 -0.318141 -0.099076 -0.129557 0.254638
0.079501 -0.318141 -0.099076 -0.129557 0.254638
0.122106 -0.269404 -0.079065 -0.381906 0.073278
0.122106 -0.269404 -0.079065 -0.381906 0.073278
0.121468 -0.24042 -0.043319 -0.367876 -0.080014
0.193571 -0.209112 0.029437 -0.199315 -0.178252
0.193571 -0.209112 0.029437 -0.199315 -0.178252
0.193571 -0.209112 0.029437 -0.199315 -0.178252
0.155839 -0.214413 -0.000948 0.029536 0.22583
0.207839 -0.119256 0.061003 0.022644 0.083043
0.182071 -0.225067 0.045966 0.233195 0.194321
0.221195 -0.193201 0.048643 -0.058858 -0.07119
0.221195 -0.193201 0.048643 -0.058858 -0.07119
0.310856 -0.053473 0.127427 0.184301 0.210972
0.273521 -0.017122 0.124398 0.073382 0.013882
0.207571 -0.179874 0.093816 0.022238 -0.090905
0.249913 -0.152983 0.117853 0.211849 0.071835
0.249913 -0.152983 0.117853 0.211849 0.071835
0.277133 -0.156601 0.113536 0.171332 0.013074
0.107931 -0.218956 -0.001538 -0.230633 -0.159296
0.107931 -0.218956 -0.001538 -0.230633 -0.159296
0.107931 -0.218956 -0.001538 -0.230633 -0.159296
0.107931 -0.218956 -0.001538 -0.230633 -0.159296
0.135849 -0.237224 -0.00296 -0.123349 0.054261
0.259214 -0.080956 0.067392 -0.117467 -0.071698
0.232096 -0.122379 0.118428 0.096094 -0.104867
0.249716 -0.085669 0.094268 0.125783 0.006632
0.249716 -0.085669 0.094268 0.125783 0.006632
0.249716 -0.085669 0.094268 0.125783 0.006632
0.249716 -0.085669 0.094268 0.125783 0.006632
0.226171 -0.185345 0.056879 0.070695 0.006136
0.226171 -0.185345 0.056879 0.070695 0.006136
0.226171 -0.185345 0.056879 0.070695 0.006136
0.19156 -0.117765 0.058912 0.287028 0.246759
0.19156 -0.117765 0.058912 0.287028 0.246759
0.242687 -0.048173 0.09894 0.201343 0.139569
0.242687 -0.048173 0.09894 0.201343 0.139569
0.242687 -0.048173 0.09894 0.201343 0.139569
0.170096 -0.023973 0.008502 0.196754 0.359513
0.196885 -0.061283 0.078038 -0.060754 -0.121177
0.163714 -0.07223 -0.013259 -0.072381 0.151622
0.13544 -0.108904 -0.00485 0.196313 0.352566
0.13544 -0.108904 -0.00485 0.196313 0.352566
0.02233 -0.311133 -0.081143 0.133876 0.357936
0.098688 -0.270534 -0.074241 0.037286 0.252865
0.098688 -0.270534 -0.074241 0.037286 0.252865
0.090074 -0.311431 -0.107667 -0.237959 0.155528
0.090074 -0.311431 -0.107667 -0.237959 0.155528
-0.063033 -0.285261 -0.12047 0.002677 0.380436
0.06485 -0.110611 -0.056158 -0.180392 0.107792
0.137036 -0.063128 -0.010649 -0.434332 -0.193017
0.135009 -0.100459 -0.03697 -0.362067 -0.063181
0.135009 -0.100459 -0.03697 -0.362067 -0.063181
0.093893 -0.192944 -0.10673 -0.450514 0.054888
0.175387 -0.205771 -0.023777 -0.225652 0.048363
0.210512 -0.162527 0.062922 0.143136 0.158412
0.210512 -0.162527 0.062922 0.143136 0.158412
0.296882 -0.097584 0.125203 0.128627 -0.000604
0.293761 -0.064114 0.13896 -0.013902 -0.128422
0.293761 -0.064114 0.13896 -0.013902 -0.128422
0.267083 -0.113245 0.1349 0.088374 -0.089008
0.337461 0.000787 0.207283 0.179168 -0.175951
0.337461 0.000787 0.207283 0.179168 -0.175951
0.262611 -0.014946 0.154311 0.152545 -0.022946
0.178458 -0.06572 0.074374 0.043097 0.042571
0.240423 -0.012297 0.102253 -0.198188 -0.14798
0.271251 -0.07169 0.213272 0.355787 0.060287
0.271251 -0.07169 0.213272 0.355787 0.060287
0.172907 -0.224495 0.086096 0.099166 -0.019998
0.200333 -0.079573 0.085167 -0.061774 -0.057397
0.200333 -0.079573 0.085167 -0.061774 -0.057397
0.262336 -0.094003 0.029638 -0.259338 0.017873
0.262336 -0.094003 0.029638 -0.259338 0.017873
0.304834 -0.074815 0.120029 0.342414 0.178077
0.320937 -0.087362 0.173141 0.009846 -0.233816
0.198065 -0.28284 0.024025 -0.247546 -0.165845
0.119967 -0.332536 -0.072598 -0.292881 -0.007467
0.119967 -0.332536 -0.072598 -0.292881 -0.007467
0.162432 -0.270492 -0.027013 -0.298241 -0.07355
0.196414 -0.195469 0.005896 -0.338709 -0.197896
0.196414 -0.195469 0.005896 -0.338709 -0.197896
0.196414 -0.195469 0.005896 -0.338709 -0.197896
0.302168 -0.03897 0.135693 0.110463 -0.032842
0.274721 -0.072844 0.061862 0.020235 0.185547
0.274721 -0.072844 0.061862 0.020235 0.185547
0.206596 -0.069174 0.049049 0.147946 0.254401
0.137514 -0.228356 -0.017921 -0.032896 0.098953
0.159171 -0.141991 0.034312 -0.214603 -0.177434
0.159171 -0.141991 0.034312 -0.214603 -0.177434
0.159171 -0.141991 0.034312 -0.214603 -0.177434
0.136546 -0.132006 0.043358 -0.135797 -0.004875
0.110453 -0.152593 0.007461 -0.056656 0.153657
0.110453 -0.152593 0.007461 -0.056656 0.153657
0.155362 -0.159441 0.011258 -0.443805 -0.240525
0.155362 -0.159441 0.011258 -0.443805 -0.240525
0.155362 -0.159441 0.011258 -0.443805 -0.240525
0.155362 -0.159441 0.011258 -0.443805 -0.240525
0.155362 -0.159441 0.011258 -0.443805 -0.240525
0.155362 -0.159441 0.011258 -0.443805 -0.240525
0.155362 -0.159441 0.011258 -0.443805 -0.240525
0.182718 -0.130695 0.032812 -0.393205 -0.244383
0.155567 -0.137505 0.01735 -0.145215 0.019408
0.290913 0.001769 0.151559 -0.050613 -0.218778
0.243454 -0.10935 0.046184 -0.014331 0.089791
0.243454 -0.10935 0.046184 -0.014331 0.089791
0.268471 -0.120766 0.055986 0.019742 0.090937
0.251776 -0.094078 0.020181 -0.109411 0.105323
0.251776 -0.094078 0.020181 -0.109411 0.105323
0.286085 -0.023111 0.06983 -0.142858 -0.044327
0.286085 -0.023111 0.06983 -0.142858 -0.044327
0.286085 -0.023111 0.06983 -0.142858 -0.044327
0.286085 -0.023111 0.06983 -0.142858 -0.044327
0.240072 -0.169199 0.020579 -0.235795 0.023823
0.290546 -0.029672 0.079418 -0.285463 -0.203393
0.290546 -0.029672 0.079418 -0.285463 -0.203393
0.290546 -0.029672 0.079418 -0.285463 -0.203393
0.266505 -0.117063 0.107188 0.036476 -0.03543
0.210271 -0.153749 0.035071 -0.156235 -0.031125
0.19431 -0.2023 0.012356 -0.15898 -0.118748
0.19431 -0.2023 0.012356 -0.15898 -0.118748
0.179295 -0.148191 0.050393 0.088753 0.11394
0.179295 -0.148191 0.050393 0.088753 0.11394
0.153955 -0.178276 0.040401 0.079145 0.116294
0.113208 -0.091056 -0.011321 -0.191703 -0.001678
0.102308 -0.125127 -0.038263 -0.312482 -0.081685
0.102308 -0.125127 -0.038263 -0.312482 -0.081685
0.216874 -0.057943 0.03677 -0.108588 -0.021341
0.216874 -0.057943 0.03677 -0.108588 -0.021341
0.216858 -0.153476 0.017069 -0.096087 0.122742
0.216858 -0.153476 0.017069 -0.096087 0.122742
0.266053 -0.115287 0.079106 -0.032387 0.023236
0.266053 -0.115287 0.079106 -0.032387 0.023236
0.266053 -0.115287 0.079106 -0.032387 0.023236
0.30166 -0.092653 0.132466 0.179209 -0.023197
0.384773 -0.025253 0.124697 -0.054132 -0.04194
0.395161 0.015669 0.17126 0.077025 -0.00142
0.219454 -0.140513 -0.018645 -0.423669 0.013299
0.219454 -0.140513 -0.018645 -0.423669 0.013299
0.219454 -0.140513 -0.018645 -0.423669 0.013299
0.170586 -0.090722 -0.026724 -0.43629 -0.060492
0.170586 -0.090722 -0.026724 -0.43629 -0.060492
0.13189 -0.219009 -0.044579 -0.382536 -0.038868
0.102205 -0.253789 -0.029491 -0.085705 0.072995
0.101982 -0.247873 -0.081172 -0.285426 0.143354
0.17106 -0.138142 -0.00088 -0.410661 -0.182052
0.247587 -0.080986 0.094993 -0.206705 -0.336049
0.191281 -0.188108 0.0426 -0.122559 -0.106437
0.243537 -0.079402 0.096962 -0.224789 -0.267064
0.243537 -0.079402 0.096962 -0.224789 -0.267064
0.257078 -0.128884 0.057512 -0.03281 -0.006547
0.257078 -0.128884 0.057512 -0.03281 -0.006547
0.254259 -0.187429 -0.003878 -0.083689 0.140411
0.280065 -0.132032 0.066564 -0.037019 -0.019299
0.25752 -0.069295 0.090625 -0.113503 -0.209386
0.25752 -0.069295 0.090625 -0.113503 -0.209386
0.313783 -0.059229 0.148987 -0.144769 -0.364221
0.313783 -0.059229 0.148987 -0.144769 -0.364221
0.290607 -0.075449 0.112495 -0.170286 -0.217205
0.290607 -0.075449 0.112495 -0.170286 -0.217205
0.290607 -0.075449 0.112495 -0.170286 -0.217205
0.126559 -0.236461 -0.071607 0.098838 0.483578
0.126559 -0.236461 -0.071607 0.098838 0.483578
0.221089 -0.121475 0.010664 0.057626 0.168559
0.221089 -0.121475 0.010664 0.057626 0.168559
0.208326 -0.173839 -0.026289 -0.016071 0.202109
0.208326 -0.173839 -0.026289 -0.016071 0.202109
0.239589 -0.132122 0.015078 0.075978 0.217883
0.284547 -0.066973 0.091487 -0.048855 -0.110329
0.19863 -0.154895 0.034075 -0.103347 -0.14398
0.19863 -0.154895 0.034075 -0.103347 -0.14398
0.306582 -0.013461 0.105549 -0.214875 -0.340678
0.222153 -0.09841 0.013433 -0.136757 -0.025318
0.229996 -0.122782 -0.012001 -0.208274 -0.018334
0.244196 -0.166851 0.035034 -0.024494 0.167052
0.276408 -0.101614 0.077831 -0.066395 -0.024102
0.260968 -0.186095 -0.01161 -0.214101 0.169612
0.260968 -0.186095 -0.01161 -0.214101 0.169612
0.078448 -0.359095 -0.09894 -0.320452 0.128603
0.078448 -0.359095 -0.09894 -0.320452 0.128603
0.132146 -0.225831 -0.03206 -0.321867 -0.013976
0.132146 -0.225831 -0.03206 -0.321867 -0.013976
0.266223 -0.208435 0.085805 -0.028047 -0.226515
0.186405 -0.110849 0.093607 0.165511 -0.046862
0.124763 -0.223214 0.005729 0.081125 0.15426
0.172699 -0.224157 -0.06306 -0.343929 -0.02297
0.172699 -0.224157 -0.06306 -0.343929 -0.02297
0.197043 -0.206928 -0.032994 -0.268281 0.00396
0.197043 -0.206928 -0.032994 -0.268281 0.00396
0.184472 -0.113202 0.03845 -0.079862 -0.071289
0.198285 -0.158794 0.027927 -0.031288 0.095827
0.105432 -0.271039 -0.039436 7.6e-05 0.191544
0.105432 -0.271039 -0.039436 7.6e-05 0.191544
0.105432 -0.271039 -0.039436 7.6e-05 0.191544
0.133312 -0.161094 0.091132 0.264251 0.113416
0.187088 -0.095659 0.138322 0.18093 -0.015858
0.16585 -0.177168 0.099609 0.103189 -0.042965
0.215013 -0.094936 0.104995 -0.078816 -0.202663
0.215013 -0.094936 0.104995 -0.078816 -0.202663
0.107001 -0.199478 0.014688 -0.320103 -0.327867
0.107001 -0.199478 0.014688 -0.320103 -0.327867
0.107001 -0.199478 0.014688 -0.320103 -0.327867
0.073263 -0.250302 0.011631 -0.180979 -0.141356
0.139529 -0.153835 0.037744 0.037778 0.09737
0.143765 -0.238907 -0.015652 -0.134252 0.127668
0.143765 -0.238907 -0.015652 -0.134252 0.127668
0.143765 -0.238907 -0.015652 -0.134252 0.127668
0.140783 -0.224443 -0.016284 -0.288323 -0.01617
0.262862 -0.122463 0.024771 -0.07829 0.130037
0.234929 -0.116696 0.009945 -0.587129 -0.294972
0.234929 -0.116696 0.009945 -0.587129 -0.294972
0.234929 -0.116696 0.009945 -0.587129 -0.294972
0.234929 -0.116696 0.009945 -0.587129 -0.294972
0.234929 -0.116696 0.009945 -0.587129 -0.294972
0.234929 -0.116696 0.009945 -0.587129 -0.294972
0.234929 -0.116696 0.009945 -0.587129 -0.294972
0.234929 -0.116696 0.009945 -0.587129 -0.294972
0.234929 -0.116696 0.009945 -0.587129 -0.294972
0.237317 -0.153272 0.025407 0.017872 0.177746
0.237317 -0.153272 0.025407 0.017872 0.177746
0.185423 -0.183473 0.001645 0.002629 0.221671
0.221449 -0.133403 0.072987 0.107077 0.122987
0.255584 -0.090231 0.098984 -0.001943 -0.004128
0.35829 0.073467 0.205459 -0.004542 -0.241456
0.292743 -0.037472 0.214049 0.164914 -0.230007
0.251982 -0.090908 0.171942 0.142919 -0.149207
0.243597 -0.130792 0.164269 0.322688 0.032702
0.087759 -0.257319 0.014488 0.048001 0.130891
0.101308 -0.226088 0.031728 0.223363 0.246746
0.101308 -0.226088 0.031728 0.223363 0.246746
0.221445 -0.082107 0.062454 -0.154097 -0.139008
0.233148 -0.195267 -0.027414 -0.277333 0.027184
0.165721 -0.261591 -0.043652 -0.101743 0.212185
0.099653 -0.327794 -0.107301 -0.188285 0.236861
0.099653 -0.327794 -0.107301 -0.188285 0.236861
0.145581 -0.244583 -0.078829 -0.186895 0.177712
0.063352 -0.338665 -0.129637 -0.204529 0.217328
0.103919 -0.208703 -0.024398 0.149543 0.224142
0.103919 -0.208703 -0.024398 0.149543 0.224142
0.107196 -0.229652 -0.038847 0.054892 0.185232
0.144362 -0.160838 -0.012753 0.112064 0.267983
0.171169 -0.072746 -0.012748 -0.298731 0.012852
0.186485 -0.092034 0.010434 -0.300606 -0.128545
0.200303 -0.145015 0.041273 -0.311108 -0.177346
0.200303 -0.145015 0.041273 -0.311108 -0.177346
0.179083 -0.187841 0.023729 -0.327526 -0.150178
0.179083 -0.187841 0.023729 -0.327526 -0.150178
0.179083 -0.187841 0.023729 -0.327526 -0.150178
0.179083 -0.187841 0.023729 -0.327526 -0.150178
0.23171 -0.150953 0.024451 0.014666 0.186622
0.104391 -0.275329 -0.048325 -0.27434 0.01562
0.104391 -0.275329 -0.048325 -0.27434 0.01562
0.146577 -0.103679 0.020225 -0.216768 -0.131725
0.232132 -0.037246 0.116966 -0.085662 -0.374524
0.214784 -0.042574 0.057916 -0.045917 0.00774
0.206447 -0.11254 0.094155 0.136031 0.049422
0.206447 -0.11254 0.094155 0.136031 0.049422
0.139638 -0.213714 0.002605 -0.089906 -0.054656
0.184933 -0.177095 -0.006184 -0.089926 -0.037713
0.169007 -0.293228 -0.042603 -0.018193 0.145798
0.169007 -0.293228 -0.042603 -0.018193 0.145798
0.260314 -0.137969 0.091598 0.162077 0.054937
0.256559 -0.15702 0.075468 0.009627 0.089785
0.226093 -0.110124 0.053491 -0.081898 0.070726
0.226093 -0.110124 0.053491 -0.081898 0.070726
0.226093 -0.110124 0.053491 -0.081898 0.070726
0.098799 -0.273879 -0.03894 -0.172562 0.03947
0.098799 -0.273879 -0.03894 -0.172562 0.03947
0.172324 -0.074642 0.025259 -0.129399 -0.099571
0.244038 -0.060892 0.026365 -0.135179 0.027111
0.244038 -0.060892 0.026365 -0.135179 0.027111
0.244038 -0.060892 0.026365 -0.135179 0.027111
0.238066 -0.192478 -0.03883 -0.240689 0.089777
0.238066 -0.192478 -0.03883 -0.240689 0.089777
0.182361 -0.295897 -0.014342 0.056621 0.263926
0.152583 -0.275049 -0.051363 -0.159513 0.21586
0.061007 -0.404418 -0.12368 -0.098214 0.274304
0.066735 -0.35869 -0.096306 -0.178229 0.16414
0.066735 -0.35869 -0.096306 -0.178229 0.16414
0.166086 -0.211034 0.048537 0.088927 -0.004243
0.080356 -0.334499 -0.057196 -0.050151 0.192512
0.111731 -0.247975 -0.021236 -0.046647 0.078865
0.111731 -0.247975 -0.021236 -0.046647 0.078865
0.111731 -0.247975 -0.021236 -0.046647 0.078865
0.035891 -0.286884 -0.083106 -0.155942 0.12709
0.018789 -0.389024 -0.126905 -0.161621 0.216353
0.086651 -0.32179 -0.018165 0.132302 0.275298
0.086651 -0.32179 -0.018165 0.132302 0.275298
0.086651 -0.32179 -0.018165 0.132302 0.275298
0.086651 -0.32179 -0.018165 0.132302 0.275298
0.120806 -0.25549 -0.069391 -0.320498 0.134945
0.172174 -0.169804 0.019023 -0.207744 0.007251
0.208094 -0.10427 0.047462 -0.238052 -0.118936
0.179697 -0.18276 0.027334 -0.183712 -0.104847
0.23331 -0.168466 0.05171 -0.049208 0.024686
0.161292 -0.293496 0.060849 0.238319 0.143896
0.116794 -0.290804 -0.00875 0.033203 0.126573
0.145435 -0.241335 0.029946 -0.112398 -0.105547
0.090451 -0.348572 -0.022603 -0.03654 0.053544
0.063793 -0.329547 -0.048728 -0.055639 0.176561
0.092067 -0.272418 -0.020555 -0.049614 0.151611
0.092067 -0.272418 -0.020555 -0.049614 0.151611
0.092067 -0.272418 -0.020555 -0.049614 0.151611
0.077231 -0.303374 -0.080072 -0.208803 0.097681
0.077231 -0.303374 -0.080072 -0.208803 0.097681
0.037904 -0.336806 -0.09619 -0.419951 -0.033857
-0.021617 -0.365098 -0.10437 -0.274305 0.078465
0.149082 -0.153197 0.079869 0.120944 -0.051606
0.149082 -0.153197 0.079869 0.120944 -0.051606
0.188452 -0.060061 0.103752 -0.062148 -0.244938
0.188452 -0.060061 0.103752 -0.062148 -0.244938
0.144513 -0.219971 0.030298 -0.141483 -0.205711
0.138917 -0.236569 -0.043158 -0.307688 -0.096437
0.138917 -0.236569 -0.043158 -0.307688 -0.096437
0.155972 -0.262917 -0.063543 -0.092203 0.180328
0.196225 -0.171565 0.024797 0.205317 0.230192
0.212358 -0.108002 0.027398 0.073501 0.129621
0.101331 -0.193952 -0.042843 0.066591 0.270652
0.101331 -0.193952 -0.042843 0.066591 0.270652
0.101331 -0.193952 -0.042843 0.066591 0.270652
0.060846 -0.325629 -0.076542 -0.075635 0.040424
0.098913 -0.241957 -0.057773 -0.285656 -0.071442
0.098913 -0.241957 -0.057773 -0.285656 -0.071442
0.052969 -0.270501 -0.130877 -0.12739 0.257867
0.206209 -0.145959 0.034346 0.053873 0.040526
0.275408 -0.040682 0.114446 0.034944 -0.164177
0.178153 -0.179131 0.04662 0.122819 0.091243
0.17232 -0.187521 0.031997 -0.196028 -0.133838
0.119124 -0.26856 -0.018372 -0.096118 0.056479
0.267329 -0.229092 0.099395 0.176473 0.085819
0.315425 -0.074949 0.150757 -0.189074 -0.374332
0.243237 -0.130429 0.082248 -0.293606 -0.376204
0.211481 -0.115642 0.077946 -0.176027 -0.290493
0.204684 -0.159396 0.010024 0.032655 0.131377
0.204684 -0.159396 0.010024 0.032655 0.131377
0.147784 -0.18257 -0.019471 -0.19018 -0.026542
0.25369 -0.141941 0.046142 0.02971 0.099694
0.349141 -0.00835 0.174924 0.144861 -0.1359
0.297846 -0.01301 0.164322 -0.030473 -0.214234
0.233176 -0.096641 0.087342 0.000713 -0.04476
0.245912 -0.038955 0.083061 -0.257182 -0.197044
0.245912 -0.038955 0.083061 -0.257182 -0.197044
0.208041 -0.079773 0.097109 0.008112 -0.032781
0.159664 -0.13842 0.084972 0.210589 0.088629
0.159664 -0.13842 0.084972 0.210589 0.088629
0.190699 -0.228197 0.045961 -0.024616 -0.004216
0.216188 -0.16077 0.049207 -0.185198 -0.127651
0.216188 -0.16077 0.049207 -0.185198 -0.127651
0.216188 -0.16077 0.049207 -0.185198 -0.127651
0.216188 -0.16077 0.049207 -0.185198 -0.127651
0.175303 -0.129216 0.071138 0.135503 0.032944
0.276057 0.021465 0.146869 0.064245 -0.165226
0.276057 0.021465 0.146869 0.064245 -0.165226
0.276057 0.021465 0.146869 0.064245 -0.165226
0.276057 0.021465 0.146869 0.064245 -0.165226
0.276057 0.021465 0.146869 0.064245 -0.165226
0.110751 -0.139018 0.002931 -0.011514 0.155638
0.114891 -0.196905 -0.02867 -0.449543 -0.14524
0.114891 -0.196905 -0.02867 -0.449543 -0.14524
0.114891 -0.196905 -0.02867 -0.449543 -0.14524
0.114891 -0.196905 -0.02867 -0.449543 -0.14524
0.114891 -0.196905 -0.02867 -0.449543 -0.14524
0.114891 -0.196905 -0.02867 -0.449543 -0.14524
0.114891 -0.196905 -0.02867 -0.449543 -0.14524
0.054318 -0.238613 -0.02273 0.013601 0.090614
0.140438 -0.169573 0.026417 -0.004863 0.052451
0.118355 -0.247238 0.001051 0.003659 0.043079
0.165391 -0.307384 -0.017433 -0.21577 -0.01795
0.152129 -0.327837 -0.017423 -0.082787 0.04162
0.152129 -0.327837 -0.017423 -0.082787 0.04162
0.238564 -0.241911 0.05091 -0.310202 -0.275952
0.324142 -0.132186 0.13795 -0.205991 -0.306627
0.324142 -0.132186 0.13795 -0.205991 -0.306627
0.308236 -0.190999 0.078932 -0.323275 -0.258054
0.261994 -0.149701 0.070698 0.041976 0.068723
0.250061 -0.143053 0.04139 -0.121708 0.020161
0.250061 -0.143053 0.04139 -0.121708 0.020161
0.206393 -0.156785 0.03194 -0.075614 0.033664
0.206393 -0.156785 0.03194 -0.075614 0.033664
0.277614 -0.075471 0.170328 0.087913 -0.267727
0.334267 0.009688 0.191044 0.15284 -0.125956
0.248805 -0.173127 0.104761 0.214408 0.075059
0.182357 -0.298257 -0.002915 -0.030619 0.095256
