-920.4959
-721.0847
-720.6427
-720.6427
-720.3471
-721.3211
-721.3211
-720.9827
-720.9827
-723.1835
-720.4918
-719.6015
-719.7422
-720.3104
-719.5254
-719.5254
-721.4486
-722.8697
-722.8697
-721.9459
-721.9467
-721.3794
-720.9687
-720.5447
-720.5447
-719.2808
-720.0836
-719.2459
-719.6615
-721.0917
-720.5426
-720.2781
-720.2781
-719.3442
-719.3442
-719.3442
-721.2648
-720.3768
-720.0235
-719.7716
-720.0231
-720.0231
-720.0231
-720.03
-720.03
-720.03
-721.152
-720.7511
-720.7511
-720.5804
-720.3604
-723.2564
-719.2369
-719.6609
-719.3174
-721.0243
-721.0922
-720.4335
-720.3864
-719.8871
-719.8306
-721.9933
-720.6009
-720.5323
-719.7952
-719.7952
-719.7198
-719.7298
-720.2446
-719.661
-720.3018
-720.3018
-720.3124
-720.0234
-719.5654
-719.5585
-720.709
-719.9593
-719.5331
-721.5967
-720.7557
-720.7557
-720.7557
-722.1249
-720.1334
-721.3755
-719.4805
-719.3791
-720.5931
-722.1638
-723.0789
-723.1442
-723.5621
-723.5621
-722.7932
-721.254
-721.2831
-720.2617
-720.2617
-720.2617
-720.2617
-720.676
-720.954
-720.954
-723.9921
-722.8097
-722.8097
-722.8097
-722.8097
-723.2809
-721.8618
-721.5341
-720.0679
-719.5896
-719.5896
-721.9895
-720.5283
-720.5283
-720.2409
-720.2409
-719.7541
-719.7541
-719.7541
-719.5666
-719.9501
-720.9913
-720.7831
-719.5521
-719.1922
-719.1922
-719.1922
-719.1922
-720.0369
-720.2767
-720.5807
-721.3157
-719.4708
-719.2053
-719.7064
-719.5867
-720.9573
-720.7985
-721.98
-723.0184
-722.7188
-721.8784
-722.9478
-720.1296
-720.1296
-720.1296
-719.9253
-719.9253
-720.0267
-720.0267
-720.0267
-719.8927
-719.7305
-719.7305
-719.7305
-719.7305
-719.7305
-721.373
-720.9855
-720.9855
-720.5683
-720.5683
-720.5683
-721.5242
-721.9247
-720.638
-720.638
-719.9886
-720.9691
-720.5151
-720.9958
-720.0697
-720.0697
-720.0697
-720.0697
-720.0697
-720.1143
-720.1143
-720.4682
-720.572
-720.572
-719.8204
-719.563
-719.4119
-719.4119
-719.4119
-719.4119
-719.4119
-719.4119
-719.1577
-719.1577
-719.1577
-719.1577
-719.1577
-719.1577
-719.1577
-719.1577
-719.9454
-720.7327
-720.2602
-720.482
-721.5972
-721.628
-721.628
-722.9401
-721.567
-720.4245
-719.938
-720.0409
-720.0409
-719.5139
-719.5139
-720.0452
-720.0452
-719.8512
-720.5327
-719.2946
-719.4427
-719.691
-719.2425
-719.2425
-719.2425
-719.5354
-719.5354
-720.1322
-719.9451
-720.2746
-720.4754
-720.4754
-720.4754
-722.2734
-721.3086
-722.383
-720.9158
-721.3442
-720.4249
-721.6569
-721.6569
-725.5487
-723.6116
-723.8067
-723.8067
-722.5304
-720.7026
-722.4081
-721.0514
-721.0514
-719.9367
-719.9367
-719.9367
-719.4078
-721.2532
-720.122
-720.122
-721.6217
-721.2243
-721.2243
-723.7956
-721.4527
-721.4527
-721.4527
-721.4527
-720.7738
-720.7738
-720.7738
-720.7738
-719.6056
-719.6056
-719.6056
-720.2466
-720.5797
-720.5797
-720.5797
-720.5797
-721.1748
-721.381
-721.381
-721.381
-721.381
-721.381
-723.2796
-721.2617
-722.8762
-722.8762
-720.7444
-721.3866
-721.4667
-721.3714
-720.8844
-720.8441
-720.8441
-720.8441
-719.7011
-720.597
-722.1072
-721.0771
-719.8923
-719.8923
-719.8923
-719.8923
-720.2018
-720.2018
-720.2018
-720.2018
-720.2018
-720.2018
-719.9947
-719.9947
-719.6867
-719.6867
-719.3704
-720.5142
-720.5142
-719.5225
-719.2663
-719.2663
-719.2663
-719.2663
-719.2663
-719.2663
-719.2663
-721.445
-721.1361
-719.2233
-721.6911
-721.6911
-721.6911
-722.2161
-723.6015
-720.7468
-719.9954
-720.4636
-720.9473
-720.0143
-719.7532
-719.9306
-720.3995
-720.3995
-721.5653
-721.6259
-722.0376
-722.3948
-722.3948
-723.4925
-722.1523
-721.7066
-721.7066
-721.5547
-721.5547
-722.3921
-721.1227
-721.1227
-720.2467
-719.8182
-720.8764
-720.8862
-720.8862
-721.255
-721.255
-721.6304
-723.855
-720.739
-720.739
-720.2556
-720.2556
-720.3328
-720.3328
-720.3328
-720.6829
-720.4325
-721.2691
-721.8502
-721.8502
-720.0356
-720.0356
-719.5753
-719.7245
-719.7245
-719.9412
-719.9412
-719.9626
-720.2529
-720.534
-720.1394
-720.1394
-720.1394
-719.787
-719.787
-719.787
-719.787
-719.787
-719.787
-720.1479
-720.1479
-720.1479
-720.7044
-720.7044
-722.2475
-721.9788
-721.9788
-722.3934
-723.9011
-723.9011
-724.2117
-721.704
-723.2324
-721.965
-720.1029
-720.1029
-720.1029
-719.6152
-719.6152
-720.1246
-719.2501
-719.2501
-719.3101
-719.6032
-720.4924
-719.0618
-719.3084
-719.3084
-719.3084
-719.3084
-722.1205
-722.7503
-723.2581
-723.2581
-724.4502
-724.4502
-721.049
-721.049
-721.049
-721.049
-720.2476
-720.2476
-720.075
-720.075
-720.075
-721.7879
-721.7879
-721.7879
-721.7879
-721.7879
-721.7832
-722.1323
-721.8158
-720.6111
-720.1381
-721.4525
-721.4525
-720.9853
-720.7228
-720.7228
-720.7228
-719.9724
-719.9724
-719.441
-720.1578
-720.1578
-720.2406
-720.0299
-719.7751
-719.7751
-719.9786
-719.5914
-719.5485
-720.025
-719.4175
-719.1831
-719.1831
-719.1831
-719.1831
-720.2022
-719.7502
-719.8477
-719.9246
-719.6953
-719.6786
-720.1096
-720.1096
-720.1096
-723.0362
-723.0362
-722.6809
-720.6321
-721.3192
-720.8233
-720.8233
-719.8806
-720.6883
-725.0665
-722.7329
-720.0857
-719.9067
-720.2026
-721.3127
-722.115
-722.115
-720.2792
-719.9796
-719.9796
-719.605
-722.5028
-722.5028
-724.6824
-724.6824
-724.6824
-724.6824
-724.6824
-720.9361
-720.5526
-719.8541
-719.6863
-719.6863
-720.3701
-720.2214
-720.2214
-720.2214
-720.6459
-720.2602
-720.2602
-720.2602
-720.6508
-721.2326
-720.5925
-721.4746
-721.4746
-721.0545
-721.0026
-720.402
-720.1161
-720.1161
-720.1161
-720.1161
-720.1161
-720.0755
-719.9648
-720.1888
-720.1888
-720.9069
-720.4458
-720.2705
-719.4857
-720.7697
-721.1559
-721.9912
-722.9179
-722.442
-720.2833
-720.2833
-720.3697
-720.2818
-720.0132
-719.2225
-720.8442
-720.5431
-723.4545
-724.6909
-722.0457
-720.4244
-720.5962
-720.5962
-720.6829
-720.6829
-720.7275
-722.1246
-721.5589
-720.2989
-720.2989
-720.5035
-719.5091
-719.8916
-720.0369
-720.0369
-719.931
-720.616
-720.1897
-719.2352
-719.5977
-720.1618
-720.3079
-720.3079
-719.3381
-719.875
-720.9603
-720.1208
-720.732
-720.451
-720.451
-720.0753
-721.3467
-721.3467
-721.3467
-721.3467
-721.4589
-721.4015
-721.4031
-721.4031
-721.4031
-721.4031
-722.1124
-722.1124
-721.8958
-719.546
-720.102
-720.102
-720.102
-720.102
-720.102
-720.102
-720.102
-719.7666
-720.8515
-720.8515
-721.1749
-721.1749
-722.1348
-720.5331
-720.5331
-719.9286
-719.9119
-720.1434
-720.1434
-720.1434
-722.7483
-721.7157
-720.2767
-720.2767
-720.3711
-720.6251
-723.9474
-724.3577
-722.664
-721.8781
-721.8454
-719.2149
-721.794
-721.8355
-722.1291
-722.8381
-722.8381
-720.9457
-720.7607
-725.7744
-723.8253
-721.8228
-719.3421
-719.3421
-719.3421
-719.3421
-719.3421
-719.3421
-719.3421
-719.3421
-719.3421
-719.3421
-719.3421
-719.3421
-719.3421
-719.3421
-719.3421
-719.3421
-719.3421
-719.3421
-719.3421
-719.3421
-719.3421
-719.3421
-719.3421
-719.3421
-719.3421
-719.3421
-719.3421
-719.3421
-719.3421
-719.3421
-719.3421
-719.3421
-719.3421
-720.341
-720.341
-719.5141
-719.5141
-719.7745
-719.7745
-720.4354
-719.13
-719.13
-719.13
-719.13
-719.8613
-719.8613
-719.7265
-720.7716
-720.7716
-722.4495
-725.0708
-723.8837
-723.8837
-723.4875
-724.5343
-725.3882
-725.3882
-725.3882
-724.0186
-725.033
-725.033
-722.5456
-721.8469
-722.0066
-720.773
-720.773
-720.2062
-719.269
-719.269
-719.917
-719.917
-719.917
-721.3192
-720.8101
-723.0983
-723.0983
-721.8778
-721.8778
-721.123
-720.8236
-720.7017
-720.7017
-719.4558
-719.8351
-719.8351
-719.8351
-721.273
-721.273
-721.0988
-720.5049
-720.481
-720.1198
-719.9655
-719.9827
-719.9827
-719.9827
-719.9827
-719.9827
-722.0764
-722.0764
-720.3461
-721.0699
-720.0657
-719.5064
-719.5064
-720.8301
-720.2017
-723.9648
-720.8221
-720.8221
-721.0948
-720.5965
-719.9248
-719.9248
-719.3721
-719.3721
-719.6854
-720.7913
-720.7913
-720.7913
-720.1112
-719.6825
-719.3671
-720.4514
-720.4888
-720.9236
-720.9236
-720.9236
-720.9236
-720.9236
-720.9236
-720.9236
-719.5208
-720.0195
-719.398
-719.398
-719.398
-719.398
-719.398
-719.6785
-719.6785
-720.5119
-719.564
-721.6519
-720.1811
-721.2725
-721.2725
-721.0145
-720.2626
-721.9005
-721.8528
-721.0971
-721.0971
-722.4572
-719.7085
-720.6751
-720.6751
-721.6981
-721.6372
-721.6372
-721.6372
-721.6372
-721.6372
-721.6372
-721.6372
-721.6372
-721.3834
-721.3834
-719.83
-719.83
-719.83
-722.9838
-722.9838
-722.7554
-721.4875
-721.2366
-720.7766
-721.9674
-721.0626
-719.5662
-719.3035
-719.8124
-719.8124
-720.7044
-719.8751
-721.3446
-721.0702
-719.6966
-719.3299
-719.3663
-719.3663
-719.3663
-719.9961
-719.7042
-719.7014
-719.7014
-721.0208
-720.7562
-720.6056
-720.6056
-720.6056
-722.4248
-721.6694
-721.1762
-721.1762
-720.6501
-721.083
-720.7791
-719.6419
-720.5907
-720.5907
-719.9451
-719.9451
-719.4977
-720.7392
-720.7392
-720.1022
-722.3594
-722.5492
-719.7143
-721.8239
-721.9517
-721.6074
-720.5831
-720.2241
-720.533
-720.3916
-720.9743
-720.9743
-720.9743
-721.421
-719.9684
-721.1122
-720.5487
-720.5487
-720.5487
-719.8855
-719.8855
-720.36
-720.36
-720.36
-720.36
-720.36
-720.4395
-720.4395
-720.4395
-720.3714
-720.3714
-719.6597
-719.9864
-720.1365
-721.202
-722.1792
-721.198
-720.5115
-720.5115
-719.6642
-719.1694
-720.2031
-720.2031
-720.4206
-722.6344
-722.6344
-720.3592
-720.3592
-720.029
-720.029
-720.0916
-719.3333
-719.3333
-719.3333
-719.3333
-719.4764
-720.4213
-720.3262
-719.9754
-719.9282
-719.9282
-719.9282
-720.3089
-720.4907
-720.7285
-720.9888
-720.1794
-719.5851
-719.7933
-720.4063
-720.4101
-720.1387
-720.1387
-719.503
-719.8331
-719.8331
-719.8331
-719.8331
-719.436
-719.436
-719.436
-719.436
-719.436
-720.3471
-719.4336
-719.4336
-719.4336
-719.4336
-719.4336
-719.4336
-719.4336
-719.3688
-719.8907
-719.6762
-719.6762
-720.68
-720.68
-723.3608
-720.5471
-720.6817
-720.6879
-719.8738
-719.8738
-719.4808
-719.6297
-719.2297
-719.2297
-719.8764
-720.7368
-720.7368
-720.6565
-720.6565
-720.2577
-720.2577
-720.2297
-720.6782
-720.6782
-719.7332
-719.7332
-719.2787
-719.6786
-719.6786
-719.6786
-719.6702
-719.6702
-719.6702
-719.0836
-719.5984
-719.9079
-719.9079
-719.9079
-719.9079
-720.3922
-721.044
-719.7472
-719.7472
-719.7472
-719.0795
-719.0795
-719.0795
-719.0795
-719.0795
-719.3062
-719.3062
-719.3062
-720.1857
-720.4032
-720.4032
-720.0056
-719.6937
-719.6937
-719.6937
-719.6937
-719.6937
-720.1725
-720.1725
-720.1725
-720.1725
-720.1725
-720.1725
-720.1725
-719.2579
-719.4521
-719.6422
-719.6422
-719.6422
-719.6118
-720.0074
-719.7437
-719.7437
-719.7437
-720.1053
-720.4147
-720.3073
-720.1288
-720.1288
-721.2686
-720.238
-720.238
-719.6088
-719.6088
-719.6088
-719.1629
-719.7711
-719.5493
-720.9501
-720.881
-720.6635
-720.4276
-720.0433
-720.0433
-720.0433
-719.6163
-720.7693
-720.6052
-720.6052
-720.6052
-721.8849
-720.4269
-720.2642
-720.3545
-719.6893
-719.6893
-719.9321
-721.4205
-720.3114
-719.5856
-719.4555
-719.7068
-719.9116
-722.0231
-722.0231
-719.6713
-719.6713
-720.4669
-721.4352
-721.4352
-721.6027
-720.518
-720.2564
-720.2564
-720.9231
-722.013
-721.5759
-721.0151
-722.9883
-724.7534
-723.4017
-723.8556
-721.354
-721.354
-720.6347
-720.0863
-720.0863
-719.4293
-722.02
-722.02
-722.4565
-719.7012
-719.7012
-720.3003
-720.1747
-720.1747
-720.4156
-720.1148
-720.1148
-719.8522
-719.8522
-720.1866
-720.1866
-719.657
-719.657
-719.9907
-720.7902
-722.4195
-721.2444
-720.092
-720.092
-719.5436
-721.5769
-721.5769
-723.5767
-725.803
-724.4654
-723.6666
-721.1628
-720.0699
-719.3756
-720.2978
-720.2978
-720.2978
-719.402
-720.3473
-720.83
-720.0717
-720.0717
-719.9153
-719.9153
-719.5532
-720.2954
-721.3303
-719.7712
-720.3607
-721.6748
-721.6748
-721.4155
-721.8092
-720.6143
-719.6812
-719.8215
-719.2694
-719.9392
-719.331
-721.7118
-721.7371
-720.171
-720.0515
-720.0515
-719.8643
-719.4399
-720.0626
-720.0626
-721.055
-721.055
-719.7707
-719.7707
-719.7707
-719.1638
-719.7067
-720.0342
-719.6224
-719.6224
-720.2576
-721.2896
-721.11
-720.4513
-721.6028
-721.6028
-720.0714
-720.0714
-721.7037
-720.077
-720.0445
-720.1077
-720.1077
-720.1077
-722.6604
-722.6604
-722.6604
-722.3908
-722.3908
-720.8787
-720.8787
-720.8787
-720.8787
-720.1482
-720.1482
-719.4892
-719.3246
-719.3246
-719.732
-719.732
-719.813
-721.3713
-722.1498
-722.1498
-720.2173
-721.3905
-720.2013
-720.2013
-721.0696
-721.0696
-719.6308
-720.1858
-720.027
-719.576
-719.576
-719.8936
-720.1176
-720.7773
-720.2997
-721.6302
-720.8217
-725.0885
-722.1326
-722.4605
-719.9997
-719.9997
-720.3831
-720.3831
-719.8745
-719.861
-721.3077
-721.6354
-724.1895
-721.904
-721.097
-721.097
-721.6058
-720.0376
-720.0376
-720.0376
-720.0376
-721.1358
-721.1358
