0.332496 -0.768967 -0.911595 -0.286989 -0.304193
0.237207 -0.183028 0.047421 -0.075855 -0.065846
0.178183 -0.266331 0.003411 -0.129096 -0.066263
0.223515 -0.231988 0.064408 0.09534 0.089067
0.223515 -0.231988 0.064408 0.09534 0.089067
0.084626 -0.34324 -0.108605 -0.317499 0.048262
0.215437 -0.263612 -0.012031 -0.208335 0.038975
0.296739 -0.114836 0.102174 -0.022813 -0.052437
0.246309 -0.11991 0.067642 0.044109 0.097638
0.2325 -0.09629 0.041234 -0.108016 0.028172
0.234336 -0.114099 0.111742 0.116445 -0.032427
0.177709 -0.187808 0.073821 0.195073 0.113813
0.194909 -0.234745 0.069511 0.177226 0.129461
0.15901 -0.219067 0.042712 0.129823 0.186391
0.15901 -0.219067 0.042712 0.129823 0.186391
0.231178 -0.083091 0.085181 -0.145488 -0.134395
0.099985 -0.16241 0.008517 -0.005747 0.135072
0.120258 -0.052261 0.066173 -0.048518 -0.097404
0.237306 0.00897 0.134942 0.118944 0.028548
0.237306 0.00897 0.134942 0.118944 0.028548
0.277544 -0.011922 0.156185 0.265032 0.063928
0.225123 -0.074936 0.097381 0.40577 0.375268
0.225123 -0.074936 0.097381 0.40577 0.375268
0.13095 -0.253589 -0.015279 0.043233 0.19348
0.13095 -0.253589 -0.015279 0.043233 0.19348
0.19556 -0.141727 0.059443 0.075603 0.049343
0.19556 -0.141727 0.059443 0.075603 0.049343
0.205714 -0.098378 0.047703 0.139246 0.12877
0.205714 -0.098378 0.047703 0.139246 0.12877
0.205714 -0.098378 0.047703 0.139246 0.12877
0.230874 -0.105629 0.094875 -0.061949 -0.169299
0.230874 -0.105629 0.094875 -0.061949 -0.169299
0.082689 -0.258979 -0.0204 -0.078872 -0.024921
0.138125 -0.187798 0.03603 0.14275 0.14611
0.147709 -0.330676 -0.115512 -0.105051 0.261636
0.191022 -0.195339 -0.048323 0.019737 0.156637
0.126273 -0.258455 -0.103241 0.028523 0.288312
0.088446 -0.373902 -0.155204 -0.21244 0.262773
0.088446 -0.373902 -0.155204 -0.21244 0.262773
0.03258 -0.396054 -0.168738 -0.139344 0.305074
0.048445 -0.339639 -0.106939 -0.111866 0.233569
0.048445 -0.339639 -0.106939 -0.111866 0.233569
0.221515 -0.07953 0.145744 -0.076764 -0.316413
0.221515 -0.07953 0.145744 -0.076764 -0.316413
0.244495 -0.018351 0.088397 0.014435 -0.025611
0.180201 -0.135177 0.049402 -0.027301 0.015155
0.191787 -0.073683 0.103033 0.133879 0.107693
0.165407 -0.050767 0.03313 -0.125707 0.017647
0.1854 -0.046402 0.06141 -0.222759 -0.169357
0.1854 -0.046402 0.06141 -0.222759 -0.169357
0.235181 -0.095473 0.060539 -0.163007 -0.013179
0.198436 -0.111217 0.015454 -0.290563 -0.049737
0.198436 -0.111217 0.015454 -0.290563 -0.049737
0.245451 -0.064672 0.077273 -0.072238 -0.060164
0.220631 -0.129683 0.019742 -0.126038 0.010815
0.16149 -0.195623 -0.036357 0.036573 0.282565
0.175422 -0.146506 0.052646 0.12477 0.037362
0.175422 -0.146506 0.052646 0.12477 0.037362
0.079801 -0.159152 -0.04849 -0.115244 0.178269
0.079801 -0.159152 -0.04849 -0.115244 0.178269
0.080529 -0.198201 -0.05977 -0.212727 0.049514
0.103299 -0.267868 -0.062587 -0.145455 0.215377
0.107612 -0.33206 -0.0528 0.065309 0.270252
0.176799 -0.178466 0.054442 -0.05987 -0.123544
0.176799 -0.178466 0.054442 -0.05987 -0.123544
0.134186 -0.188827 -0.000559 -0.30622 -0.099784
0.136821 -0.197348 0.043698 -0.180317 -0.246887
0.092478 -0.233521 -0.081381 -0.462314 -0.034559
0.092478 -0.233521 -0.081381 -0.462314 -0.034559
0.176979 -0.143922 -0.010742 -0.53289 -0.281877
0.176979 -0.143922 -0.010742 -0.53289 -0.281877
0.176979 -0.143922 -0.010742 -0.53289 -0.281877
0.176979 -0.143922 -0.010742 -0.53289 -0.281877
0.176979 -0.143922 -0.010742 -0.53289 -0.281877
0.176979 -0.143922 -0.010742 -0.53289 -0.281877
0.176979 -0.143922 -0.010742 -0.53289 -0.281877
0.176979 -0.143922 -0.010742 -0.53289 -0.281877
0.176979 -0.143922 -0.010742 -0.53289 -0.281877
0.176979 -0.143922 -0.010742 -0.53289 -0.281877
0.176979 -0.143922 -0.010742 -0.53289 -0.281877
0.176979 -0.143922 -0.010742 -0.53289 -0.281877
0.176979 -0.143922 -0.010742 -0.53289 -0.281877
0.176979 -0.143922 -0.010742 -0.53289 -0.281877
0.176979 -0.143922 -0.010742 -0.53289 -0.281877
0.176979 -0.143922 -0.010742 -0.53289 -0.281877
0.176979 -0.143922 -0.010742 -0.53289 -0.281877
0.176979 -0.143922 -0.010742 -0.53289 -0.281877
0.176979 -0.143922 -0.010742 -0.53289 -0.281877
0.257627 -0.065263 0.047992 -0.804152 -0.528754
0.257627 -0.065263 0.047992 -0.804152 -0.528754
0.257627 -0.065263 0.047992 -0.804152 -0.528754
0.257627 -0.065263 0.047992 -0.804152 -0.528754
0.217359 -0.115014 0.0648 -0.276671 -0.292595
0.217359 -0.115014 0.0648 -0.276671 -0.292595
0.217359 -0.115014 0.0648 -0.276671 -0.292595
0.217949 -0.162563 0.025097 -0.272501 -0.224472
0.217949 -0.162563 0.025097 -0.272501 -0.224472
0.194651 -0.232812 -0.005464 -0.275697 -0.158116
0.21314 -0.185932 0.037423 -0.265675 -0.224489
0.283035 -0.066966 0.170253 0.235749 -0.02527
0.172226 -0.255975 0.039716 0.113351 0.125204
0.201225 -0.219969 0.057642 -0.106045 -0.066375
0.190476 -0.187349 -0.008246 -0.240942 -0.054757
0.190476 -0.187349 -0.008246 -0.240942 -0.054757
0.222612 -0.12217 0.059632 0.110722 0.099805
0.222612 -0.12217 0.059632 0.110722 0.099805
0.104635 -0.199572 -0.033515 -0.040821 0.122506
0.136908 -0.117585 0.021204 -0.164468 -0.066326
0.146137 -0.208834 0.016006 -0.104932 0.014284
0.178579 -0.190498 0.060167 0.007682 -3.5e-05
0.231234 -0.134009 0.129968 0.007175 -0.084596
0.209858 -0.021114 0.075688 -0.399227 -0.396954
0.209858 -0.021114 0.075688 -0.399227 -0.396954
0.106046 -0.180063 -0.021586 -0.305688 -0.02035
0.106046 -0.180063 -0.021586 -0.305688 -0.02035
0.144039 -0.268475 -0.087138 -0.30811 0.090004
0.144039 -0.268475 -0.087138 -0.30811 0.090004
0.248857 -0.133542 -0.025837 -0.503905 -0.148872
0.296972 -0.095867 0.066425 -0.314964 -0.160982
0.184394 -0.260192 -0.020575 -0.248297 -0.055602
0.209541 -0.222549 0.002295 -0.218295 -0.041854
0.186768 -0.177182 -0.016648 -0.330349 -0.066891
0.171994 -0.181569 -0.019654 -0.360357 -0.073232
0.171994 -0.181569 -0.019654 -0.360357 -0.073232
0.171994 -0.181569 -0.019654 -0.360357 -0.073232
0.147373 -0.22862 0.015902 -0.047053 0.095101
0.103055 -0.256944 -0.030641 0.082625 0.244324
0.084226 -0.259953 -0.064087 -0.10778 0.135724
0.112021 -0.269941 -0.013653 -0.215726 -0.06256
0.085357 -0.256527 -0.067151 -0.297132 0.042474
0.135728 -0.207548 -0.041349 -0.252476 0.02077
0.135728 -0.207548 -0.041349 -0.252476 0.02077
0.135728 -0.207548 -0.041349 -0.252476 0.02077
0.135728 -0.207548 -0.041349 -0.252476 0.02077
0.135728 -0.207548 -0.041349 -0.252476 0.02077
0.135728 -0.207548 -0.041349 -0.252476 0.02077
0.176067 -0.169258 -0.0202 0.034594 0.222726
0.153018 -0.201482 -0.07821 -0.353968 0.031438
0.10569 -0.293563 -0.082227 -0.225851 0.00459
0.241116 -0.117274 0.085915 -0.137501 -0.1812
0.248674 -0.181037 0.03903 -0.206549 -0.110659
0.232804 -0.095656 0.058084 -0.365751 -0.277616
0.232804 -0.095656 0.058084 -0.365751 -0.277616
0.232804 -0.095656 0.058084 -0.365751 -0.277616
0.232804 -0.095656 0.058084 -0.365751 -0.277616
0.232804 -0.095656 0.058084 -0.365751 -0.277616
0.216711 -0.101713 0.103425 0.00199 -0.155789
0.160443 -0.298588 0.033924 0.138509 0.085693
0.156456 -0.359469 -0.035281 -0.005839 0.190873
0.082471 -0.313005 -0.038555 0.20165 0.341747
0.087797 -0.310036 -0.03727 0.188797 0.31428
0.162861 -0.24726 0.009757 0.074719 0.188077
0.162861 -0.24726 0.009757 0.074719 0.188077
0.201114 -0.172923 -0.008088 -0.170031 0.085881
0.201114 -0.172923 -0.008088 -0.170031 0.085881
0.107471 -0.230579 -0.070781 -0.447259 -0.020424
0.107471 -0.230579 -0.070781 -0.447259 -0.020424
0.107471 -0.230579 -0.070781 -0.447259 -0.020424
0.107471 -0.230579 -0.070781 -0.447259 -0.020424
0.231572 -0.151236 0.022427 -0.410114 -0.253131
0.237712 -0.155642 0.012591 -0.237205 -0.089078
0.223214 -0.134204 -0.030204 -0.275454 -0.024972
0.112178 -0.177091 -0.05403 0.055816 0.310311
0.112178 -0.177091 -0.05403 0.055816 0.310311
0.159922 -0.135565 -0.080521 -0.194225 0.1931
0.172415 -0.06802 0.01061 -0.080591 0.121657
0.098015 -0.215401 -0.022159 -0.112824 -0.02861
0.098015 -0.215401 -0.022159 -0.112824 -0.02861
0.216022 -0.103127 0.079354 -0.050122 -0.068529
0.216022 -0.103127 0.079354 -0.050122 -0.068529
0.216022 -0.103127 0.079354 -0.050122 -0.068529
0.136483 -0.154261 0.016999 -0.237755 -0.195905
0.075914 -0.23949 -0.029427 -0.075774 0.051957
0.075914 -0.23949 -0.029427 -0.075774 0.051957
0.091644 -0.205136 -0.02312 -0.105495 0.029802
0.204001 -0.11213 0.074965 0.010625 -0.070741
0.135576 -0.270649 -0.063121 -0.289231 0.028703
0.135576 -0.270649 -0.063121 -0.289231 0.028703
0.135576 -0.270649 -0.063121 -0.289231 0.028703
0.235878 -0.124124 0.021047 -0.2962 -0.091184
0.235878 -0.124124 0.021047 -0.2962 -0.091184
0.235878 -0.124124 0.021047 -0.2962 -0.091184
0.235878 -0.124124 0.021047 -0.2962 -0.091184
0.235878 -0.124124 0.021047 -0.2962 -0.091184
0.235878 -0.124124 0.021047 -0.2962 -0.091184
0.235878 -0.124124 0.021047 -0.2962 -0.091184
0.235878 -0.124124 0.021047 -0.2962 -0.091184
0.216707 -0.234755 0.035004 -0.356756 -0.340076
0.216707 -0.234755 0.035004 -0.356756 -0.340076
0.216707 -0.234755 0.035004 -0.356756 -0.340076
0.212195 -0.273425 0.030867 0.034594 0.092815
0.107025 -0.26522 -0.094856 -0.190843 0.202678
0.107025 -0.26522 -0.094856 -0.190843 0.202678
0.09993 -0.2587 -0.112947 -0.397099 0.071587
0.129297 -0.243133 -0.068081 -0.291242 0.075595
0.129297 -0.243133 -0.068081 -0.291242 0.075595
0.129297 -0.243133 -0.068081 -0.291242 0.075595
0.129297 -0.243133 -0.068081 -0.291242 0.075595
0.129297 -0.243133 -0.068081 -0.291242 0.075595
0.128356 -0.230595 -0.103301 -0.742716 -0.147456
0.128356 -0.230595 -0.103301 -0.742716 -0.147456
0.128356 -0.230595 -0.103301 -0.742716 -0.147456
0.128356 -0.230595 -0.103301 -0.742716 -0.147456
0.128356 -0.230595 -0.103301 -0.742716 -0.147456
0.201694 -0.145314 0.009469 -0.152599 0.103369
0.201694 -0.145314 0.009469 -0.152599 0.103369
0.230203 -0.179984 0.016165 -0.086482 0.185725
0.076019 -0.423861 -0.133733 -0.19643 0.291187
0.067716 -0.369903 -0.09585 -0.203954 0.137242
0.067716 -0.369903 -0.09585 -0.203954 0.137242
0.045421 -0.453938 -0.128214 -0.087301 0.301209
0.045421 -0.453938 -0.128214 -0.087301 0.301209
0.090054 -0.333521 -0.089478 -0.297429 0.047841
0.090054 -0.333521 -0.089478 -0.297429 0.047841
0.090054 -0.333521 -0.089478 -0.297429 0.047841
0.161151 -0.231335 -0.020969 -0.253732 -0.060304
0.144395 -0.287425 -0.04799 -0.388407 -0.16774
0.144395 -0.287425 -0.04799 -0.388407 -0.16774
0.144395 -0.287425 -0.04799 -0.388407 -0.16774
0.144395 -0.287425 -0.04799 -0.388407 -0.16774
0.144395 -0.287425 -0.04799 -0.388407 -0.16774
0.144395 -0.287425 -0.04799 -0.388407 -0.16774
0.144395 -0.287425 -0.04799 -0.388407 -0.16774
0.144395 -0.287425 -0.04799 -0.388407 -0.16774
0.222018 -0.1432 0.062113 0.002168 -0.128527
0.291959 -0.092726 0.114085 -0.174553 -0.216135
0.268766 -0.119649 0.065384 -0.143805 -0.055709
0.129664 -0.175654 -0.029129 -0.355514 -0.234848
0.127882 -0.181791 -0.038917 -0.17561 0.023011
0.127882 -0.181791 -0.038917 -0.17561 0.023011
0.127882 -0.181791 -0.038917 -0.17561 0.023011
0.143652 -0.184553 -0.019552 0.106393 0.188409
0.122469 -0.261339 -0.069639 -0.155326 0.109927
0.050913 -0.401493 -0.082577 0.220657 0.41074
0.122796 -0.239242 -0.082993 -0.37266 -0.074186
0.122796 -0.239242 -0.082993 -0.37266 -0.074186
0.235804 -0.112352 0.071363 -0.324234 -0.396376
0.235804 -0.112352 0.071363 -0.324234 -0.396376
0.235804 -0.112352 0.071363 -0.324234 -0.396376
0.235804 -0.112352 0.071363 -0.324234 -0.396376
0.267477 -0.044673 0.128337 -0.233097 -0.385207
0.267477 -0.044673 0.128337 -0.233097 -0.385207
0.267477 -0.044673 0.128337 -0.233097 -0.385207
0.267477 -0.044673 0.128337 -0.233097 -0.385207
0.312906 -0.03222 0.137886 -0.336038 -0.491893
0.312906 -0.03222 0.137886 -0.336038 -0.491893
0.236709 -0.131108 0.078618 -0.170257 -0.172318
0.236709 -0.131108 0.078618 -0.170257 -0.172318
0.236709 -0.131108 0.078618 -0.170257 -0.172318
0.236709 -0.131108 0.078618 -0.170257 -0.172318
0.236709 -0.131108 0.078618 -0.170257 -0.172318
0.174206 -0.267086 0.027801 0.039797 0.065416
0.173884 -0.206863 -0.034643 -0.215854 0.019643
0.112033 -0.273015 -0.093311 -0.196604 0.09386
0.112033 -0.273015 -0.093311 -0.196604 0.09386
0.121814 -0.327332 -0.082748 -0.090956 0.245382
0.121814 -0.327332 -0.082748 -0.090956 0.245382
0.142258 -0.275322 -0.013257 -0.136117 -0.051863
0.142258 -0.275322 -0.013257 -0.136117 -0.051863
0.292557 -0.026268 0.150387 -0.117083 -0.276841
0.1236 -0.15958 0.054208 0.060872 0.077499
0.158143 -0.135381 0.083694 0.184486 0.16399
0.158143 -0.135381 0.083694 0.184486 0.16399
0.209377 -0.16541 0.092706 0.323553 0.254597
0.246132 -0.107287 0.085152 -0.003529 -0.017592
0.246132 -0.107287 0.085152 -0.003529 -0.017592
0.262489 -0.08928 0.127145 0.004806 -0.180506
0.262489 -0.08928 0.127145 0.004806 -0.180506
0.262489 -0.08928 0.127145 0.004806 -0.180506
0.229839 -0.109212 0.110256 -0.035612 -0.17464
0.229839 -0.109212 0.110256 -0.035612 -0.17464
0.301528 -0.04176 0.187724 -0.014883 -0.381207
0.301528 -0.04176 0.187724 -0.014883 -0.381207
0.291627 -0.008348 0.158084 -0.143712 -0.339777
0.291627 -0.008348 0.158084 -0.143712 -0.339777
0.319113 -0.06187 0.187262 0.146994 -0.113631
0.352769 -0.057464 0.247871 0.332396 -0.095439
0.352769 -0.057464 0.247871 0.332396 -0.095439
0.314409 -0.064075 0.141222 0.061749 -0.043034
0.248549 -0.111445 0.104582 0.018574 0.008181
0.148717 -0.262237 -0.032276 -0.20241 0.055463
0.148717 -0.262237 -0.032276 -0.20241 0.055463
0.217732 -0.217332 0.02126 -0.016173 0.09829
0.133074 -0.247977 -0.06033 -0.085315 0.128881
0.091284 -0.218796 -0.017844 0.15629 0.273564
0.091284 -0.218796 -0.017844 0.15629 0.273564
0.091284 -0.218796 -0.017844 0.15629 0.273564
0.055975 -0.30042 -0.050268 0.346076 0.507673
0.190001 -0.223783 0.082943 0.207382 -0.00847
0.195434 -0.233818 0.055541 -0.058003 -0.133148
0.19051 -0.201259 0.033871 -0.282082 -0.188798
0.19051 -0.201259 0.033871 -0.282082 -0.188798
0.19051 -0.201259 0.033871 -0.282082 -0.188798
0.19051 -0.201259 0.033871 -0.282082 -0.188798
0.19051 -0.201259 0.033871 -0.282082 -0.188798
0.19051 -0.201259 0.033871 -0.282082 -0.188798
0.1528 -0.241533 0.035237 0.077952 0.026972
0.227898 -0.12072 0.118606 0.118368 -0.025364
0.227898 -0.12072 0.118606 0.118368 -0.025364
0.223413 -0.080031 0.008737 -0.23086 0.007223
0.113737 -0.296204 -0.091166 -0.202626 0.106634
0.113737 -0.296204 -0.091166 -0.202626 0.106634
0.113737 -0.296204 -0.091166 -0.202626 0.106634
0.113737 -0.296204 -0.091166 -0.202626 0.106634
0.169897 -0.268318 -0.091977 -0.385259 0.030338
0.169897 -0.268318 -0.091977 -0.385259 0.030338
0.169897 -0.268318 -0.091977 -0.385259 0.030338
0.169897 -0.268318 -0.091977 -0.385259 0.030338
0.169897 -0.268318 -0.091977 -0.385259 0.030338
0.20469 -0.22095 -0.046791 -0.244698 0.109717
0.238003 -0.212246 0.007699 -0.211196 0.012397
0.183581 -0.234154 0.023475 0.046354 0.004286
0.124663 -0.243357 -0.012584 0.047117 -0.025519
0.257156 -0.103626 0.043713 -0.069187 -0.02635
0.257156 -0.103626 0.043713 -0.069187 -0.02635
0.235864 -0.070105 0.038432 -0.20576 -0.224106
0.334085 0.001177 0.135032 -0.168429 -0.299734
0.334943 -0.058297 0.104823 -0.171303 -0.218212
0.334943 -0.058297 0.104823 -0.171303 -0.218212
0.281498 -0.080942 0.123299 0.175861 -0.028456
0.301035 -0.072599 0.232095 0.265095 -0.106706
0.232432 -0.108345 0.172219 0.374422 0.114345
0.082069 -0.3273 -0.046543 0.049408 0.186032
0.082069 -0.3273 -0.046543 0.049408 0.186032
0.097139 -0.323066 -0.013279 0.154231 0.205251
0.046278 -0.357076 -0.125662 -0.253305 0.085013
0.078287 -0.313281 -0.077993 -0.042955 0.187349
0.190833 -0.13965 0.011248 -0.159727 0.041565
0.160187 -0.30203 -0.053297 0.045179 0.295692
0.160187 -0.30203 -0.053297 0.045179 0.295692
0.194212 -0.203214 -0.005424 -0.393237 -0.191638
0.267649 -0.095398 0.056946 -0.401939 -0.341618
0.267649 -0.095398 0.056946 -0.401939 -0.341618
0.234883 -0.124703 0.088853 -0.148949 -0.309098
0.097684 -0.229349 -0.040912 -0.242396 -0.064961
0.162107 -0.045784 0.05752 -0.181154 -0.174131
0.272067 -0.070378 0.134594 0.050401 -0.102027
0.242326 -0.066466 0.050617 -0.09812 -0.013948
0.242326 -0.066466 0.050617 -0.09812 -0.013948
0.1459 -0.199489 0.005017 -0.103391 0.007053
0.1459 -0.199489 0.005017 -0.103391 0.007053
0.1459 -0.199489 0.005017 -0.103391 0.007053
0.1459 -0.199489 0.005017 -0.103391 0.007053
0.206882 -0.103168 0.082457 -0.117691 -0.171968
0.206882 -0.103168 0.082457 -0.117691 -0.171968
0.329461 -0.045376 0.152904 -0.115498 -0.265272
0.255182 -0.158235 0.074771 -0.076078 -0.119344
0.19523 -0.163356 0.08889 -0.08271 -0.246444
0.194704 -0.183713 0.07325 0.052117 -0.064323
0.267566 -0.133071 0.059613 -0.302623 -0.313376
0.267566 -0.133071 0.059613 -0.302623 -0.313376
0.224037 -0.201583 0.025419 0.072578 0.097864
0.165472 -0.255215 -0.000894 0.058816 0.11493
0.165472 -0.255215 -0.000894 0.058816 0.11493
0.077926 -0.28321 -0.123041 -0.236099 0.115025
0.077926 -0.28321 -0.123041 -0.236099 0.115025
0.077926 -0.28321 -0.123041 -0.236099 0.115025
0.077534 -0.298095 -0.131241 -0.554768 -0.104615
0.077534 -0.298095 -0.131241 -0.554768 -0.104615
0.093667 -0.243001 -0.090203 -0.373442 0.005843
0.093667 -0.243001 -0.090203 -0.373442 0.005843
0.093667 -0.243001 -0.090203 -0.373442 0.005843
0.109182 -0.378056 -0.036535 0.067543 0.131614
0.109182 -0.378056 -0.036535 0.067543 0.131614
0.109182 -0.378056 -0.036535 0.067543 0.131614
0.232582 -0.20681 0.055683 -0.127543 -0.201633
0.119818 -0.420215 -0.054988 -0.116979 0.053424
0.119818 -0.420215 -0.054988 -0.116979 0.053424
0.308659 -0.214362 0.118973 0.027805 -0.190934
0.243092 -0.190208 0.091698 0.034513 -0.116909
0.273857 -0.147007 0.129351 0.115235 -0.204801
0.200078 -0.278905 0.033787 0.040088 0.105473
0.133838 -0.359895 -0.024943 -0.094686 0.072621
0.133838 -0.359895 -0.024943 -0.094686 0.072621
0.112219 -0.372767 0.004445 0.136649 0.080502
0.161724 -0.269486 -0.007437 0.103916 0.091094
0.0749 -0.260579 -0.065849 0.145222 0.333316
0.158123 -0.191404 0.005088 0.054761 0.047004
0.199316 -0.223674 0.040057 0.052757 -0.056946
0.199316 -0.223674 0.040057 0.052757 -0.056946
0.194179 -0.14169 -0.037387 -0.348969 -0.077428
0.123616 -0.216537 -0.099198 -0.308557 0.045353
0.118704 -0.225894 -0.064613 -0.408663 -0.094463
0.125294 -0.142783 -0.00989 -0.251553 -0.087328
0.125294 -0.142783 -0.00989 -0.251553 -0.087328
0.105975 -0.069934 -0.020301 -0.317226 -0.052183
0.043605 -0.194722 -0.066529 -0.298645 -0.039982
0.087456 -0.22599 -0.002096 0.066786 0.122683
0.231396 -0.002148 0.147774 0.04634 -0.141252
0.231396 -0.002148 0.147774 0.04634 -0.141252
0.231396 -0.002148 0.147774 0.04634 -0.141252
0.304007 0.001254 0.195784 0.078088 -0.202441
0.304007 0.001254 0.195784 0.078088 -0.202441
0.304007 0.001254 0.195784 0.078088 -0.202441
0.304007 0.001254 0.195784 0.078088 -0.202441
0.304007 0.001254 0.195784 0.078088 -0.202441
0.284611 -0.106024 0.144495 -0.205401 -0.201876
0.296223 -0.158755 0.122277 -0.191001 -0.297896
0.245454 -0.150447 0.019016 -0.211865 -0.100667
0.181601 -0.253661 -0.041389 -0.082471 0.226629
0.144959 -0.285656 -0.029333 -0.353621 -0.073172
0.151031 -0.347063 -0.040829 -0.277582 -0.110836
0.171729 -0.183096 0.010821 -0.318739 -0.270335
0.171729 -0.183096 0.010821 -0.318739 -0.270335
0.171729 -0.183096 0.010821 -0.318739 -0.270335
0.115698 -0.295458 -0.012341 -0.126657 -0.186503
0.171504 -0.267563 0.062305 0.111148 -0.096193
0.171504 -0.267563 0.062305 0.111148 -0.096193
0.156806 -0.249424 -0.004618 -0.137115 0.050468
0.156806 -0.249424 -0.004618 -0.137115 0.050468
0.058336 -0.253076 -0.067161 -0.042534 0.181103
0.147692 -0.160663 0.023458 0.214183 0.264105
0.039638 -0.286544 -0.087049 -0.248265 0.042866
0.039638 -0.286544 -0.087049 -0.248265 0.042866
0.192153 -0.206521 -0.025946 -0.159591 0.077019
0.192153 -0.206521 -0.025946 -0.159591 0.077019
0.133619 -0.298161 -0.074393 -0.085899 0.161534
0.157111 -0.256238 -0.043086 -0.016818 0.219277
0.104362 -0.206958 0.004107 0.144728 0.194138
0.104362 -0.206958 0.004107 0.144728 0.194138
0.104362 -0.206958 0.004107 0.144728 0.194138
0.090224 -0.278977 -0.014345 0.065485 0.241874
0.140902 -0.279779 0.005472 -0.006881 0.060204
0.171913 -0.136789 0.056006 0.081999 0.114575
0.171913 -0.136789 0.056006 0.081999 0.114575
0.167133 -0.222895 0.05272 0.146879 0.028307
0.192023 -0.212512 0.046023 0.162317 0.085695
0.192023 -0.212512 0.046023 0.162317 0.085695
0.192023 -0.212512 0.046023 0.162317 0.085695
0.199836 -0.19236 0.069564 0.055827 -0.01414
0.199836 -0.19236 0.069564 0.055827 -0.01414
0.199836 -0.19236 0.069564 0.055827 -0.01414
0.199836 -0.19236 0.069564 0.055827 -0.01414
0.169885 -0.207295 0.048832 -0.100139 -0.145664
0.30028 -0.081346 0.150873 0.088578 -0.116714
0.30028 -0.081346 0.150873 0.088578 -0.116714
0.30028 -0.081346 0.150873 0.088578 -0.116714
0.230686 -0.152238 0.111472 0.084817 -0.019266
0.263959 -0.123244 0.155077 0.276357 0.06736
0.204442 -0.206128 0.07936 0.050735 -0.019592
0.19475 -0.082623 0.099257 0.003213 -0.122532
0.234029 -0.079008 0.108091 0.123382 -0.001859
0.177748 -0.151089 0.04419 -0.302356 -0.196236
0.256299 -0.189902 0.069881 0.065459 -0.014471
0.177942 -0.248235 -0.050105 -0.231343 0.083798
0.177942 -0.248235 -0.050105 -0.231343 0.083798
0.118921 -0.207408 -0.032025 -0.010296 0.248107
0.118921 -0.207408 -0.032025 -0.010296 0.248107
0.118921 -0.207408 -0.032025 -0.010296 0.248107
0.118921 -0.207408 -0.032025 -0.010296 0.248107
0.118921 -0.207408 -0.032025 -0.010296 0.248107
0.118921 -0.207408 -0.032025 -0.010296 0.248107
0.162829 -0.223113 0.032351 0.095581 0.224298
0.190945 -0.296486 -0.040503 -0.527349 -0.202742
0.190945 -0.296486 -0.040503 -0.527349 -0.202742
0.202245 -0.276321 -0.000705 -0.279684 -0.080141
0.220339 -0.271984 -0.037181 -0.548509 -0.178812
0.10061 -0.341076 -0.06384 -0.310858 -0.021254
0.125036 -0.35379 -0.029428 -0.152177 -0.006156
0.180131 -0.269912 -0.035186 -0.34079 -0.060231
0.180131 -0.269912 -0.035186 -0.34079 -0.060231
0.180131 -0.269912 -0.035186 -0.34079 -0.060231
0.249151 -0.084349 0.057785 -0.405497 -0.342454
0.249151 -0.084349 0.057785 -0.405497 -0.342454
0.249151 -0.084349 0.057785 -0.405497 -0.342454
0.249151 -0.084349 0.057785 -0.405497 -0.342454
0.249151 -0.084349 0.057785 -0.405497 -0.342454
0.249151 -0.084349 0.057785 -0.405497 -0.342454
0.249151 -0.084349 0.057785 -0.405497 -0.342454
0.249151 -0.084349 0.057785 -0.405497 -0.342454
0.249151 -0.084349 0.057785 -0.405497 -0.342454
0.263648 -0.118259 0.10729 0.001863 -0.10365
0.263648 -0.118259 0.10729 0.001863 -0.10365
0.31944 -0.007627 0.182239 0.05104 -0.185696
0.354061 0.072922 0.172662 0.122228 -0.006717
0.326739 -0.052846 0.109378 -0.040368 0.031486
0.322521 -0.02784 0.180591 0.137813 -0.030627
0.322521 -0.02784 0.180591 0.137813 -0.030627
0.359956 0.028278 0.197087 -0.050006 -0.231376
0.25558 -0.100208 0.10809 -0.102773 -0.17572
0.150316 -0.251846 0.006629 0.023989 0.091234
0.179303 -0.248125 -0.016601 0.078011 0.265216
0.118969 -0.297364 -0.039924 -0.108725 0.103687
0.130691 -0.381801 -0.08405 -0.041942 0.31408
0.136498 -0.337246 -0.030581 0.118843 0.299294
0.185725 -0.211551 -0.026518 -0.391747 -0.112742
0.145843 -0.258827 -0.003179 -0.225011 -0.052285
0.131282 -0.312889 -0.025329 -0.123176 0.064877
0.056836 -0.315621 -0.053127 0.018771 0.257458
0.090413 -0.208048 0.007032 0.129787 0.213366
0.155704 -0.210552 0.02934 -0.237025 -0.188349
0.155704 -0.210552 0.02934 -0.237025 -0.188349
0.155704 -0.210552 0.02934 -0.237025 -0.188349
0.155704 -0.210552 0.02934 -0.237025 -0.188349
0.155704 -0.210552 0.02934 -0.237025 -0.188349
0.123501 -0.196022 0.036725 -0.005432 0.032857
0.117183 -0.181936 0.029986 0.07382 0.051641
0.117183 -0.181936 0.029986 0.07382 0.051641
0.064517 -0.260994 -0.083522 -0.095376 0.207057
0.126153 -0.149261 -0.034644 -0.29512 -0.07643
0.080578 -0.244169 -0.070665 -0.254929 0.012435
0.080578 -0.244169 -0.070665 -0.254929 0.012435
0.080578 -0.244169 -0.070665 -0.254929 0.012435
0.080578 -0.244169 -0.070665 -0.254929 0.012435
0.187017 -0.107723 0.08573 -0.114375 -0.299526
0.187017 -0.107723 0.08573 -0.114375 -0.299526
0.212465 -0.09262 0.133075 0.117743 -0.192421
0.212465 -0.09262 0.133075 0.117743 -0.192421
0.212465 -0.09262 0.133075 0.117743 -0.192421
0.219763 -0.024922 0.108995 -0.059939 -0.259688
0.123138 -0.225547 -0.013072 0.071301 0.131219
0.098968 -0.265218 -0.082008 -0.08684 0.204809
0.098968 -0.265218 -0.082008 -0.08684 0.204809
0.098968 -0.265218 -0.082008 -0.08684 0.204809
0.150332 -0.111427 -0.007264 -0.079541 0.087776
0.18806 -0.072703 0.038357 0.032167 0.113747
0.093228 -0.276151 -0.04736 -0.055546 0.202451
0.093228 -0.276151 -0.04736 -0.055546 0.202451
0.084821 -0.232893 -0.072821 -0.327249 0.035106
0.061305 -0.269615 -0.0857 -0.165986 0.17064
0.061305 -0.269615 -0.0857 -0.165986 0.17064
0.091641 -0.175767 0.026819 0.095859 0.052542
0.08554 -0.148401 0.041325 0.09251 -0.008722
0.099251 -0.269901 -0.002091 0.15132 0.234036
0.073555 -0.284637 -0.002116 0.229116 0.310308
0.077955 -0.318634 -0.076388 0.151805 0.49026
0.077955 -0.318634 -0.076388 0.151805 0.49026
0.077955 -0.318634 -0.076388 0.151805 0.49026
0.077955 -0.318634 -0.076388 0.151805 0.49026
0.077955 -0.318634 -0.076388 0.151805 0.49026
0.077955 -0.318634 -0.076388 0.151805 0.49026
0.200399 -0.167668 0.018329 0.112874 0.247389
0.260588 -0.06742 0.060545 -0.039513 0.138579
0.251065 -0.053563 0.067669 0.248764 0.324791
0.081141 -0.363885 -0.148422 -0.042436 0.524755
0.18443 -0.290092 -0.040898 0.121575 0.345381
0.18443 -0.290092 -0.040898 0.121575 0.345381
0.140303 -0.233928 -0.021836 0.000454 0.222103
0.140303 -0.233928 -0.021836 0.000454 0.222103
0.140303 -0.233928 -0.021836 0.000454 0.222103
0.074241 -0.248763 -0.039631 -0.058132 0.134744
0.160995 -0.105404 0.070799 0.13004 0.175675
0.090649 -0.277969 0.031854 0.211802 0.173154
0.090649 -0.277969 0.031854 0.211802 0.173154
0.001285 -0.384064 -0.125025 -0.292931 0.097657
0.091732 -0.315601 -0.06481 -0.329877 0.050043
0.164438 -0.156308 0.000694 -0.06292 0.114697
0.204135 -0.203257 0.042914 0.191184 0.165547
0.231511 -0.174915 0.024886 0.06268 0.17086
0.231511 -0.174915 0.024886 0.06268 0.17086
0.25137 -0.124257 0.025194 -0.151655 -0.00272
0.25137 -0.124257 0.025194 -0.151655 -0.00272
0.25137 -0.124257 0.025194 -0.151655 -0.00272
0.25137 -0.124257 0.025194 -0.151655 -0.00272
0.25137 -0.124257 0.025194 -0.151655 -0.00272
0.251532 -0.105708 0.062619 -0.241186 -0.212739
0.251532 -0.105708 0.062619 -0.241186 -0.212739
0.148867 -0.204545 -0.006048 -0.124173 0.005713
0.174488 -0.177805 0.038092 0.020408 0.096783
0.126993 -0.163181 0.035337 -0.038457 -0.082397
0.045093 -0.266742 -0.058629 0.027164 0.207197
0.153952 -0.147204 0.024934 0.093571 0.048181
0.051867 -0.350722 -0.139837 -0.219567 0.222133
0.051867 -0.350722 -0.139837 -0.219567 0.222133
0.042499 -0.330904 -0.125537 -0.140452 0.212651
0.042499 -0.330904 -0.125537 -0.140452 0.212651
0.042499 -0.330904 -0.125537 -0.140452 0.212651
0.141195 -0.1856 -0.002969 -0.009098 0.007972
0.201118 -0.112724 0.095948 0.208381 0.042483
0.228225 -0.107163 0.097786 0.006769 -0.149673
0.228225 -0.107163 0.097786 0.006769 -0.149673
0.228225 -0.107163 0.097786 0.006769 -0.149673
0.280835 -0.033217 0.117723 -0.163243 -0.269397
0.280835 -0.033217 0.117723 -0.163243 -0.269397
0.258 -0.054485 0.085076 -0.185428 -0.200734
0.258 -0.054485 0.085076 -0.185428 -0.200734
0.258 -0.054485 0.085076 -0.185428 -0.200734
0.258 -0.054485 0.085076 -0.185428 -0.200734
0.111556 -0.163142 0.024078 -0.169006 -0.085373
0.056979 -0.23463 -0.012419 -0.027796 0.048409
0.15216 -0.121496 0.083718 0.138666 -0.054887
0.123304 -0.253507 -0.062689 -0.258082 -0.055691
0.078484 -0.301668 -0.088841 -0.148135 0.098696
0.131239 -0.270672 0.049322 0.250223 0.178196
0.184737 -0.184138 0.054871 0.008309 0.02102
0.211474 -0.175084 0.06926 0.112353 0.017044
0.211474 -0.175084 0.06926 0.112353 0.017044
0.116184 -0.229044 -0.00042 -0.10996 -0.087731
0.097322 -0.306701 -0.022279 0.059954 0.110807
0.169917 -0.16977 0.028309 0.133449 0.138662
0.224475 -0.148935 0.060281 -0.025705 -0.026078
0.219516 -0.183151 0.038256 -0.008239 0.048976
0.219516 -0.183151 0.038256 -0.008239 0.048976
0.185742 -0.265285 0.001278 -0.047796 0.086929
0.241708 -0.184948 -0.0057 -0.263901 0.030632
0.302901 -0.056472 0.079551 -0.209034 -0.201993
0.122879 -0.300669 -0.030161 0.126381 0.342932
0.141456 -0.126307 0.090896 0.110965 0.02623
0.053987 -0.307614 -0.086563 -0.388159 0.064398
0.064644 -0.116531 0.032545 -0.050105 0.010222
0.041529 -0.133442 0.012997 -0.189723 -0.143837
0.132158 -0.088091 0.016792 -0.141696 -0.088548
0.142276 -0.108147 0.014938 -0.163943 -0.111738
0.142276 -0.108147 0.014938 -0.163943 -0.111738
0.142276 -0.108147 0.014938 -0.163943 -0.111738
0.137771 -0.139308 -0.015257 -0.399456 -0.311481
0.137771 -0.139308 -0.015257 -0.399456 -0.311481
0.186789 -0.028298 0.072827 -0.148398 -0.183828
0.265236 -0.066104 0.117118 -0.072925 -0.302258
0.19485 -0.192639 0.063377 -0.177233 -0.305737
0.19485 -0.192639 0.063377 -0.177233 -0.305737
0.086121 -0.332151 -0.052067 -0.159924 0.007889
0.145925 -0.3548 -0.017912 -0.094151 -0.065645
0.123352 -0.335868 -0.03699 -0.178181 -0.071587
0.119112 -0.244226 -0.000985 0.117544 0.262721
0.090304 -0.254397 -0.103493 -0.286512 0.178343
0.090304 -0.254397 -0.103493 -0.286512 0.178343
0.187096 -0.209179 0.041792 0.21493 0.320255
0.187096 -0.209179 0.041792 0.21493 0.320255
0.172971 -0.227737 0.061619 0.148031 0.052563
0.109415 -0.29811 0.016463 0.204609 0.207826
0.16721 -0.249127 0.074131 0.248491 0.194058
0.16721 -0.249127 0.074131 0.248491 0.194058
0.228969 -0.110797 0.1201 0.282779 0.168381
0.186711 -0.106428 0.098113 0.165288 0.071918
0.186711 -0.106428 0.098113 0.165288 0.071918
0.218594 -0.059555 0.074284 -0.140092 -0.052485
0.208147 -0.193246 0.021725 -0.00274 0.103642
0.203865 -0.161418 0.005866 -0.204474 0.010442
0.203865 -0.161418 0.005866 -0.204474 0.010442
0.290837 -0.082626 0.072138 -0.177185 -0.041903
0.290837 -0.082626 0.072138 -0.177185 -0.041903
0.262768 -0.14804 0.037525 -0.061645 0.148169
0.337559 -0.049511 0.106126 -0.012045 -0.05705
0.337559 -0.049511 0.106126 -0.012045 -0.05705
0.337559 -0.049511 0.106126 -0.012045 -0.05705
0.286911 -0.091901 0.05497 -0.110687 -0.082745
0.286911 -0.091901 0.05497 -0.110687 -0.082745
0.286911 -0.091901 0.05497 -0.110687 -0.082745
0.278932 -0.074371 0.032269 -0.015436 0.031105
0.226348 -0.061635 0.011865 -0.042497 -0.006104
0.243031 -0.001658 0.065525 -0.054807 -0.19283
0.243031 -0.001658 0.065525 -0.054807 -0.19283
0.134008 -0.257082 -0.051635 -0.027823 0.17774
0.06404 -0.271166 -0.06066 -0.002187 0.17934
0.06404 -0.271166 -0.06066 -0.002187 0.17934
0.08593 -0.268925 -0.068825 -0.066241 0.228402
0.11203 -0.234033 -0.038076 0.188947 0.3088
0.11203 -0.234033 -0.038076 0.188947 0.3088
0.123314 -0.253575 -0.096121 -0.093296 0.264321
0.096244 -0.33304 -0.139738 -0.196581 0.326916
0.096244 -0.33304 -0.139738 -0.196581 0.326916
0.099699 -0.282541 -0.123144 -0.336499 0.100905
0.099699 -0.282541 -0.123144 -0.336499 0.100905
0.129924 -0.20772 -0.061572 -0.075102 0.204976
0.135074 -0.188938 -0.042842 -0.149088 0.144632
0.167924 -0.183749 -0.023093 0.207211 0.426404
0.236529 -0.081783 0.043661 0.119317 0.168012
0.183131 -0.217968 -0.067447 -0.204489 0.139134
0.078357 -0.341235 -0.131473 -0.029422 0.311092
0.134096 -0.230758 -0.051447 -0.247124 -0.057009
0.159925 -0.206072 0.014254 0.093529 0.071417
0.137789 -0.183236 -0.013831 -0.14621 -0.091935
0.220344 -0.105274 0.052986 -0.253688 -0.240979
0.263044 -0.030429 0.14386 0.069447 -0.11537
0.115261 -0.162939 -0.053522 -0.313271 0.086695
0.115261 -0.162939 -0.053522 -0.313271 0.086695
0.115261 -0.162939 -0.053522 -0.313271 0.086695
0.115261 -0.162939 -0.053522 -0.313271 0.086695
0.065446 -0.248638 -0.090988 -0.229675 0.15023
0.186198 -0.18144 0.026814 0.144475 0.209709
0.186198 -0.18144 0.026814 0.144475 0.209709
0.186198 -0.18144 0.026814 0.144475 0.209709
0.155864 -0.206783 -0.010317 0.014187 0.210881
0.167392 -0.198883 0.019797 -0.13386 0.026805
0.195142 -0.140208 0.013357 -0.317207 -0.091313
0.176746 -0.148897 0.044075 -0.152449 -0.183706
0.176746 -0.148897 0.044075 -0.152449 -0.183706
0.176746 -0.148897 0.044075 -0.152449 -0.183706
0.176746 -0.148897 0.044075 -0.152449 -0.183706
0.176746 -0.148897 0.044075 -0.152449 -0.183706
0.167712 -0.189491 -0.023062 -0.091761 0.055652
0.258736 -0.003503 0.060662 0.005079 0.027222
0.177311 -0.099742 -0.016614 -0.411678 -0.146664
0.177311 -0.099742 -0.016614 -0.411678 -0.146664
0.177311 -0.099742 -0.016614 -0.411678 -0.146664
0.177311 -0.099742 -0.016614 -0.411678 -0.146664
0.177311 -0.099742 -0.016614 -0.411678 -0.146664
0.199563 -0.108567 0.001045 -0.16801 0.022141
0.194134 -0.068451 0.013721 -0.324745 -0.15372
0.19519 -0.06544 0.0607 -0.002009 0.018602
0.07319 -0.247852 -0.022459 -0.035054 0.092555
0.131446 -0.14288 0.043629 0.100557 0.171678
0.102082 -0.254675 -0.059513 -0.208953 0.100187
0.14822 -0.236609 -0.022244 0.064817 0.281695
0.160169 -0.138421 0.020926 0.008593 0.178771
0.051179 -0.376981 -0.092242 -0.302359 0.052142
0.013436 -0.399609 -0.109988 -0.211697 0.092002
0.013436 -0.399609 -0.109988 -0.211697 0.092002
0.256409 -0.124205 0.009527 -0.214306 0.000239
0.256409 -0.124205 0.009527 -0.214306 0.000239
0.182737 -0.141701 -0.026361 0.000656 0.218954
0.257596 -0.009635 0.052102 -0.184336 -0.134715
0.16181 -0.140886 0.012146 0.18323 0.300924
0.245432 -0.033415 0.067498 -0.032608 -0.052479
0.283819 0.000937 0.095033 -0.1617 -0.219158
0.193651 -0.038317 0.068821 -0.223611 -0.309391
0.109909 -0.209218 -0.053589 -0.292096 -0.090021
0.042081 -0.319116 -0.076995 -0.284821 -0.049021
0.095577 -0.336154 -0.078177 -0.311864 -0.103653
0.19777 -0.150477 0.049369 0.160942 0.089445
0.187908 -0.182426 0.011213 -0.079167 0.053283
0.221848 -0.096216 0.048565 0.000163 0.062168
0.189359 -0.146804 0.022434 0.053132 0.180466
0.247128 -0.084823 0.082534 0.2262 0.187284
0.20669 -0.098767 0.043681 0.133173 0.235685
0.20669 -0.098767 0.043681 0.133173 0.235685
0.204381 -0.168378 -0.022081 -0.103088 0.239587
0.223668 -0.136231 0.004533 0.203506 0.342928
0.142084 -0.220656 -0.080094 -0.183828 0.205087
0.202484 -0.076183 0.029112 -0.136817 0.060562
0.073976 -0.273839 -0.125934 -0.371492 0.128791
0.188824 -0.194855 -0.007191 0.090331 0.264885
0.188824 -0.194855 -0.007191 0.090331 0.264885
0.188824 -0.194855 -0.007191 0.090331 0.264885
0.144136 -0.233456 -0.04212 0.026779 0.268222
0.120409 -0.218221 0.003053 -0.001114 0.202897
0.098551 -0.258896 -0.036047 0.003616 0.244058
0.098551 -0.258896 -0.036047 0.003616 0.244058
0.294212 -0.010341 0.135003 0.092081 0.103723
0.240618 -0.128209 0.081682 -0.031496 0.082888
0.230167 -0.026546 0.141252 0.268975 0.163811
0.257478 -0.046557 0.179434 0.20003 -0.00678
0.257478 -0.046557 0.179434 0.20003 -0.00678
0.257478 -0.046557 0.179434 0.20003 -0.00678
0.149553 -0.065789 0.082812 -0.028464 -0.028664
0.261327 -0.02952 0.109413 -0.225299 -0.362273
0.224754 -0.190662 0.093481 0.10216 -0.07828
0.270823 -0.097387 0.078911 -0.390832 -0.389057
0.270823 -0.097387 0.078911 -0.390832 -0.389057
0.270823 -0.097387 0.078911 -0.390832 -0.389057
0.313173 -0.076472 0.128836 -0.145971 -0.23949
0.313173 -0.076472 0.128836 -0.145971 -0.23949
0.168047 -0.133814 -0.002381 -0.251115 -0.012303
0.186929 -0.136363 0.049653 -0.122875 -0.032657
0.186929 -0.136363 0.049653 -0.122875 -0.032657
0.05318 -0.361225 -0.028812 0.187333 0.348012
0.05318 -0.361225 -0.028812 0.187333 0.348012
0.126722 -0.33692 -0.007265 0.110321 0.132414
0.109562 -0.400275 -0.046801 -0.238094 -0.105874
0.205239 -0.296021 0.029844 -0.249886 -0.217187
0.166568 -0.260339 -0.029592 -0.465143 -0.25637
0.121338 -0.27236 -0.018745 -0.09599 0.009949
0.117643 -0.274129 -0.095202 -0.272363 0.156743
0.117643 -0.274129 -0.095202 -0.272363 0.156743
0.117643 -0.274129 -0.095202 -0.272363 0.156743
0.116269 -0.287941 -0.067897 -0.041937 0.23717
0.116269 -0.287941 -0.067897 -0.041937 0.23717
0.116269 -0.287941 -0.067897 -0.041937 0.23717
0.187021 -0.141988 -0.01687 -0.176208 0.079843
0.187021 -0.141988 -0.01687 -0.176208 0.079843
0.160963 -0.148813 -0.000307 -0.073699 0.073448
0.169679 -0.078239 0.005626 0.016171 0.171223
0.117308 -0.234121 -0.079683 -0.071342 0.213282
0.124901 -0.19194 -0.071027 -0.302187 -0.093561
0.124901 -0.19194 -0.071027 -0.302187 -0.093561
0.268163 -0.023286 0.057927 -0.118776 0.00552
0.32532 -0.027855 0.107209 -0.136999 -0.058547
0.241762 -0.153563 0.144094 0.117374 -0.131011
0.241762 -0.153563 0.144094 0.117374 -0.131011
0.241762 -0.153563 0.144094 0.117374 -0.131011
0.333273 0.085658 0.170444 -0.122795 -0.296942
0.196514 -0.092098 0.09499 -0.015968 -0.295632
0.320068 0.084401 0.182841 0.000375 -0.313795
0.292641 0.040236 0.162159 0.090468 -0.176007
0.292641 0.040236 0.162159 0.090468 -0.176007
0.292641 0.040236 0.162159 0.090468 -0.176007
0.246295 -0.124109 0.047906 -0.215122 -0.228229
0.293813 -0.035127 0.135037 0.085141 -0.237148
0.292456 -0.123257 0.137218 -0.013548 -0.27677
0.184318 -0.276855 -0.028035 -0.0914 -0.011703
0.227341 -0.225141 0.031898 0.052129 0.093857
0.188052 -0.142294 0.066142 -0.00237 0.022357
0.168463 -0.24748 0.001824 0.036687 0.178369
0.26123 -0.059677 0.115267 -0.069542 -0.180599
0.264512 -0.034336 0.142668 -0.012624 -0.229182
0.264512 -0.034336 0.142668 -0.012624 -0.229182
0.248274 -0.083234 0.075302 -0.060254 0.061192
0.248274 -0.083234 0.075302 -0.060254 0.061192
0.232206 -0.038735 0.053478 -0.155119 0.044376
0.175365 -0.159911 -0.017228 -0.099741 0.260919
0.128712 -0.221169 -0.092675 -0.221084 0.313949
0.100749 -0.207966 -0.098448 -0.445079 0.087751
0.088777 -0.215983 -0.051341 -0.246605 -0.026493
0.176647 -0.142413 -0.016441 -0.423258 -0.173109
0.176647 -0.142413 -0.016441 -0.423258 -0.173109
0.176647 -0.142413 -0.016441 -0.423258 -0.173109
0.176647 -0.142413 -0.016441 -0.423258 -0.173109
0.176647 -0.142413 -0.016441 -0.423258 -0.173109
0.176647 -0.142413 -0.016441 -0.423258 -0.173109
0.176647 -0.142413 -0.016441 -0.423258 -0.173109
0.176647 -0.142413 -0.016441 -0.423258 -0.173109
0.185635 -0.193608 0.014731 -0.129691 0.001609
0.185635 -0.193608 0.014731 -0.129691 0.001609
0.290893 -0.063682 0.115956 -0.014861 -0.167162
0.290893 -0.063682 0.115956 -0.014861 -0.167162
0.296675 -0.092221 0.066341 -0.268714 -0.096313
0.267716 -0.083415 0.024082 -0.433462 -0.136233
0.267716 -0.083415 0.024082 -0.433462 -0.136233
0.265034 -0.092814 0.069401 -0.275758 -0.161748
0.265034 -0.092814 0.069401 -0.275758 -0.161748
0.265034 -0.092814 0.069401 -0.275758 -0.161748
0.274627 -0.08868 0.043853 -0.126757 0.022716
0.274627 -0.08868 0.043853 -0.126757 0.022716
0.252402 -0.117753 0.064286 0.112787 0.241732
0.306456 -0.086487 0.072126 -0.066442 0.010864
0.306456 -0.086487 0.072126 -0.066442 0.010864
0.20678 -0.139986 -0.000905 -0.198991 0.019526
0.20678 -0.139986 -0.000905 -0.198991 0.019526
0.199221 -0.08927 0.00719 -0.263345 -0.034025
0.232696 -0.090153 0.053542 -0.200208 -0.062091
0.232696 -0.090153 0.053542 -0.200208 -0.062091
0.253431 -0.049231 0.06611 -0.370215 -0.291755
0.253431 -0.049231 0.06611 -0.370215 -0.291755
0.253431 -0.049231 0.06611 -0.370215 -0.291755
0.253431 -0.049231 0.06611 -0.370215 -0.291755
0.050496 -0.288662 -0.086001 -0.368237 -0.037109
0.069393 -0.286739 -0.076225 -0.308838 -0.068168
0.069393 -0.286739 -0.076225 -0.308838 -0.068168
0.073859 -0.309958 -0.068537 -0.372507 -0.14941
0.073859 -0.309958 -0.068537 -0.372507 -0.14941
0.045951 -0.365452 -0.109647 -0.217126 0.171887
0.045951 -0.365452 -0.109647 -0.217126 0.171887
0.045951 -0.365452 -0.109647 -0.217126 0.171887
0.094551 -0.362656 -0.066006 -0.123077 0.116949
0.094551 -0.362656 -0.066006 -0.123077 0.116949
0.051582 -0.358219 -0.093732 -0.212787 0.071832
0.095611 -0.345093 -0.08404 -0.316773 0.036796
0.095611 -0.345093 -0.08404 -0.316773 0.036796
0.039596 -0.361593 -0.078394 -0.231847 0.002401
0.039596 -0.361593 -0.078394 -0.231847 0.002401
0.044851 -0.30366 -0.084636 -0.097019 0.18326
0.152614 -0.153251 0.052365 0.029721 0.097189
0.122308 -0.2537 -0.023127 -0.08811 0.167802
0.166539 -0.165775 0.038211 0.036647 0.075384
0.166539 -0.165775 0.038211 0.036647 0.075384
0.062299 -0.363584 -0.135387 -0.055683 0.40787
0.062299 -0.363584 -0.135387 -0.055683 0.40787
0.113472 -0.190285 -0.030928 -0.211121 0.005867
0.113472 -0.190285 -0.030928 -0.211121 0.005867
0.071881 -0.242079 -0.062073 -0.186156 0.036567
0.071881 -0.242079 -0.062073 -0.186156 0.036567
0.071881 -0.242079 -0.062073 -0.186156 0.036567
0.110913 -0.157018 0.025889 0.043105 0.045243
0.228533 -0.054012 0.069672 -0.012389 0.012785
0.268613 -0.101862 0.104359 -0.192946 -0.305949
0.268613 -0.101862 0.104359 -0.192946 -0.305949
0.268613 -0.101862 0.104359 -0.192946 -0.305949
0.283505 -0.114935 0.107859 0.008012 -0.127192
0.26527 -0.08167 0.09053 0.024077 0.002028
0.169401 -0.161119 -0.040325 -0.330983 -0.003823
0.169401 -0.161119 -0.040325 -0.330983 -0.003823
0.169401 -0.161119 -0.040325 -0.330983 -0.003823
0.190771 -0.16182 -0.041908 -0.494334 -0.169658
0.190771 -0.16182 -0.041908 -0.494334 -0.169658
0.190771 -0.16182 -0.041908 -0.494334 -0.169658
0.190771 -0.16182 -0.041908 -0.494334 -0.169658
0.190771 -0.16182 -0.041908 -0.494334 -0.169658
0.190771 -0.16182 -0.041908 -0.494334 -0.169658
0.127386 -0.135653 0.059544 0.165286 0.035894
0.045282 -0.279646 -0.052724 0.065298 0.153691
0.173854 -0.18708 0.028113 0.117894 0.08626
0.126033 -0.230046 0.009836 0.099607 0.070476
0.089353 -0.248449 -0.016731 0.107553 0.186281
0.157723 -0.192374 0.049389 0.130914 0.059671
0.14736 -0.126727 0.052008 0.003104 -0.038634
0.318296 -0.01155 0.135848 -0.157384 -0.312625
0.318296 -0.01155 0.135848 -0.157384 -0.312625
0.273132 -0.055619 0.124355 -0.136077 -0.33328
0.273132 -0.055619 0.124355 -0.136077 -0.33328
0.273132 -0.055619 0.124355 -0.136077 -0.33328
0.273132 -0.055619 0.124355 -0.136077 -0.33328
0.273132 -0.055619 0.124355 -0.136077 -0.33328
0.273132 -0.055619 0.124355 -0.136077 -0.33328
0.235447 -0.125659 0.122716 0.11051 -0.077729
0.233001 -0.072745 0.073612 -0.022361 -0.059035
0.215529 -0.14646 0.098178 -0.135221 -0.240227
0.241297 -0.100682 0.119076 0.122943 -0.077978
0.203618 -0.178554 0.049208 -0.124302 -0.165135
0.135223 -0.189265 -0.027946 -0.355769 -0.110814
0.151934 -0.106173 0.056143 -0.076916 -0.079245
0.151934 -0.106173 0.056143 -0.076916 -0.079245
0.142266 -0.187487 -0.03535 -0.289033 -0.06333
0.280178 -0.046073 0.083123 -0.162659 -0.14537
0.280178 -0.046073 0.083123 -0.162659 -0.14537
0.30596 -0.029123 0.094014 -0.204083 -0.238045
0.261114 -0.07426 0.097041 -0.049073 -0.134237
0.261114 -0.07426 0.097041 -0.049073 -0.134237
0.179394 -0.232287 -0.016091 -0.078125 0.096885
0.240384 -0.134923 0.045323 0.130954 0.101075
0.201272 -0.238397 -0.051047 -0.362677 0.002734
0.23739 -0.16207 -0.024792 -0.277704 0.053122
0.185966 -0.25068 -0.009461 0.045139 0.207541
0.185966 -0.25068 -0.009461 0.045139 0.207541
0.26443 -0.149747 0.095539 0.132473 0.04069
0.26443 -0.149747 0.095539 0.132473 0.04069
0.206268 -0.210921 0.041406 0.159446 0.160384
0.179861 -0.242383 0.037025 0.199454 0.247939
0.22177 -0.199461 0.093342 0.278412 0.155965
0.218068 -0.150843 0.100474 0.088376 0.00472
0.212331 -0.054202 0.061324 -0.075762 -0.043609
0.212331 -0.054202 0.061324 -0.075762 -0.043609
0.076564 -0.19263 -0.014102 -0.06777 0.047044
0.075467 -0.192598 -0.03393 0.037386 0.259125
0.201166 -0.01558 0.081105 -0.152135 -0.072784
0.252233 0.018871 0.114952 -0.110028 -0.137474
0.36829 0.016939 0.194265 -0.035447 -0.299977
0.36829 0.016939 0.194265 -0.035447 -0.299977
0.173945 -0.108787 0.073017 -0.100767 -0.207118
0.224066 -0.136145 0.118246 0.083863 -0.101164
0.20685 -0.144964 0.087153 0.059242 -0.015481
0.220692 -0.138476 0.099716 0.155831 0.089516
0.320818 -0.021891 0.1686 -0.010484 -0.285916
0.320818 -0.021891 0.1686 -0.010484 -0.285916
0.255521 -0.112473 0.049855 -0.242083 -0.108734
0.214585 -0.090593 0.107961 0.159491 0.112576
0.277779 -0.075906 0.110447 0.183496 0.198256
0.313517 -0.013295 0.124647 -0.059344 -0.042966
0.313517 -0.013295 0.124647 -0.059344 -0.042966
0.196214 -0.17988 -0.024484 -0.238628 -0.090429
0.283112 -0.084576 0.092107 -0.033737 -0.075231
0.283112 -0.084576 0.092107 -0.033737 -0.075231
0.069277 -0.281376 -0.07349 -0.140312 0.013266
0.144727 -0.175957 -0.029837 -0.411119 -0.213965
0.144727 -0.175957 -0.029837 -0.411119 -0.213965
0.144727 -0.175957 -0.029837 -0.411119 -0.213965
0.102165 -0.174697 -0.008598 -0.240828 -0.08821
0.076069 -0.27176 -0.021396 -0.113382 0.088268
0.041951 -0.357388 -0.070998 -0.061404 0.100382
-0.011048 -0.40647 -0.108063 -0.303761 -0.039639
0.002759 -0.455363 -0.119229 -0.238778 0.121955
0.03105 -0.355659 -0.105394 -0.311947 0.010571
0.002647 -0.258771 -0.125533 -0.606606 -0.079942
0.002647 -0.258771 -0.125533 -0.606606 -0.079942
0.162715 -0.197201 -0.06163 -0.200256 0.163788
0.164351 -0.283922 -0.05428 -0.456198 -0.114707
0.164351 -0.283922 -0.05428 -0.456198 -0.114707
0.164351 -0.283922 -0.05428 -0.456198 -0.114707
0.110727 -0.292039 -0.058252 0.017473 0.229334
0.110727 -0.292039 -0.058252 0.017473 0.229334
0.192482 -0.201536 0.023308 -0.056393 0.088866
0.192482 -0.201536 0.023308 -0.056393 0.088866
0.06972 -0.382226 -0.070031 -0.008651 0.199876
0.06972 -0.382226 -0.070031 -0.008651 0.199876
0.212189 -0.075191 0.070932 0.01094 -0.040597
0.230925 -0.026031 0.089783 -0.178427 -0.238779
0.126161 -0.221443 -0.053468 -0.235534 -0.027255
0.166855 -0.228351 0.013451 0.056736 0.059922
0.166855 -0.228351 0.013451 0.056736 0.059922
0.278127 -0.093965 0.142384 0.053978 -0.106854
0.23308 -0.09416 0.042535 -0.14974 -0.015071
0.263542 -0.101744 0.060779 -0.106574 -0.02048
0.146836 -0.205179 -0.02579 -0.065151 0.06776
0.179226 -0.145127 0.032206 -0.163171 -0.116922
0.151287 -0.178782 -0.028749 -0.055732 0.071769
0.296893 -0.054626 0.131953 0.054257 -0.131861
0.296893 -0.054626 0.131953 0.054257 -0.131861
0.186195 -0.171487 -0.036558 -0.244886 0.176918
0.198669 -0.120395 0.052634 0.042162 0.186243
0.178822 -0.154727 0.012173 0.186085 0.327955
0.178822 -0.154727 0.012173 0.186085 0.327955
0.127767 -0.228527 -0.101917 -0.311769 0.109735
0.127767 -0.228527 -0.101917 -0.311769 0.109735
0.127767 -0.228527 -0.101917 -0.311769 0.109735
0.268073 0.003071 0.075097 0.027606 0.051069
0.165597 -0.142498 -0.056948 -0.020114 0.279338
0.19645 -0.127468 0.065111 0.245265 0.258911
0.19645 -0.127468 0.065111 0.245265 0.258911
0.19645 -0.127468 0.065111 0.245265 0.258911
0.193375 -0.123037 0.034627 0.297676 0.41362
0.193375 -0.123037 0.034627 0.297676 0.41362
0.193375 -0.123037 0.034627 0.297676 0.41362
0.163561 -0.17332 0.046087 0.239965 0.29069
0.158984 -0.14492 0.039617 -0.372879 -0.31953
0.158984 -0.14492 0.039617 -0.372879 -0.31953
0.158984 -0.14492 0.039617 -0.372879 -0.31953
0.158984 -0.14492 0.039617 -0.372879 -0.31953
0.269132 -0.067774 0.10809 -0.145523 -0.24657
0.269132 -0.067774 0.10809 -0.145523 -0.24657
0.255896 -0.013836 0.146326 0.088075 -0.049415
0.180862 -0.131035 0.114007 0.253466 0.038339
0.223779 -0.093938 0.001912 -0.082608 0.157854
0.223779 -0.093938 0.001912 -0.082608 0.157854
0.160359 -0.261058 0.050132 0.031688 0.05649
0.160359 -0.261058 0.050132 0.031688 0.05649
0.160359 -0.261058 0.050132 0.031688 0.05649
0.210593 -0.1702 0.06939 -0.025594 0.014003
0.232015 -0.131049 0.053882 -0.181724 -0.104548
0.142629 -0.281713 -0.005022 -0.119305 -0.049733
0.184442 -0.197572 0.042142 -0.118951 -0.144994
0.165412 -0.219266 0.001807 -0.205268 -0.132487
0.165412 -0.219266 0.001807 -0.205268 -0.132487
0.165412 -0.219266 0.001807 -0.205268 -0.132487
0.165412 -0.219266 0.001807 -0.205268 -0.132487
0.165412 -0.219266 0.001807 -0.205268 -0.132487
0.165412 -0.219266 0.001807 -0.205268 -0.132487
0.179947 -0.221105 0.029584 -0.150748 -0.119547
0.166787 -0.164103 0.007943 -0.222065 -0.095935
0.166787 -0.164103 0.007943 -0.222065 -0.095935
0.166787 -0.164103 0.007943 -0.222065 -0.095935
0.166787 -0.164103 0.007943 -0.222065 -0.095935
0.166787 -0.164103 0.007943 -0.222065 -0.095935
0.131362 -0.174331 0.009599 -0.081938 -0.044925
0.131362 -0.174331 0.009599 -0.081938 -0.044925
0.165031 -0.257446 0.009954 -0.192723 -0.227476
0.165031 -0.257446 0.009954 -0.192723 -0.227476
0.165031 -0.257446 0.009954 -0.192723 -0.227476
0.165031 -0.257446 0.009954 -0.192723 -0.227476
0.197517 -0.206558 0.027744 -0.21892 -0.212683
0.197517 -0.206558 0.027744 -0.21892 -0.212683
0.197517 -0.206558 0.027744 -0.21892 -0.212683
0.166838 -0.26563 -0.019017 -0.173067 -0.035957
0.239218 -0.158781 0.041606 -0.285759 -0.195164
0.229281 -0.166524 0.03562 -0.142952 -0.044335
0.198261 -0.181188 0.040553 -0.091964 -0.015254
0.240846 -0.159439 0.088671 0.095086 0.034249
0.360606 -0.00959 0.171223 0.243088 0.002119
0.276982 -0.08643 0.099667 0.245579 0.137536
0.276982 -0.08643 0.099667 0.245579 0.137536
0.308457 0.015676 0.184065 0.019959 -0.315497
0.221757 -0.16355 0.049337 -0.142408 -0.110642
0.221757 -0.16355 0.049337 -0.142408 -0.110642
0.14835 -0.143295 0.002897 -0.068564 0.03131
0.184146 -0.065253 0.065328 -0.148792 -0.187582
0.141814 -0.044822 0.031876 -0.246413 -0.175693
0.141814 -0.044822 0.031876 -0.246413 -0.175693
0.220169 -0.070512 0.096872 -0.163805 -0.349991
0.220169 -0.070512 0.096872 -0.163805 -0.349991
0.225466 -0.042556 0.087668 -0.212981 -0.282648
0.225466 -0.042556 0.087668 -0.212981 -0.282648
0.225466 -0.042556 0.087668 -0.212981 -0.282648
0.225466 -0.042556 0.087668 -0.212981 -0.282648
0.225466 -0.042556 0.087668 -0.212981 -0.282648
0.193689 -0.101601 0.0843 -0.121803 -0.242108
0.193689 -0.101601 0.0843 -0.121803 -0.242108
0.172172 -0.125865 0.020808 -0.203756 -0.113015
0.171516 -0.211881 -0.044482 -0.321097 -0.056546
0.171516 -0.211881 -0.044482 -0.321097 -0.056546
0.181418 -0.211075 -0.027506 -0.380793 -0.17717
0.17152 -0.332549 -0.045291 -0.160631 0.103321
0.225804 -0.179629 0.011142 -0.228805 -0.0851
0.225804 -0.179629 0.011142 -0.228805 -0.0851
0.225804 -0.179629 0.011142 -0.228805 -0.0851
0.198205 -0.216344 -0.007962 -0.10421 0.025416
0.193488 -0.209518 0.010868 -0.217191 -0.172048
0.240381 -0.082384 0.041317 -0.314883 -0.199619
0.153065 -0.246738 -0.081643 -0.430448 -0.075192
0.153065 -0.246738 -0.081643 -0.430448 -0.075192
0.153065 -0.246738 -0.081643 -0.430448 -0.075192
0.153065 -0.246738 -0.081643 -0.430448 -0.075192
0.153065 -0.246738 -0.081643 -0.430448 -0.075192
0.192714 -0.198591 -0.026329 -0.234832 0.000713
0.188111 -0.145155 -0.00888 -0.070478 0.137573
0.114144 -0.25939 -0.083488 -0.414124 0.001897
0.156978 -0.196532 -0.048656 -0.39209 -0.088407
0.157367 -0.197366 -0.020608 -0.194781 -0.1165
0.242466 -0.121221 0.018852 -0.29777 -0.223958
0.242466 -0.121221 0.018852 -0.29777 -0.223958
0.215659 -0.061512 0.074911 0.021177 0.170125
0.145241 -0.140194 0.00915 0.084547 0.367024
0.145241 -0.140194 0.00915 0.084547 0.367024
0.157023 -0.176499 -0.019526 -0.097642 0.236646
0.195792 -0.100431 -0.023526 -0.078535 0.23141
0.137975 -0.283418 -0.061325 0.061508 0.292705
0.14528 -0.353532 -0.026569 0.113917 0.188511
0.294811 -0.04737 0.073701 -0.173526 -0.156229
0.280827 -0.014106 0.047309 -0.204836 -0.135816
0.196944 -0.189237 -0.034335 -0.273769 -0.13639
0.196944 -0.189237 -0.034335 -0.273769 -0.13639
0.196944 -0.189237 -0.034335 -0.273769 -0.13639
0.160001 -0.318313 -0.081429 -0.406688 -0.215921
0.11207 -0.340441 -0.110671 -0.152835 0.075619
0.11207 -0.340441 -0.110671 -0.152835 0.075619
0.094981 -0.243202 -0.009343 0.019976 -0.081348
0.172626 -0.048917 0.101056 0.006477 -0.218209
0.218696 0.009446 0.160041 0.155296 -0.092094
0.232186 0.057939 0.151921 -0.06959 -0.265951
0.281004 0.083376 0.16813 -0.05781 -0.310537
0.221082 -0.12671 0.048093 -0.204982 -0.073658
0.156359 -0.222178 0.0103 -0.435621 -0.190909
0.178092 -0.191022 0.036489 -0.105463 0.074423
0.185972 -0.184478 0.072299 0.129298 0.083366
0.186319 -0.172125 0.072327 -0.138617 -0.25106
0.204633 -0.194403 0.05204 -0.200199 -0.250536
0.238631 -0.087855 0.076471 -0.05027 -0.133967
0.181302 -0.209768 0.00819 0.067506 0.08063
0.181302 -0.209768 0.00819 0.067506 0.08063
0.181302 -0.209768 0.00819 0.067506 0.08063
0.142681 -0.264789 -0.024987 -0.077851 0.040954
0.142681 -0.264789 -0.024987 -0.077851 0.040954
0.103915 -0.269696 -0.05989 -0.118893 0.079862
0.173055 -0.189069 0.016824 -0.135495 -0.094313
0.173055 -0.189069 0.016824 -0.135495 -0.094313
0.173055 -0.189069 0.016824 -0.135495 -0.094313
0.19229 -0.114627 0.047313 -0.233654 -0.162113
0.211807 -0.065804 0.098392 -0.096068 -0.148713
0.211204 -0.056917 0.068753 -0.151093 -0.117497
0.228128 -0.193522 0.022802 -0.234201 -0.070567
0.228128 -0.193522 0.022802 -0.234201 -0.070567
0.239431 -0.209232 0.053759 -0.107875 -0.053982
0.211467 -0.303628 0.026691 -0.177074 -0.048722
0.168161 -0.312499 0.035538 0.042496 0.094258
0.099336 -0.370585 -0.025381 -0.191537 -0.029318
0.099336 -0.370585 -0.025381 -0.191537 -0.029318
0.099336 -0.370585 -0.025381 -0.191537 -0.029318
0.092788 -0.40212 -0.058656 -0.391894 -0.131832
0.018794 -0.39991 -0.018465 -0.00071 -0.022861
0.024913 -0.343286 -0.038753 -0.016116 0.075813
-0.028217 -0.452448 -0.157443 -0.228829 0.181757
0.059753 -0.354063 -0.100207 -0.262549 0.088436
0.146435 -0.349823 -0.003092 0.133415 0.298071
0.072947 -0.300241 -0.015304 0.123544 0.242105
0.239781 -0.098815 0.113038 0.319071 0.199154
0.239781 -0.098815 0.113038 0.319071 0.199154
0.239781 -0.098815 0.113038 0.319071 0.199154
0.239781 -0.098815 0.113038 0.319071 0.199154
0.165535 -0.089597 0.039918 -0.015616 0.124583
0.165535 -0.089597 0.039918 -0.015616 0.124583
0.042646 -0.248032 -0.077975 -0.044967 0.266368
0.002393 -0.30525 -0.067975 0.112845 0.387643
0.002393 -0.30525 -0.067975 0.112845 0.387643
-0.055027 -0.398631 -0.110226 0.135988 0.449688
0.049719 -0.256806 -0.035616 0.179972 0.347194
0.049719 -0.256806 -0.035616 0.179972 0.347194
0.049719 -0.256806 -0.035616 0.179972 0.347194
0.049719 -0.256806 -0.035616 0.179972 0.347194
0.052256 -0.399886 -0.102192 0.175515 0.610027
0.052256 -0.399886 -0.102192 0.175515 0.610027
0.052256 -0.399886 -0.102192 0.175515 0.610027
0.052256 -0.399886 -0.102192 0.175515 0.610027
0.180232 -0.2379 0.032166 0.309206 0.372018
0.180232 -0.2379 0.032166 0.309206 0.372018
0.180232 -0.2379 0.032166 0.309206 0.372018
0.171442 -0.249869 0.038296 0.127493 0.078066
0.171442 -0.249869 0.038296 0.127493 0.078066
0.215932 -0.232904 0.032182 -0.174315 0.000755
0.075449 -0.25342 -0.017352 0.126075 0.212366
0.066598 -0.261517 0.000473 0.097898 0.014258
0.147802 -0.122821 0.046724 0.224472 0.135276
0.147802 -0.122821 0.046724 0.224472 0.135276
0.146447 -0.117941 0.050033 0.124753 0.045195
0.216339 -0.054281 0.06283 0.006104 -0.015253
0.097124 -0.303994 -0.052358 0.006841 0.139811
0.15421 -0.214887 -0.026726 -0.5032 -0.249354
-0.055826 -0.419603 -0.15039 -0.280731 0.09576
0.068223 -0.366079 -0.121608 -0.451205 0.032545
0.068223 -0.366079 -0.121608 -0.451205 0.032545
0.068223 -0.366079 -0.121608 -0.451205 0.032545
0.068223 -0.366079 -0.121608 -0.451205 0.032545
0.122048 -0.348575 -0.048168 -0.299604 -0.027516
0.085774 -0.454293 -0.095379 -0.013015 0.325036
0.188752 -0.25405 0.038881 -0.088734 0.02058
0.263642 -0.15543 0.106012 0.168328 0.04863
0.263642 -0.15543 0.106012 0.168328 0.04863
0.263642 -0.15543 0.106012 0.168328 0.04863
0.154196 -0.201745 -0.007113 -0.184675 -0.005358
0.077333 -0.312888 -0.07403 -0.108385 0.120589
0.077333 -0.312888 -0.07403 -0.108385 0.120589
0.090627 -0.261371 -0.059153 -0.371547 -0.069732
0.090627 -0.261371 -0.059153 -0.371547 -0.069732
0.143581 -0.142797 0.002827 -0.328607 -0.167277
0.143581 -0.142797 0.002827 -0.328607 -0.167277
0.143581 -0.142797 0.002827 -0.328607 -0.167277
0.143581 -0.142797 0.002827 -0.328607 -0.167277
0.135268 -0.086594 0.027546 -0.028605 -0.027774
0.223956 -0.087032 0.044116 -0.207761 -0.075765
0.223956 -0.087032 0.044116 -0.207761 -0.075765
0.221291 -0.124168 0.040427 -0.254932 -0.149305
0.221291 -0.124168 0.040427 -0.254932 -0.149305
0.221291 -0.124168 0.040427 -0.254932 -0.149305
0.196799 -0.1509 0.027642 0.092593 0.206376
0.288974 0.022652 0.083551 -0.142797 -0.038192
0.25495 -0.046578 0.065304 -0.155168 -0.118034
0.263673 -0.14007 0.119427 -0.182405 -0.349906
0.263673 -0.14007 0.119427 -0.182405 -0.349906
0.263673 -0.14007 0.119427 -0.182405 -0.349906
0.208051 -0.140972 0.025952 -0.391203 -0.296233
0.208051 -0.140972 0.025952 -0.391203 -0.296233
0.208051 -0.140972 0.025952 -0.391203 -0.296233
0.208051 -0.140972 0.025952 -0.391203 -0.296233
0.208051 -0.140972 0.025952 -0.391203 -0.296233
0.047334 -0.245609 -0.055366 -0.135269 0.063133
0.039461 -0.341445 -0.108176 -0.259338 0.083195
0.039461 -0.341445 -0.108176 -0.259338 0.083195
0.039461 -0.341445 -0.108176 -0.259338 0.083195
0.047219 -0.324538 -0.15556 -0.155109 0.362565
0.078371 -0.255218 -0.09348 -0.089168 0.110134
0.044761 -0.387329 -0.155139 -0.158261 0.217794
0.044761 -0.387329 -0.155139 -0.158261 0.217794
0.102182 -0.344144 -0.086245 -0.198452 0.056867
0.102182 -0.344144 -0.086245 -0.198452 0.056867
0.071808 -0.293294 -0.097832 0.002044 0.281158
0.071808 -0.293294 -0.097832 0.002044 0.281158
0.071808 -0.293294 -0.097832 0.002044 0.281158
0.071808 -0.293294 -0.097832 0.002044 0.281158
0.101744 -0.146013 -0.019639 0.015423 0.091086
0.148583 -0.111654 0.027325 0.103435 0.037565
0.156601 -0.216226 0.014175 0.308817 0.233172
0.120973 -0.215401 -0.008544 0.199488 0.282865
0.176635 -0.208897 0.007825 0.153058 0.258675
0.125266 -0.260814 -0.001816 0.19389 0.286228
0.125266 -0.260814 -0.001816 0.19389 0.286228
0.219416 -0.213073 0.067952 0.036877 -0.060064
0.226857 -0.116783 0.053365 0.008806 -0.012065
0.161828 -0.131739 0.031126 0.014595 0.046487
0.149177 -0.294489 -0.068327 0.037541 0.32543
0.149177 -0.294489 -0.068327 0.037541 0.32543
0.105767 -0.268623 -0.030903 0.072353 0.249275
0.105767 -0.268623 -0.030903 0.072353 0.249275
0.101939 -0.23033 -0.025845 0.141414 0.273122
0.101939 -0.23033 -0.025845 0.141414 0.273122
0.101939 -0.23033 -0.025845 0.141414 0.273122
0.199906 -0.160066 0.017574 -0.008001 0.172164
0.199906 -0.160066 0.017574 -0.008001 0.172164
0.246654 -0.159241 0.072406 0.212741 0.168565
0.246654 -0.159241 0.072406 0.212741 0.168565
0.297334 -0.085636 0.09321 -0.09439 -0.079867
0.291123 -0.020469 0.136576 -0.14156 -0.257435
0.291123 -0.020469 0.136576 -0.14156 -0.257435
0.291123 -0.020469 0.136576 -0.14156 -0.257435
0.248738 -0.074822 0.143647 0.335981 0.056363
0.248738 -0.074822 0.143647 0.335981 0.056363
0.165545 -0.110512 0.070691 0.017908 0.01762
0.111164 -0.304781 -0.007062 0.11306 0.166511
0.107314 -0.386858 -0.077977 0.055799 0.330454
0.107314 -0.386858 -0.077977 0.055799 0.330454
0.075973 -0.353046 -0.074918 -0.230432 0.052308
0.169958 -0.136656 0.026827 -0.056878 0.022385
0.172132 -0.154258 0.021777 0.073484 0.060016
0.179564 -0.195384 0.035626 0.219843 0.179979
0.228495 -0.145032 0.028326 0.068816 0.263259
0.229885 -0.118448 0.094199 0.302401 0.304013
0.249194 -0.178675 0.101184 0.404737 0.303619
0.249194 -0.178675 0.101184 0.404737 0.303619
0.263989 -0.246404 0.013555 -0.349298 -0.001024
0.104573 -0.296524 0.04603 0.268227 0.177589
0.064748 -0.346893 0.002825 0.262955 0.297201
0.064748 -0.346893 0.002825 0.262955 0.297201
0.241593 -0.065267 0.088531 0.29719 0.080753
0.241593 -0.065267 0.088531 0.29719 0.080753
0.133688 -0.173247 -0.06952 0.081227 0.330828
0.170333 -0.189037 -0.077779 -0.09612 0.209603
