-2419.977
-720.1167
-720.2812
-720.9126
-720.9126
-721.2274
-721.2274
-721.2274
-721.2274
-722.0752
-720.8645
-721.7296
-721.2576
-719.4951
-719.9038
-719.9038
-719.9038
-719.9038
-719.9038
-719.9038
-719.9038
-720.6475
-721.4004
-721.4004
-719.959
-719.959
-719.959
-719.959
-719.959
-722.5987
-719.9751
-719.9751
-722.7666
-719.6893
-719.6893
-719.6893
-720.9924
-720.333
-720.0106
-720.2064
-720.1487
-719.5149
-719.5149
-719.5149
-719.9981
-721.0592
-720.6572
-720.0595
-720.0595
-719.7379
-719.7379
-720.8324
-720.8324
-720.8324
-721.0636
-720.7873
-721.2193
-721.1561
-721.1561
-720.8886
-720.8886
-720.0766
-720.0766
-720.2739
-720.2739
-720.2739
-720.2739
-721.47
-719.8638
-719.2384
-719.266
-719.266
-719.266
-719.266
-719.266
-719.7345
-720.7053
-719.4625
-719.2533
-719.2533
-720.2381
-719.5895
-719.8908
-721.1754
-721.1754
-723.0507
-722.4758
-722.4758
-723.3669
-721.5864
-720.5516
-719.9889
-719.9889
-719.7273
-719.6574
-719.6574
-719.6265
-719.8845
-719.3591
-722.0598
-720.9044
-720.5535
-719.5588
-720.3879
-720.3295
-720.3295
-720.9748
-720.9748
-720.3616
-720.3616
-720.3616
-720.3616
-720.3616
-719.1339
-721.3054
-721.3054
-721.3054
-719.6582
-719.6582
-719.6582
-719.6582
-720.5313
-719.7281
-719.7281
-719.7281
-719.6341
-720.6126
-719.2468
-720.3195
-720.3532
-720.3532
-720.7148
-719.7457
-719.7457
-719.7457
-720.1515
-720.1515
-720.1515
-719.3472
-719.3472
-719.3472
-719.08
-720.6387
-720.6387
-719.6385
-719.7035
-720.4068
-720.4068
-720.4068
-719.4965
-721.3523
-720.8429
-720.5218
-720.5218
-720.5218
-720.5218
-721.0464
-721.0464
-720.5768
-719.7862
-719.7862
-719.7862
-719.7862
-719.7862
-720.1521
-720.1521
-720.4935
-722.1642
-719.4033
-719.3875
-719.3875
-720.3016
-720.9848
-720.0569
-719.5776
-720.2077
-720.1957
-719.6928
-720.4218
-720.4218
-720.4218
-720.1814
-720.1814
-720.1814
-720.13
-720.13
-720.1364
-721.1654
-721.1654
-720.3061
-720.3061
-719.7833
-720.0376
-719.8294
-721.6057
-721.6057
-720.7071
-720.7071
-720.7071
-720.8454
-721.2093
-721.3772
-720.3662
-720.0759
-720.0507
-720.9865
-722.2652
-722.2652
-720.9042
-720.7528
-720.4048
-721.454
-720.8952
-720.8952
-720.8952
-720.8952
-720.8952
-720.8952
-720.8952
-720.2075
-720.2075
-720.159
-720.159
-720.6259
-721.1989
-721.1989
-721.1989
-721.7403
-722.6379
-720.0655
-720.0655
-719.6637
-720.2859
-719.6249
-719.6582
-719.9709
-720.9618
-721.4406
-721.4406
-720.5534
-720.5534
-721.2386
-721.5652
-720.8685
-720.8685
-720.8685
-720.9548
-719.7768
-719.3692
-719.1081
-719.1081
-719.1081
-719.1081
-719.1081
-719.2731
-719.2731
-719.4754
-719.4073
-719.4073
-719.4073
-719.4073
-719.4083
-719.9695
-719.9695
-720.0329
-722.2463
-720.3916
-720.3916
-719.6653
-720.0286
-720.0286
-720.0286
-719.5624
-719.5434
-720.1622
-719.5354
-719.6395
-719.8687
-719.8687
-719.8687
-720.3744
-720.3744
-720.3744
-720.4289
-719.4651
-719.4651
-720.3218
-720.3218
-720.3218
-721.1525
-722.5032
-722.5032
-720.4639
-720.4639
-720.9284
-720.9284
-720.9284
-720.9284
-720.0136
-722.0404
-722.0404
-722.0404
-720.7155
-721.8275
-720.0035
-720.0006
-720.0006
-721.6616
-721.2338
-720.2184
-720.3213
-720.9189
-721.3381
-719.7357
-719.7357
-720.2469
-720.2469
-720.2469
-721.0141
-721.0141
-721.0141
-721.0141
-721.0141
-721.0141
-721.9193
-722.5587
-720.2982
-722.5791
-721.3399
-719.5406
-719.5406
-719.5406
-719.5406
-719.5406
-719.5406
-719.508
-719.508
-720.6793
-720.6793
-721.1086
-722.6417
-722.7377
-720.299
-719.9303
-719.5229
-719.5229
-722.169
-722.169
-721.8502
-720.3778
-719.7145
-719.7145
-721.4013
-721.4013
-719.2794
-719.2794
-719.2794
-720.2497
-720.2497
-720.2497
-720.2497
-720.2497
-720.2082
-720.2082
-720.7645
-721.3936
-721.2857
-722.7361
-722.7754
-721.8346
-720.9175
-722.0629
-722.3521
-722.1652
-721.7731
-720.1445
-720.113
-720.113
-719.6165
-719.6165
-720.7603
-720.239
-720.732
-720.7693
-720.7693
-720.7693
-720.0087
-719.6348
-720.8236
-720.3127
-721.6699
-721.1922
-720.1322
-720.3441
-720.3441
-720.275
-720.4786
-720.4786
-719.9636
-719.9636
-720.5475
-720.2916
-720.5273
-720.5783
-720.6249
-720.6624
-723.4106
-720.6266
-720.6086
-720.6086
-720.6086
-720.6871
-720.6871
-720.3527
-719.5633
-721.0032
-720.3185
-720.3185
-720.3185
-719.7582
-719.2398
-719.2398
-719.2398
-719.8896
-719.8896
-719.4794
-719.4794
-719.4794
-719.3945
-719.3945
-720.6603
-720.6853
-719.4193
-719.4193
-721.8245
-721.4974
-721.4974
-720.5614
-720.5614
-720.5614
-720.5614
-725.3055
-725.3055
-725.0844
-725.049
-725.3278
-725.3278
-723.3086
-723.3086
-722.5969
-722.0256
-721.3293
-720.4677
-721.5778
-721.7592
-721.2846
-720.0403
-719.2665
-719.4241
-719.5891
-720.3496
-719.8866
-719.663
-719.9121
-720.3959
-720.081
-719.2875
-721.1461
-721.1461
-721.1461
-721.9024
-721.1993
-721.1772
-720.5681
-720.5681
-720.5681
-720.5681
-720.5681
-719.9154
-720.4546
-720.4546
-719.596
-719.596
-720.5507
-719.9889
-720.2751
-721.0517
-720.8236
-720.6053
-720.6053
-722.9718
-722.5213
-721.5451
-720.8286
-720.8286
-719.9403
-719.8742
-719.8013
-723.2648
-720.8302
-720.8302
-721.2542
-721.2542
-720.7731
-720.7731
-720.7731
-720.7731
-720.5912
-720.5912
-720.1015
-720.5827
-720.7108
-720.7108
-720.0496
-720.8194
-719.6817
-720.6217
-721.9151
-719.8456
-719.8456
-720.3181
-720.3181
-720.3181
-720.3181
-720.3181
-720.9228
-720.9228
-720.9228
-720.9228
-720.9228
-720.9228
-720.0691
-720.0691
-719.6515
-719.6515
-720.1571
-720.1571
-720.1571
-720.1571
-719.8729
-719.8729
-719.7354
-719.8713
-719.8713
-720.3049
-719.8655
-720.1938
-719.5587
-719.5587
-719.5587
-719.9635
-719.9635
-719.9635
-719.3911
-720.4358
-720.0858
-720.0858
-720.0858
-719.1735
-719.1735
-719.1735
-719.7845
-721.957
-722.1441
-722.1441
-722.1441
-722.1441
-722.1441
-721.7955
-720.2092
-720.2092
-720.2092
-719.2616
-719.2616
-719.2616
-719.2616
-720.1316
-720.1316
-719.6213
-719.9758
-720.8158
-719.827
-719.827
-720.3212
-720.3212
-719.152
-719.152
-720.0114
-720.1122
-720.1122
-719.5104
-719.5104
-721.3914
-721.5368
-721.2926
-719.529
-719.529
-719.529
-719.7025
-719.7025
-719.7025
-719.7025
-719.7025
-719.7025
-719.2503
-720.1509
-720.1509
-719.519
-719.519
-720.3632
-719.9278
-719.3156
-719.3156
-719.3156
-719.201
-719.8374
-720.2553
-720.2553
-720.2553
-721.8097
-720.3169
-720.3169
-720.3169
-720.3169
-719.7355
-719.7355
-720.2204
-721.5753
-721.4065
-720.2581
-720.1297
-719.8108
-720.2051
-720.2051
-720.2085
-721.1746
-720.7466
-720.7466
-720.7466
-720.7466
-720.7466
-720.7466
-720.7618
-722.2517
-720.9996
-721.4127
-721.4127
-720.2666
-720.7666
-720.6131
-719.3625
-719.1819
-719.8903
-719.8903
-719.8903
-722.375
-721.6818
-720.6689
-720.1153
-720.1056
-720.1056
-720.5326
-720.9804
-720.488
-720.7781
-720.8682
-720.8682
-720.3757
-721.6433
-720.9416
-720.998
-720.998
-720.998
-719.6163
-720.0878
-722.2978
-723.2041
-721.9843
-721.9843
-721.9843
-721.9843
-721.9843
-720.2152
-720.2152
-720.965
-721.598
-719.8897
-719.0895
-720.3994
-720.9292
-719.4376
-719.668
-720.9089
-720.9399
-720.9399
-719.5874
-719.5874
-719.4657
-720.8409
-719.7352
-719.7352
-719.7352
-719.7352
-719.7352
-719.7352
-719.7352
-722.0464
-721.5244
-720.9783
-720.9783
-720.9783
-720.5019
-720.5019
-720.4484
-720.4484
-720.4484
-720.4484
-720.4484
-720.4484
-720.4484
-719.4435
-719.4435
-721.1786
-721.5831
-720.1209
-720.6641
-720.6641
-721.321
-720.4913
-720.4913
-720.4913
-720.0352
-719.6913
-721.0366
-721.563
-722.1946
-721.79
-721.79
-721.9837
-720.1157
-719.6081
-719.6081
-719.6081
-719.7939
-719.7939
-719.9257
-719.1124
-719.3818
-719.9262
-719.9262
-720.0837
-721.9481
-725.3978
-724.4746
-724.8142
-723.8815
-723.8815
-721.6238
-720.1895
-720.1895
-720.1895
-720.1895
-720.1895
-719.6842
-719.1545
-719.1545
-721.3028
-719.9081
-720.3204
-721.8164
-720.7548
-720.7548
-720.7548
-720.2302
-720.2302
-720.2871
-721.1284
-721.1284
-721.9772
-721.7486
-720.6869
-720.1522
-719.715
-719.7812
-720.9804
-721.3916
-720.121
-721.5046
-721.0152
-721.0152
-721.0152
-720.7499
-720.7499
-720.7499
-720.7499
-720.7499
-720.7499
-720.7499
-720.7499
-721.5876
-719.476
-719.476
-719.476
-719.476
-719.476
-719.476
-719.476
-720.1369
-720.1369
-721.582
-721.0609
-720.8678
-720.78
-720.4959
-720.4959
-720.4959
-721.4732
-722.2312
-721.9721
-721.9721
-721.9721
-721.0709
-720.3269
-720.3269
-720.9242
-721.9949
-720.4885
-720.9051
-721.0886
-720.9421
-719.7685
-720.8009
-720.7324
-720.0168
-719.6812
-719.6812
-721.7006
-721.5972
-720.7966
-720.7966
-719.0491
-719.0491
-719.0491
-719.0491
-719.0491
-719.0491
-719.0491
-719.0491
-719.4151
-720.1006
-720.4925
-719.8273
-720.6299
-719.5197
-719.5197
-719.1019
-719.1019
-719.2208
-719.2208
-719.2208
-719.2208
-719.2208
-719.5728
-720.0808
-720.0808
-720.6157
-720.3125
-720.3125
-719.7997
-719.8739
-719.4958
-719.4958
-719.2298
-719.2298
-719.2298
-721.8327
-719.3452
-719.7103
-719.7103
-719.7103
-719.6261
-719.5832
-721.2451
-720.6431
-719.973
-720.1988
-721.808
-722.1781
-721.3886
-720.6306
-720.6306
-720.8405
-719.9826
-720.193
-720.193
-720.193
-719.3182
-720.4873
-720.4873
-720.4873
-720.5428
-722.5038
-721.5512
-721.5512
-721.5512
-719.8846
-719.8846
-719.8846
-719.8846
-720.6211
-720.6211
-720.6211
-720.6211
-720.5295
-720.1348
-721.8826
-719.7572
-720.8454
-720.1246
-720.2564
-721.8673
-721.8673
-719.6846
-719.6846
-719.6846
-719.4108
-719.211
-720.4152
-720.5164
-720.2637
-720.0079
-720.3615
-720.1077
-720.3172
-720.995
-720.2705
-720.2705
-721.4683
-721.3668
-721.0794
-721.0794
-721.0794
-721.0794
-720.5887
-720.8255
-721.5187
-720.1154
-720.1154
-720.0259
-722.0304
-722.0304
-721.787
-721.3578
-721.9138
-723.0617
-723.0617
-722.0719
-722.7262
-722.5156
-721.5664
-719.8888
-720.0548
-721.1776
-721.1776
-721.2083
-721.3872
-719.7476
-719.7476
-720.1465
-720.2707
-720.2707
-720.6201
-720.1447
-720.1447
-720.1447
-720.1447
-720.287
-719.8539
-721.1385
-721.1385
-721.6525
-721.6525
-720.3842
-720.7422
-720.603
-720.603
-720.603
-720.1278
-719.9583
-719.3187
-720.7473
-722.3113
-722.3113
-722.8782
-722.8782
-721.0198
-721.0198
-719.9965
-720.6142
-722.1327
-722.4213
-719.1151
-718.9829
-718.9829
-718.9829
-719.2311
-719.7348
-719.6154
-720.1881
-719.1068
-720.5515
-721.0391
-720.5367
-720.5367
-720.5367
-722.2263
-720.9563
-720.0299
-721.6885
-721.4245
-721.0686
-722.6178
-722.6178
-721.8404
-722.0667
-720.8846
-720.8846
-720.8846
-720.8846
-720.8846
-720.0724
-720.1841
-720.8691
-720.8691
-720.8006
-720.9403
-720.3323
-722.8254
-721.9919
-721.2329
-719.9366
-722.1457
-719.5611
-723.326
-721.9261
-722.6075
-722.8685
-720.7673
-720.0171
-722.2312
-722.2312
-722.2312
-722.2312
-722.2631
-721.7917
-722.0999
-722.1829
-720.1394
-719.6815
-719.2182
-719.2182
-719.4536
-719.4536
-719.4536
-719.4926
-719.4021
-719.7013
-719.7013
-718.9987
-718.9987
-718.9987
-718.9987
-718.9987
-718.9987
-719.9635
-719.9635
-719.9033
-719.8662
-720.0687
-720.0687
-720.0687
-719.814
-719.8789
-719.9065
-719.9732
-721.8504
-722.4126
-720.634
-720.692
-720.692
-720.6265
-720.2411
-720.8101
-719.4629
-720.0639
-720.4276
-720.4276
-719.6449
-719.5664
-719.3179
-720.5293
-720.5293
-720.3119
-720.3119
-722.1161
-722.1161
-722.1597
-720.2193
-720.6828
-720.6828
-721.0471
-720.6021
-721.929
-723.1721
-723.2274
-721.5117
-721.5117
-721.5117
-721.5117
-720.3878
-720.3878
-720.1251
-720.1251
-720.1251
-720.1251
-720.1251
-720.1251
-719.6644
-719.5474
-719.5474
-719.4163
-719.4163
-720.5664
-720.5664
-719.4649
-721.3728
-722.0129
-721.5803
-721.5803
-721.0348
-721.0348
-719.5132
-719.5039
-719.9512
-719.9512
-720.1873
-720.2744
-720.7044
-720.7044
-720.1323
-720.1323
-719.9266
-720.8126
-719.6287
-719.6287
-719.9709
-719.5054
-719.3477
-719.588
-719.7225
-720.3488
-720.1967
-720.1967
-720.1967
-720.3556
-720.0899
-720.1467
-721.335
-721.335
-721.335
-719.9762
-722.5596
-722.0299
-721.8753
-720.5799
-720.3877
-721.8497
-721.0379
-720.2599
-720.9373
-721.2113
-719.9443
-721.0197
-719.86
-719.86
-719.86
-719.86
-719.5474
-720.4771
-720.08
-719.3578
-719.3578
-719.3578
-719.8443
-719.8087
-720.4116
-720.2446
-722.0629
-723.4445
-720.8789
-721.7583
-720.518
-720.0442
-721.1865
-721.1865
-722.761
-722.435
-721.4978
-721.5295
-721.6242
-722.1906
-720.395
-720.0853
-720.0853
-720.4004
-721.5735
-722.153
-720.3888
-720.3888
-720.1973
-719.6269
-721.168
-720.8894
-720.8894
-721.9158
-721.7326
-721.4426
-719.9057
-719.5959
-719.5959
-720.0759
-720.268
-720.5848
-719.3678
-719.3678
-719.3678
-720.8976
-720.8976
-722.1787
-724.2708
-725.0928
-722.4905
-719.6042
-720.7871
-720.7871
-719.881
-719.881
-719.3311
-720.712
-720.4428
-720.4428
-720.4428
