0.02511 -1.064915 -0.347528 -0.431869 -0.019682
0.095218 -0.396175 -0.148903 -0.311364 0.208479
0.095218 -0.396175 -0.148903 -0.311364 0.208479
0.095218 -0.396175 -0.148903 -0.311364 0.208479
0.095218 -0.396175 -0.148903 -0.311364 0.208479
0.095218 -0.396175 -0.148903 -0.311364 0.208479
0.095218 -0.396175 -0.148903 -0.311364 0.208479
0.01279 -0.47585 -0.152874 -0.005828 0.389033
0.01279 -0.47585 -0.152874 -0.005828 0.389033
0.01279 -0.47585 -0.152874 -0.005828 0.389033
0.033771 -0.467008 -0.134547 0.220763 0.639209
0.033771 -0.467008 -0.134547 0.220763 0.639209
0.033771 -0.467008 -0.134547 0.220763 0.639209
0.033771 -0.467008 -0.134547 0.220763 0.639209
0.033771 -0.467008 -0.134547 0.220763 0.639209
0.033771 -0.467008 -0.134547 0.220763 0.639209
0.033771 -0.467008 -0.134547 0.220763 0.639209
0.033771 -0.467008 -0.134547 0.220763 0.639209
0.037532 -0.513695 -0.179339 0.072234 0.69057
0.037532 -0.513695 -0.179339 0.072234 0.69057
0.1386 -0.429469 -0.098842 -0.042856 0.38493
0.1386 -0.429469 -0.098842 -0.042856 0.38493
0.1386 -0.429469 -0.098842 -0.042856 0.38493
0.1386 -0.429469 -0.098842 -0.042856 0.38493
0.1386 -0.429469 -0.098842 -0.042856 0.38493
0.1386 -0.429469 -0.098842 -0.042856 0.38493
0.1386 -0.429469 -0.098842 -0.042856 0.38493
0.156332 -0.43956 -0.114162 -0.148118 0.333487
0.156332 -0.43956 -0.114162 -0.148118 0.333487
0.156332 -0.43956 -0.114162 -0.148118 0.333487
0.156332 -0.43956 -0.114162 -0.148118 0.333487
0.156332 -0.43956 -0.114162 -0.148118 0.333487
0.156332 -0.43956 -0.114162 -0.148118 0.333487
0.156332 -0.43956 -0.114162 -0.148118 0.333487
0.156332 -0.43956 -0.114162 -0.148118 0.333487
0.156332 -0.43956 -0.114162 -0.148118 0.333487
0.067576 -0.533789 -0.153509 -0.109909 0.349598
0.067576 -0.533789 -0.153509 -0.109909 0.349598
0.067576 -0.533789 -0.153509 -0.109909 0.349598
0.067576 -0.533789 -0.153509 -0.109909 0.349598
0.133223 -0.40471 -0.109261 -0.314836 0.101689
0.133223 -0.40471 -0.109261 -0.314836 0.101689
0.133223 -0.40471 -0.109261 -0.314836 0.101689
0.133223 -0.40471 -0.109261 -0.314836 0.101689
0.133223 -0.40471 -0.109261 -0.314836 0.101689
0.15918 -0.315704 -0.049668 -0.284985 -0.005569
0.15918 -0.315704 -0.049668 -0.284985 -0.005569
0.15918 -0.315704 -0.049668 -0.284985 -0.005569
0.15918 -0.315704 -0.049668 -0.284985 -0.005569
0.15918 -0.315704 -0.049668 -0.284985 -0.005569
0.15918 -0.315704 -0.049668 -0.284985 -0.005569
0.15918 -0.315704 -0.049668 -0.284985 -0.005569
0.15918 -0.315704 -0.049668 -0.284985 -0.005569
0.122165 -0.398565 -0.112446 -0.199837 0.212286
0.122165 -0.398565 -0.112446 -0.199837 0.212286
0.122165 -0.398565 -0.112446 -0.199837 0.212286
0.122165 -0.398565 -0.112446 -0.199837 0.212286
0.122165 -0.398565 -0.112446 -0.199837 0.212286
0.122165 -0.398565 -0.112446 -0.199837 0.212286
0.122165 -0.398565 -0.112446 -0.199837 0.212286
0.122165 -0.398565 -0.112446 -0.199837 0.212286
0.122165 -0.398565 -0.112446 -0.199837 0.212286
0.122165 -0.398565 -0.112446 -0.199837 0.212286
0.122165 -0.398565 -0.112446 -0.199837 0.212286
0.122165 -0.398565 -0.112446 -0.199837 0.212286
0.122165 -0.398565 -0.112446 -0.199837 0.212286
0.129277 -0.353326 -0.095023 -0.056929 0.302443
0.129277 -0.353326 -0.095023 -0.056929 0.302443
0.129277 -0.353326 -0.095023 -0.056929 0.302443
0.129277 -0.353326 -0.095023 -0.056929 0.302443
0.089174 -0.437316 -0.141039 -0.259414 0.211749
0.089174 -0.437316 -0.141039 -0.259414 0.211749
0.089174 -0.437316 -0.141039 -0.259414 0.211749
0.089174 -0.437316 -0.141039 -0.259414 0.211749
0.089174 -0.437316 -0.141039 -0.259414 0.211749
0.154261 -0.334634 -0.054878 -0.046939 0.193173
0.154261 -0.334634 -0.054878 -0.046939 0.193173
0.154261 -0.334634 -0.054878 -0.046939 0.193173
0.154261 -0.334634 -0.054878 -0.046939 0.193173
0.154261 -0.334634 -0.054878 -0.046939 0.193173
0.154261 -0.334634 -0.054878 -0.046939 0.193173
0.154261 -0.334634 -0.054878 -0.046939 0.193173
0.154261 -0.334634 -0.054878 -0.046939 0.193173
0.154261 -0.334634 -0.054878 -0.046939 0.193173
0.154261 -0.334634 -0.054878 -0.046939 0.193173
0.154261 -0.334634 -0.054878 -0.046939 0.193173
0.154261 -0.334634 -0.054878 -0.046939 0.193173
0.154261 -0.334634 -0.054878 -0.046939 0.193173
0.154261 -0.334634 -0.054878 -0.046939 0.193173
0.194397 -0.276359 -0.065773 -0.075309 0.263096
0.194397 -0.276359 -0.065773 -0.075309 0.263096
0.194397 -0.276359 -0.065773 -0.075309 0.263096
0.159354 -0.351583 -0.112618 -0.11014 0.305872
0.159354 -0.351583 -0.112618 -0.11014 0.305872
0.159354 -0.351583 -0.112618 -0.11014 0.305872
0.159354 -0.351583 -0.112618 -0.11014 0.305872
0.159354 -0.351583 -0.112618 -0.11014 0.305872
0.159354 -0.351583 -0.112618 -0.11014 0.305872
0.159354 -0.351583 -0.112618 -0.11014 0.305872
0.159354 -0.351583 -0.112618 -0.11014 0.305872
0.159354 -0.351583 -0.112618 -0.11014 0.305872
0.159354 -0.351583 -0.112618 -0.11014 0.305872
0.159354 -0.351583 -0.112618 -0.11014 0.305872
0.159354 -0.351583 -0.112618 -0.11014 0.305872
0.196268 -0.307756 -0.040786 0.052061 0.241332
0.196268 -0.307756 -0.040786 0.052061 0.241332
0.196268 -0.307756 -0.040786 0.052061 0.241332
0.196268 -0.307756 -0.040786 0.052061 0.241332
0.196268 -0.307756 -0.040786 0.052061 0.241332
0.196268 -0.307756 -0.040786 0.052061 0.241332
0.196268 -0.307756 -0.040786 0.052061 0.241332
0.196268 -0.307756 -0.040786 0.052061 0.241332
0.196268 -0.307756 -0.040786 0.052061 0.241332
0.196268 -0.307756 -0.040786 0.052061 0.241332
0.196268 -0.307756 -0.040786 0.052061 0.241332
0.148797 -0.338615 -0.050469 0.032686 0.231045
0.148797 -0.338615 -0.050469 0.032686 0.231045
0.148797 -0.338615 -0.050469 0.032686 0.231045
0.148797 -0.338615 -0.050469 0.032686 0.231045
0.148797 -0.338615 -0.050469 0.032686 0.231045
0.148797 -0.338615 -0.050469 0.032686 0.231045
0.148797 -0.338615 -0.050469 0.032686 0.231045
0.120912 -0.354542 -0.102551 -0.279661 0.108289
0.120912 -0.354542 -0.102551 -0.279661 0.108289
0.120912 -0.354542 -0.102551 -0.279661 0.108289
0.120912 -0.354542 -0.102551 -0.279661 0.108289
0.120912 -0.354542 -0.102551 -0.279661 0.108289
0.120912 -0.354542 -0.102551 -0.279661 0.108289
0.120912 -0.354542 -0.102551 -0.279661 0.108289
0.120912 -0.354542 -0.102551 -0.279661 0.108289
0.120912 -0.354542 -0.102551 -0.279661 0.108289
0.120912 -0.354542 -0.102551 -0.279661 0.108289
0.120912 -0.354542 -0.102551 -0.279661 0.108289
0.128157 -0.364098 -0.092226 -0.092148 0.264577
0.128157 -0.364098 -0.092226 -0.092148 0.264577
0.128157 -0.364098 -0.092226 -0.092148 0.264577
0.128157 -0.364098 -0.092226 -0.092148 0.264577
0.128157 -0.364098 -0.092226 -0.092148 0.264577
0.14759 -0.33474 -0.105361 -0.302247 0.139889
0.125588 -0.337376 -0.131825 -0.277365 0.184325
0.125588 -0.337376 -0.131825 -0.277365 0.184325
0.145157 -0.31961 -0.130704 -0.264232 0.255704
0.145157 -0.31961 -0.130704 -0.264232 0.255704
0.145157 -0.31961 -0.130704 -0.264232 0.255704
0.145157 -0.31961 -0.130704 -0.264232 0.255704
0.145157 -0.31961 -0.130704 -0.264232 0.255704
0.145157 -0.31961 -0.130704 -0.264232 0.255704
0.145157 -0.31961 -0.130704 -0.264232 0.255704
0.069548 -0.443466 -0.139845 0.033132 0.506993
0.069548 -0.443466 -0.139845 0.033132 0.506993
0.160709 -0.353547 -0.091721 0.056057 0.492586
0.160709 -0.353547 -0.091721 0.056057 0.492586
0.160709 -0.353547 -0.091721 0.056057 0.492586
0.19669 -0.245748 -0.039068 0.138495 0.454
0.19669 -0.245748 -0.039068 0.138495 0.454
0.19669 -0.245748 -0.039068 0.138495 0.454
0.19669 -0.245748 -0.039068 0.138495 0.454
0.19669 -0.245748 -0.039068 0.138495 0.454
0.197514 -0.311137 -0.060095 -0.081255 0.301693
0.197514 -0.311137 -0.060095 -0.081255 0.301693
0.197514 -0.311137 -0.060095 -0.081255 0.301693
0.190239 -0.315067 -0.07508 -0.102713 0.30293
0.190239 -0.315067 -0.07508 -0.102713 0.30293
0.190239 -0.315067 -0.07508 -0.102713 0.30293
0.190239 -0.315067 -0.07508 -0.102713 0.30293
0.190239 -0.315067 -0.07508 -0.102713 0.30293
0.190239 -0.315067 -0.07508 -0.102713 0.30293
0.190239 -0.315067 -0.07508 -0.102713 0.30293
0.190239 -0.315067 -0.07508 -0.102713 0.30293
0.190239 -0.315067 -0.07508 -0.102713 0.30293
0.190239 -0.315067 -0.07508 -0.102713 0.30293
0.190239 -0.315067 -0.07508 -0.102713 0.30293
0.190239 -0.315067 -0.07508 -0.102713 0.30293
0.190239 -0.315067 -0.07508 -0.102713 0.30293
0.190239 -0.315067 -0.07508 -0.102713 0.30293
0.190239 -0.315067 -0.07508 -0.102713 0.30293
0.190239 -0.315067 -0.07508 -0.102713 0.30293
0.190239 -0.315067 -0.07508 -0.102713 0.30293
0.227914 -0.222891 -0.004222 -0.146463 0.05351
0.227914 -0.222891 -0.004222 -0.146463 0.05351
0.227914 -0.222891 -0.004222 -0.146463 0.05351
0.227914 -0.222891 -0.004222 -0.146463 0.05351
0.227914 -0.222891 -0.004222 -0.146463 0.05351
0.227914 -0.222891 -0.004222 -0.146463 0.05351
0.227914 -0.222891 -0.004222 -0.146463 0.05351
0.227914 -0.222891 -0.004222 -0.146463 0.05351
0.227914 -0.222891 -0.004222 -0.146463 0.05351
0.227914 -0.222891 -0.004222 -0.146463 0.05351
0.227914 -0.222891 -0.004222 -0.146463 0.05351
0.190899 -0.242098 -0.059318 -0.557426 -0.198406
0.161497 -0.326144 -0.083979 -0.445336 -0.050407
0.161497 -0.326144 -0.083979 -0.445336 -0.050407
0.161497 -0.326144 -0.083979 -0.445336 -0.050407
0.161497 -0.326144 -0.083979 -0.445336 -0.050407
0.161497 -0.326144 -0.083979 -0.445336 -0.050407
0.161497 -0.326144 -0.083979 -0.445336 -0.050407
0.161497 -0.326144 -0.083979 -0.445336 -0.050407
0.161497 -0.326144 -0.083979 -0.445336 -0.050407
0.161497 -0.326144 -0.083979 -0.445336 -0.050407
0.161497 -0.326144 -0.083979 -0.445336 -0.050407
0.161497 -0.326144 -0.083979 -0.445336 -0.050407
0.161497 -0.326144 -0.083979 -0.445336 -0.050407
0.161497 -0.326144 -0.083979 -0.445336 -0.050407
0.161497 -0.326144 -0.083979 -0.445336 -0.050407
0.161497 -0.326144 -0.083979 -0.445336 -0.050407
0.161497 -0.326144 -0.083979 -0.445336 -0.050407
0.161497 -0.326144 -0.083979 -0.445336 -0.050407
0.161497 -0.326144 -0.083979 -0.445336 -0.050407
0.161497 -0.326144 -0.083979 -0.445336 -0.050407
0.161497 -0.326144 -0.083979 -0.445336 -0.050407
0.161497 -0.326144 -0.083979 -0.445336 -0.050407
0.161497 -0.326144 -0.083979 -0.445336 -0.050407
0.161497 -0.326144 -0.083979 -0.445336 -0.050407
0.161497 -0.326144 -0.083979 -0.445336 -0.050407
0.161497 -0.326144 -0.083979 -0.445336 -0.050407
0.161497 -0.326144 -0.083979 -0.445336 -0.050407
0.161497 -0.326144 -0.083979 -0.445336 -0.050407
0.161497 -0.326144 -0.083979 -0.445336 -0.050407
0.161497 -0.326144 -0.083979 -0.445336 -0.050407
0.161497 -0.326144 -0.083979 -0.445336 -0.050407
0.161497 -0.326144 -0.083979 -0.445336 -0.050407
0.161497 -0.326144 -0.083979 -0.445336 -0.050407
0.183554 -0.310012 -0.046886 -0.253982 0.033005
0.183554 -0.310012 -0.046886 -0.253982 0.033005
0.183554 -0.310012 -0.046886 -0.253982 0.033005
0.183554 -0.310012 -0.046886 -0.253982 0.033005
0.183554 -0.310012 -0.046886 -0.253982 0.033005
0.129349 -0.385921 -0.055857 -0.077085 0.154247
0.129349 -0.385921 -0.055857 -0.077085 0.154247
0.129349 -0.385921 -0.055857 -0.077085 0.154247
0.200575 -0.262506 -0.050529 -0.271466 -0.002141
0.200575 -0.262506 -0.050529 -0.271466 -0.002141
0.200575 -0.262506 -0.050529 -0.271466 -0.002141
0.200575 -0.262506 -0.050529 -0.271466 -0.002141
0.200575 -0.262506 -0.050529 -0.271466 -0.002141
0.200575 -0.262506 -0.050529 -0.271466 -0.002141
0.200575 -0.262506 -0.050529 -0.271466 -0.002141
0.112675 -0.353639 -0.146614 -0.423399 0.122152
0.112675 -0.353639 -0.146614 -0.423399 0.122152
0.112675 -0.353639 -0.146614 -0.423399 0.122152
0.112675 -0.353639 -0.146614 -0.423399 0.122152
0.112675 -0.353639 -0.146614 -0.423399 0.122152
0.112675 -0.353639 -0.146614 -0.423399 0.122152
0.112675 -0.353639 -0.146614 -0.423399 0.122152
0.112675 -0.353639 -0.146614 -0.423399 0.122152
0.112675 -0.353639 -0.146614 -0.423399 0.122152
0.112675 -0.353639 -0.146614 -0.423399 0.122152
0.112675 -0.353639 -0.146614 -0.423399 0.122152
0.112675 -0.353639 -0.146614 -0.423399 0.122152
0.112675 -0.353639 -0.146614 -0.423399 0.122152
0.112675 -0.353639 -0.146614 -0.423399 0.122152
0.112675 -0.353639 -0.146614 -0.423399 0.122152
0.112675 -0.353639 -0.146614 -0.423399 0.122152
0.112675 -0.353639 -0.146614 -0.423399 0.122152
0.112675 -0.353639 -0.146614 -0.423399 0.122152
0.112675 -0.353639 -0.146614 -0.423399 0.122152
0.112675 -0.353639 -0.146614 -0.423399 0.122152
0.112675 -0.353639 -0.146614 -0.423399 0.122152
0.112675 -0.353639 -0.146614 -0.423399 0.122152
0.112675 -0.353639 -0.146614 -0.423399 0.122152
0.112675 -0.353639 -0.146614 -0.423399 0.122152
0.112675 -0.353639 -0.146614 -0.423399 0.122152
0.112675 -0.353639 -0.146614 -0.423399 0.122152
0.099015 -0.37696 -0.15628 -0.562895 0.06746
0.099015 -0.37696 -0.15628 -0.562895 0.06746
0.099015 -0.37696 -0.15628 -0.562895 0.06746
0.099015 -0.37696 -0.15628 -0.562895 0.06746
0.099015 -0.37696 -0.15628 -0.562895 0.06746
0.099015 -0.37696 -0.15628 -0.562895 0.06746
0.099015 -0.37696 -0.15628 -0.562895 0.06746
0.099015 -0.37696 -0.15628 -0.562895 0.06746
0.099015 -0.37696 -0.15628 -0.562895 0.06746
0.104565 -0.372731 -0.130651 -0.150417 0.381283
0.104565 -0.372731 -0.130651 -0.150417 0.381283
0.104565 -0.372731 -0.130651 -0.150417 0.381283
0.104565 -0.372731 -0.130651 -0.150417 0.381283
0.104565 -0.372731 -0.130651 -0.150417 0.381283
0.104565 -0.372731 -0.130651 -0.150417 0.381283
0.104565 -0.372731 -0.130651 -0.150417 0.381283
0.104565 -0.372731 -0.130651 -0.150417 0.381283
0.104565 -0.372731 -0.130651 -0.150417 0.381283
0.104565 -0.372731 -0.130651 -0.150417 0.381283
0.104565 -0.372731 -0.130651 -0.150417 0.381283
0.104565 -0.372731 -0.130651 -0.150417 0.381283
0.104565 -0.372731 -0.130651 -0.150417 0.381283
0.104565 -0.372731 -0.130651 -0.150417 0.381283
0.124118 -0.308586 -0.104088 -0.231106 0.23641
0.124118 -0.308586 -0.104088 -0.231106 0.23641
0.124118 -0.308586 -0.104088 -0.231106 0.23641
0.124118 -0.308586 -0.104088 -0.231106 0.23641
0.124118 -0.308586 -0.104088 -0.231106 0.23641
0.124118 -0.308586 -0.104088 -0.231106 0.23641
0.182733 -0.251151 -0.078826 -0.395638 0.023332
0.182733 -0.251151 -0.078826 -0.395638 0.023332
0.182733 -0.251151 -0.078826 -0.395638 0.023332
0.182733 -0.251151 -0.078826 -0.395638 0.023332
0.182733 -0.251151 -0.078826 -0.395638 0.023332
0.182733 -0.251151 -0.078826 -0.395638 0.023332
0.182733 -0.251151 -0.078826 -0.395638 0.023332
0.182733 -0.251151 -0.078826 -0.395638 0.023332
0.182733 -0.251151 -0.078826 -0.395638 0.023332
0.182733 -0.251151 -0.078826 -0.395638 0.023332
0.182733 -0.251151 -0.078826 -0.395638 0.023332
0.182733 -0.251151 -0.078826 -0.395638 0.023332
0.182733 -0.251151 -0.078826 -0.395638 0.023332
0.182733 -0.251151 -0.078826 -0.395638 0.023332
0.182733 -0.251151 -0.078826 -0.395638 0.023332
0.182733 -0.251151 -0.078826 -0.395638 0.023332
0.182733 -0.251151 -0.078826 -0.395638 0.023332
0.182733 -0.251151 -0.078826 -0.395638 0.023332
0.182733 -0.251151 -0.078826 -0.395638 0.023332
0.182733 -0.251151 -0.078826 -0.395638 0.023332
0.182733 -0.251151 -0.078826 -0.395638 0.023332
0.14555 -0.315986 -0.079991 -0.106358 0.238937
0.14555 -0.315986 -0.079991 -0.106358 0.238937
0.14555 -0.315986 -0.079991 -0.106358 0.238937
0.142265 -0.308445 -0.065048 -0.05541 0.234542
0.142265 -0.308445 -0.065048 -0.05541 0.234542
0.142265 -0.308445 -0.065048 -0.05541 0.234542
0.142265 -0.308445 -0.065048 -0.05541 0.234542
0.142265 -0.308445 -0.065048 -0.05541 0.234542
0.142265 -0.308445 -0.065048 -0.05541 0.234542
0.142265 -0.308445 -0.065048 -0.05541 0.234542
0.076806 -0.423759 -0.120303 -0.175721 0.253929
0.076806 -0.423759 -0.120303 -0.175721 0.253929
0.076806 -0.423759 -0.120303 -0.175721 0.253929
0.076806 -0.423759 -0.120303 -0.175721 0.253929
0.076806 -0.423759 -0.120303 -0.175721 0.253929
0.076806 -0.423759 -0.120303 -0.175721 0.253929
0.076806 -0.423759 -0.120303 -0.175721 0.253929
0.076806 -0.423759 -0.120303 -0.175721 0.253929
0.076806 -0.423759 -0.120303 -0.175721 0.253929
0.076806 -0.423759 -0.120303 -0.175721 0.253929
0.076806 -0.423759 -0.120303 -0.175721 0.253929
0.153383 -0.361405 -0.05908 -0.03392 0.305822
0.153383 -0.361405 -0.05908 -0.03392 0.305822
0.153383 -0.361405 -0.05908 -0.03392 0.305822
0.153383 -0.361405 -0.05908 -0.03392 0.305822
0.153383 -0.361405 -0.05908 -0.03392 0.305822
0.153383 -0.361405 -0.05908 -0.03392 0.305822
0.153383 -0.361405 -0.05908 -0.03392 0.305822
0.153383 -0.361405 -0.05908 -0.03392 0.305822
0.153383 -0.361405 -0.05908 -0.03392 0.305822
0.153383 -0.361405 -0.05908 -0.03392 0.305822
0.153383 -0.361405 -0.05908 -0.03392 0.305822
0.153383 -0.361405 -0.05908 -0.03392 0.305822
0.153383 -0.361405 -0.05908 -0.03392 0.305822
0.153383 -0.361405 -0.05908 -0.03392 0.305822
0.179599 -0.32334 -0.055101 -0.17487 0.174933
0.245129 -0.255006 -0.000434 0.021924 0.235407
0.245129 -0.255006 -0.000434 0.021924 0.235407
0.245129 -0.255006 -0.000434 0.021924 0.235407
0.245129 -0.255006 -0.000434 0.021924 0.235407
0.245129 -0.255006 -0.000434 0.021924 0.235407
0.245129 -0.255006 -0.000434 0.021924 0.235407
0.245129 -0.255006 -0.000434 0.021924 0.235407
0.245129 -0.255006 -0.000434 0.021924 0.235407
0.245129 -0.255006 -0.000434 0.021924 0.235407
0.245129 -0.255006 -0.000434 0.021924 0.235407
0.245129 -0.255006 -0.000434 0.021924 0.235407
0.200393 -0.311015 -0.008087 0.10077 0.219907
0.200393 -0.311015 -0.008087 0.10077 0.219907
0.200393 -0.311015 -0.008087 0.10077 0.219907
0.132134 -0.360033 -0.032796 0.02609 0.210138
0.132134 -0.360033 -0.032796 0.02609 0.210138
0.132134 -0.360033 -0.032796 0.02609 0.210138
0.075496 -0.412625 -0.072503 0.076298 0.397783
0.150952 -0.385736 -0.049196 0.078424 0.35983
0.150952 -0.385736 -0.049196 0.078424 0.35983
0.150952 -0.385736 -0.049196 0.078424 0.35983
0.150952 -0.385736 -0.049196 0.078424 0.35983
0.150952 -0.385736 -0.049196 0.078424 0.35983
0.150952 -0.385736 -0.049196 0.078424 0.35983
0.150952 -0.385736 -0.049196 0.078424 0.35983
0.138322 -0.349543 -0.06181 0.066382 0.349401
0.138322 -0.349543 -0.06181 0.066382 0.349401
0.138322 -0.349543 -0.06181 0.066382 0.349401
0.138322 -0.349543 -0.06181 0.066382 0.349401
0.138322 -0.349543 -0.06181 0.066382 0.349401
0.138322 -0.349543 -0.06181 0.066382 0.349401
0.138322 -0.349543 -0.06181 0.066382 0.349401
0.073911 -0.440894 -0.132485 -0.179607 0.321606
0.073911 -0.440894 -0.132485 -0.179607 0.321606
0.073911 -0.440894 -0.132485 -0.179607 0.321606
0.073911 -0.440894 -0.132485 -0.179607 0.321606
0.070328 -0.447353 -0.165781 -0.203416 0.41095
0.070328 -0.447353 -0.165781 -0.203416 0.41095
0.070328 -0.447353 -0.165781 -0.203416 0.41095
0.070328 -0.447353 -0.165781 -0.203416 0.41095
0.070328 -0.447353 -0.165781 -0.203416 0.41095
0.042027 -0.479314 -0.196132 -0.292139 0.389542
0.141195 -0.341615 -0.108946 -0.244541 0.265507
0.067782 -0.419269 -0.134671 -0.129959 0.302129
0.067782 -0.419269 -0.134671 -0.129959 0.302129
0.067782 -0.419269 -0.134671 -0.129959 0.302129
0.067782 -0.419269 -0.134671 -0.129959 0.302129
0.067782 -0.419269 -0.134671 -0.129959 0.302129
0.067782 -0.419269 -0.134671 -0.129959 0.302129
0.067782 -0.419269 -0.134671 -0.129959 0.302129
0.067782 -0.419269 -0.134671 -0.129959 0.302129
0.067782 -0.419269 -0.134671 -0.129959 0.302129
0.067782 -0.419269 -0.134671 -0.129959 0.302129
0.067782 -0.419269 -0.134671 -0.129959 0.302129
0.067782 -0.419269 -0.134671 -0.129959 0.302129
0.067782 -0.419269 -0.134671 -0.129959 0.302129
0.106447 -0.365094 -0.0918 -0.129037 0.231593
0.106447 -0.365094 -0.0918 -0.129037 0.231593
0.106447 -0.365094 -0.0918 -0.129037 0.231593
0.106447 -0.365094 -0.0918 -0.129037 0.231593
0.106447 -0.365094 -0.0918 -0.129037 0.231593
0.106447 -0.365094 -0.0918 -0.129037 0.231593
0.104992 -0.350997 -0.06689 -0.194927 0.053601
0.104992 -0.350997 -0.06689 -0.194927 0.053601
0.104992 -0.350997 -0.06689 -0.194927 0.053601
0.104992 -0.350997 -0.06689 -0.194927 0.053601
0.104992 -0.350997 -0.06689 -0.194927 0.053601
0.104992 -0.350997 -0.06689 -0.194927 0.053601
0.104992 -0.350997 -0.06689 -0.194927 0.053601
0.078772 -0.416222 -0.13016 -0.348365 0.132163
0.078772 -0.416222 -0.13016 -0.348365 0.132163
0.078772 -0.416222 -0.13016 -0.348365 0.132163
0.078772 -0.416222 -0.13016 -0.348365 0.132163
0.078772 -0.416222 -0.13016 -0.348365 0.132163
0.078772 -0.416222 -0.13016 -0.348365 0.132163
0.078772 -0.416222 -0.13016 -0.348365 0.132163
0.078772 -0.416222 -0.13016 -0.348365 0.132163
0.078772 -0.416222 -0.13016 -0.348365 0.132163
0.078772 -0.416222 -0.13016 -0.348365 0.132163
0.078772 -0.416222 -0.13016 -0.348365 0.132163
0.097057 -0.360406 -0.139005 -0.330425 0.1894
0.097057 -0.360406 -0.139005 -0.330425 0.1894
0.097057 -0.360406 -0.139005 -0.330425 0.1894
0.058385 -0.454983 -0.133162 -0.019347 0.416204
0.08226 -0.428691 -0.124209 -0.177622 0.276702
0.08226 -0.428691 -0.124209 -0.177622 0.276702
0.08226 -0.428691 -0.124209 -0.177622 0.276702
0.08226 -0.428691 -0.124209 -0.177622 0.276702
0.08226 -0.428691 -0.124209 -0.177622 0.276702
0.085792 -0.380947 -0.1404 -0.120624 0.363945
0.085792 -0.380947 -0.1404 -0.120624 0.363945
0.137165 -0.363532 -0.081586 -0.123158 0.252458
0.137165 -0.363532 -0.081586 -0.123158 0.252458
0.137165 -0.363532 -0.081586 -0.123158 0.252458
0.137165 -0.363532 -0.081586 -0.123158 0.252458
0.11417 -0.407353 -0.117342 -0.092487 0.349796
0.11417 -0.407353 -0.117342 -0.092487 0.349796
0.11417 -0.407353 -0.117342 -0.092487 0.349796
0.11417 -0.407353 -0.117342 -0.092487 0.349796
0.11417 -0.407353 -0.117342 -0.092487 0.349796
0.203733 -0.338002 -0.054851 -0.188024 0.176773
0.203733 -0.338002 -0.054851 -0.188024 0.176773
0.18684 -0.278318 -0.018309 0.021295 0.251916
0.18684 -0.278318 -0.018309 0.021295 0.251916
0.18684 -0.278318 -0.018309 0.021295 0.251916
0.14183 -0.332019 -0.060159 -0.019905 0.319137
0.14183 -0.332019 -0.060159 -0.019905 0.319137
0.14183 -0.332019 -0.060159 -0.019905 0.319137
0.14183 -0.332019 -0.060159 -0.019905 0.319137
0.14183 -0.332019 -0.060159 -0.019905 0.319137
0.14183 -0.332019 -0.060159 -0.019905 0.319137
0.14183 -0.332019 -0.060159 -0.019905 0.319137
0.14183 -0.332019 -0.060159 -0.019905 0.319137
0.140963 -0.413166 -0.083816 -0.068874 0.252189
0.140963 -0.413166 -0.083816 -0.068874 0.252189
0.140963 -0.413166 -0.083816 -0.068874 0.252189
0.048076 -0.48598 -0.134689 -0.056499 0.304946
0.048076 -0.48598 -0.134689 -0.056499 0.304946
0.048076 -0.48598 -0.134689 -0.056499 0.304946
0.08833 -0.401879 -0.119927 -0.224709 0.208683
0.08833 -0.401879 -0.119927 -0.224709 0.208683
0.08833 -0.401879 -0.119927 -0.224709 0.208683
0.08833 -0.401879 -0.119927 -0.224709 0.208683
0.08833 -0.401879 -0.119927 -0.224709 0.208683
0.08833 -0.401879 -0.119927 -0.224709 0.208683
0.08833 -0.401879 -0.119927 -0.224709 0.208683
0.08833 -0.401879 -0.119927 -0.224709 0.208683
0.08833 -0.401879 -0.119927 -0.224709 0.208683
0.08833 -0.401879 -0.119927 -0.224709 0.208683
0.08833 -0.401879 -0.119927 -0.224709 0.208683
0.08833 -0.401879 -0.119927 -0.224709 0.208683
0.08833 -0.401879 -0.119927 -0.224709 0.208683
0.08833 -0.401879 -0.119927 -0.224709 0.208683
0.08833 -0.401879 -0.119927 -0.224709 0.208683
0.131321 -0.306083 -0.055894 -0.066341 0.211147
0.131321 -0.306083 -0.055894 -0.066341 0.211147
0.131321 -0.306083 -0.055894 -0.066341 0.211147
0.131321 -0.306083 -0.055894 -0.066341 0.211147
0.131321 -0.306083 -0.055894 -0.066341 0.211147
0.131321 -0.306083 -0.055894 -0.066341 0.211147
0.131321 -0.306083 -0.055894 -0.066341 0.211147
0.131321 -0.306083 -0.055894 -0.066341 0.211147
0.131321 -0.306083 -0.055894 -0.066341 0.211147
0.131321 -0.306083 -0.055894 -0.066341 0.211147
0.131321 -0.306083 -0.055894 -0.066341 0.211147
0.131321 -0.306083 -0.055894 -0.066341 0.211147
0.131321 -0.306083 -0.055894 -0.066341 0.211147
0.131321 -0.306083 -0.055894 -0.066341 0.211147
0.131321 -0.306083 -0.055894 -0.066341 0.211147
0.131321 -0.306083 -0.055894 -0.066341 0.211147
0.131321 -0.306083 -0.055894 -0.066341 0.211147
0.131321 -0.306083 -0.055894 -0.066341 0.211147
0.131321 -0.306083 -0.055894 -0.066341 0.211147
0.116315 -0.387729 -0.09829 0.000505 0.335195
0.116315 -0.387729 -0.09829 0.000505 0.335195
0.104624 -0.358729 -0.118649 -0.305436 0.129965
0.104624 -0.358729 -0.118649 -0.305436 0.129965
0.104624 -0.358729 -0.118649 -0.305436 0.129965
0.104624 -0.358729 -0.118649 -0.305436 0.129965
0.104624 -0.358729 -0.118649 -0.305436 0.129965
0.104624 -0.358729 -0.118649 -0.305436 0.129965
0.104624 -0.358729 -0.118649 -0.305436 0.129965
0.104624 -0.358729 -0.118649 -0.305436 0.129965
0.104624 -0.358729 -0.118649 -0.305436 0.129965
0.104624 -0.358729 -0.118649 -0.305436 0.129965
0.104624 -0.358729 -0.118649 -0.305436 0.129965
0.151643 -0.246362 -0.05197 -0.13678 0.1505
0.151643 -0.246362 -0.05197 -0.13678 0.1505
0.118764 -0.280273 -0.091139 -0.181076 0.266123
0.118764 -0.280273 -0.091139 -0.181076 0.266123
0.118764 -0.280273 -0.091139 -0.181076 0.266123
0.118764 -0.280273 -0.091139 -0.181076 0.266123
0.069996 -0.375249 -0.094182 -0.033812 0.326811
0.069996 -0.375249 -0.094182 -0.033812 0.326811
0.069996 -0.375249 -0.094182 -0.033812 0.326811
0.069996 -0.375249 -0.094182 -0.033812 0.326811
0.069996 -0.375249 -0.094182 -0.033812 0.326811
0.069996 -0.375249 -0.094182 -0.033812 0.326811
0.158644 -0.296322 -0.070724 -0.144839 0.215584
0.158644 -0.296322 -0.070724 -0.144839 0.215584
0.158644 -0.296322 -0.070724 -0.144839 0.215584
0.139942 -0.343672 -0.122745 -0.177401 0.300802
0.139942 -0.343672 -0.122745 -0.177401 0.300802
0.139942 -0.343672 -0.122745 -0.177401 0.300802
0.065392 -0.495088 -0.176462 -0.10808 0.416299
0.065392 -0.495088 -0.176462 -0.10808 0.416299
0.065392 -0.495088 -0.176462 -0.10808 0.416299
0.065392 -0.495088 -0.176462 -0.10808 0.416299
0.065392 -0.495088 -0.176462 -0.10808 0.416299
0.065392 -0.495088 -0.176462 -0.10808 0.416299
0.065392 -0.495088 -0.176462 -0.10808 0.416299
0.065392 -0.495088 -0.176462 -0.10808 0.416299
0.065392 -0.495088 -0.176462 -0.10808 0.416299
0.065392 -0.495088 -0.176462 -0.10808 0.416299
0.137407 -0.360329 -0.101303 -0.000329 0.386439
0.128227 -0.399508 -0.078587 0.063532 0.375747
0.140714 -0.386595 -0.088814 0.052474 0.45812
0.140714 -0.386595 -0.088814 0.052474 0.45812
0.140714 -0.386595 -0.088814 0.052474 0.45812
0.140714 -0.386595 -0.088814 0.052474 0.45812
0.150822 -0.299577 -0.040252 0.1292 0.360377
0.150822 -0.299577 -0.040252 0.1292 0.360377
0.150822 -0.299577 -0.040252 0.1292 0.360377
0.150822 -0.299577 -0.040252 0.1292 0.360377
0.150822 -0.299577 -0.040252 0.1292 0.360377
0.150822 -0.299577 -0.040252 0.1292 0.360377
0.150822 -0.299577 -0.040252 0.1292 0.360377
0.150822 -0.299577 -0.040252 0.1292 0.360377
0.150822 -0.299577 -0.040252 0.1292 0.360377
0.150822 -0.299577 -0.040252 0.1292 0.360377
0.150822 -0.299577 -0.040252 0.1292 0.360377
0.150822 -0.299577 -0.040252 0.1292 0.360377
0.150822 -0.299577 -0.040252 0.1292 0.360377
0.150822 -0.299577 -0.040252 0.1292 0.360377
0.150822 -0.299577 -0.040252 0.1292 0.360377
0.150822 -0.299577 -0.040252 0.1292 0.360377
0.150822 -0.299577 -0.040252 0.1292 0.360377
0.150822 -0.299577 -0.040252 0.1292 0.360377
0.206943 -0.295873 -0.012766 0.117274 0.298129
0.206943 -0.295873 -0.012766 0.117274 0.298129
0.110203 -0.466002 -0.095154 0.063753 0.386449
0.110203 -0.466002 -0.095154 0.063753 0.386449
0.110203 -0.466002 -0.095154 0.063753 0.386449
0.110203 -0.466002 -0.095154 0.063753 0.386449
0.110203 -0.466002 -0.095154 0.063753 0.386449
0.110203 -0.466002 -0.095154 0.063753 0.386449
0.110203 -0.466002 -0.095154 0.063753 0.386449
0.110203 -0.466002 -0.095154 0.063753 0.386449
0.110203 -0.466002 -0.095154 0.063753 0.386449
0.110203 -0.466002 -0.095154 0.063753 0.386449
0.110203 -0.466002 -0.095154 0.063753 0.386449
0.110203 -0.466002 -0.095154 0.063753 0.386449
0.110203 -0.466002 -0.095154 0.063753 0.386449
0.130247 -0.413386 -0.101904 -0.343232 0.010338
0.130247 -0.413386 -0.101904 -0.343232 0.010338
0.130247 -0.413386 -0.101904 -0.343232 0.010338
0.130247 -0.413386 -0.101904 -0.343232 0.010338
0.130247 -0.413386 -0.101904 -0.343232 0.010338
0.130247 -0.413386 -0.101904 -0.343232 0.010338
0.094035 -0.465467 -0.127065 -0.255311 0.185582
0.094035 -0.465467 -0.127065 -0.255311 0.185582
0.094035 -0.465467 -0.127065 -0.255311 0.185582
0.094035 -0.465467 -0.127065 -0.255311 0.185582
0.094035 -0.465467 -0.127065 -0.255311 0.185582
0.094035 -0.465467 -0.127065 -0.255311 0.185582
0.094035 -0.465467 -0.127065 -0.255311 0.185582
0.13799 -0.373083 -0.081692 -0.285763 0.087934
0.13799 -0.373083 -0.081692 -0.285763 0.087934
0.13799 -0.373083 -0.081692 -0.285763 0.087934
0.13799 -0.373083 -0.081692 -0.285763 0.087934
0.13799 -0.373083 -0.081692 -0.285763 0.087934
0.13799 -0.373083 -0.081692 -0.285763 0.087934
0.13799 -0.373083 -0.081692 -0.285763 0.087934
0.13799 -0.373083 -0.081692 -0.285763 0.087934
0.13799 -0.373083 -0.081692 -0.285763 0.087934
0.13799 -0.373083 -0.081692 -0.285763 0.087934
0.13799 -0.373083 -0.081692 -0.285763 0.087934
0.13799 -0.373083 -0.081692 -0.285763 0.087934
0.13799 -0.373083 -0.081692 -0.285763 0.087934
0.13799 -0.373083 -0.081692 -0.285763 0.087934
0.13799 -0.373083 -0.081692 -0.285763 0.087934
0.13799 -0.373083 -0.081692 -0.285763 0.087934
0.13799 -0.373083 -0.081692 -0.285763 0.087934
0.13799 -0.373083 -0.081692 -0.285763 0.087934
0.13799 -0.373083 -0.081692 -0.285763 0.087934
0.13799 -0.373083 -0.081692 -0.285763 0.087934
0.13799 -0.373083 -0.081692 -0.285763 0.087934
0.13799 -0.373083 -0.081692 -0.285763 0.087934
0.13799 -0.373083 -0.081692 -0.285763 0.087934
0.13799 -0.373083 -0.081692 -0.285763 0.087934
0.13799 -0.373083 -0.081692 -0.285763 0.087934
0.13799 -0.373083 -0.081692 -0.285763 0.087934
0.13799 -0.373083 -0.081692 -0.285763 0.087934
0.13799 -0.373083 -0.081692 -0.285763 0.087934
0.13799 -0.373083 -0.081692 -0.285763 0.087934
0.13799 -0.373083 -0.081692 -0.285763 0.087934
0.13799 -0.373083 -0.081692 -0.285763 0.087934
0.13799 -0.373083 -0.081692 -0.285763 0.087934
0.13799 -0.373083 -0.081692 -0.285763 0.087934
0.13799 -0.373083 -0.081692 -0.285763 0.087934
0.13799 -0.373083 -0.081692 -0.285763 0.087934
0.13799 -0.373083 -0.081692 -0.285763 0.087934
0.13799 -0.373083 -0.081692 -0.285763 0.087934
0.13799 -0.373083 -0.081692 -0.285763 0.087934
0.13799 -0.373083 -0.081692 -0.285763 0.087934
0.13799 -0.373083 -0.081692 -0.285763 0.087934
0.13799 -0.373083 -0.081692 -0.285763 0.087934
0.13799 -0.373083 -0.081692 -0.285763 0.087934
0.13799 -0.373083 -0.081692 -0.285763 0.087934
0.13799 -0.373083 -0.081692 -0.285763 0.087934
0.112739 -0.47891 -0.0975 0.002094 0.364379
0.112739 -0.47891 -0.0975 0.002094 0.364379
0.112739 -0.47891 -0.0975 0.002094 0.364379
0.112739 -0.47891 -0.0975 0.002094 0.364379
0.112739 -0.47891 -0.0975 0.002094 0.364379
0.112739 -0.47891 -0.0975 0.002094 0.364379
0.112739 -0.47891 -0.0975 0.002094 0.364379
0.096467 -0.47227 -0.102619 0.129078 0.530586
0.096467 -0.47227 -0.102619 0.129078 0.530586
0.096467 -0.47227 -0.102619 0.129078 0.530586
0.060966 -0.45627 -0.125278 0.128783 0.551732
0.060966 -0.45627 -0.125278 0.128783 0.551732
0.060966 -0.45627 -0.125278 0.128783 0.551732
0.060966 -0.45627 -0.125278 0.128783 0.551732
0.096764 -0.436964 -0.13299 -0.038703 0.451559
0.096764 -0.436964 -0.13299 -0.038703 0.451559
0.096764 -0.436964 -0.13299 -0.038703 0.451559
0.096764 -0.436964 -0.13299 -0.038703 0.451559
0.134613 -0.361499 -0.067939 -0.002213 0.316929
0.134613 -0.361499 -0.067939 -0.002213 0.316929
0.130135 -0.340074 -0.06556 -0.032987 0.273401
0.174983 -0.294976 -0.024587 0.02832 0.237364
0.174983 -0.294976 -0.024587 0.02832 0.237364
0.19222 -0.301794 -0.045184 -0.148128 0.193592
0.19222 -0.301794 -0.045184 -0.148128 0.193592
0.19222 -0.301794 -0.045184 -0.148128 0.193592
0.19222 -0.301794 -0.045184 -0.148128 0.193592
0.19222 -0.301794 -0.045184 -0.148128 0.193592
0.19222 -0.301794 -0.045184 -0.148128 0.193592
0.19222 -0.301794 -0.045184 -0.148128 0.193592
0.165211 -0.354272 -0.1079 -0.328608 0.187728
0.165211 -0.354272 -0.1079 -0.328608 0.187728
0.165211 -0.354272 -0.1079 -0.328608 0.187728
0.165211 -0.354272 -0.1079 -0.328608 0.187728
0.165211 -0.354272 -0.1079 -0.328608 0.187728
0.165211 -0.354272 -0.1079 -0.328608 0.187728
0.165211 -0.354272 -0.1079 -0.328608 0.187728
0.165211 -0.354272 -0.1079 -0.328608 0.187728
0.165211 -0.354272 -0.1079 -0.328608 0.187728
0.165211 -0.354272 -0.1079 -0.328608 0.187728
0.165211 -0.354272 -0.1079 -0.328608 0.187728
0.165211 -0.354272 -0.1079 -0.328608 0.187728
0.165211 -0.354272 -0.1079 -0.328608 0.187728
0.107061 -0.471957 -0.10231 0.048161 0.387561
0.107061 -0.471957 -0.10231 0.048161 0.387561
0.184237 -0.392706 -0.09547 -0.382342 0.137202
0.184237 -0.392706 -0.09547 -0.382342 0.137202
0.184237 -0.392706 -0.09547 -0.382342 0.137202
0.184237 -0.392706 -0.09547 -0.382342 0.137202
0.184237 -0.392706 -0.09547 -0.382342 0.137202
0.184237 -0.392706 -0.09547 -0.382342 0.137202
0.184237 -0.392706 -0.09547 -0.382342 0.137202
0.184237 -0.392706 -0.09547 -0.382342 0.137202
0.184237 -0.392706 -0.09547 -0.382342 0.137202
0.184237 -0.392706 -0.09547 -0.382342 0.137202
0.184237 -0.392706 -0.09547 -0.382342 0.137202
0.184237 -0.392706 -0.09547 -0.382342 0.137202
0.184237 -0.392706 -0.09547 -0.382342 0.137202
0.184237 -0.392706 -0.09547 -0.382342 0.137202
0.184237 -0.392706 -0.09547 -0.382342 0.137202
0.184237 -0.392706 -0.09547 -0.382342 0.137202
0.140908 -0.42643 -0.122051 -0.39835 0.154844
0.140908 -0.42643 -0.122051 -0.39835 0.154844
0.140908 -0.42643 -0.122051 -0.39835 0.154844
0.140908 -0.42643 -0.122051 -0.39835 0.154844
0.131957 -0.378347 -0.064287 -0.094286 0.207599
0.131957 -0.378347 -0.064287 -0.094286 0.207599
0.154265 -0.374111 -0.063238 -0.033823 0.312345
0.154265 -0.374111 -0.063238 -0.033823 0.312345
0.154265 -0.374111 -0.063238 -0.033823 0.312345
0.148403 -0.34202 -0.072709 0.023104 0.406875
0.148403 -0.34202 -0.072709 0.023104 0.406875
0.148403 -0.34202 -0.072709 0.023104 0.406875
0.148403 -0.34202 -0.072709 0.023104 0.406875
0.148403 -0.34202 -0.072709 0.023104 0.406875
0.148403 -0.34202 -0.072709 0.023104 0.406875
0.148403 -0.34202 -0.072709 0.023104 0.406875
0.148403 -0.34202 -0.072709 0.023104 0.406875
0.148403 -0.34202 -0.072709 0.023104 0.406875
0.148403 -0.34202 -0.072709 0.023104 0.406875
0.148403 -0.34202 -0.072709 0.023104 0.406875
0.148403 -0.34202 -0.072709 0.023104 0.406875
0.12638 -0.43154 -0.142521 -0.391173 0.127937
0.12638 -0.43154 -0.142521 -0.391173 0.127937
0.12638 -0.43154 -0.142521 -0.391173 0.127937
0.12638 -0.43154 -0.142521 -0.391173 0.127937
0.12638 -0.43154 -0.142521 -0.391173 0.127937
0.12638 -0.43154 -0.142521 -0.391173 0.127937
0.12638 -0.43154 -0.142521 -0.391173 0.127937
0.12638 -0.43154 -0.142521 -0.391173 0.127937
0.12638 -0.43154 -0.142521 -0.391173 0.127937
0.12638 -0.43154 -0.142521 -0.391173 0.127937
0.12638 -0.43154 -0.142521 -0.391173 0.127937
0.12638 -0.43154 -0.142521 -0.391173 0.127937
0.12638 -0.43154 -0.142521 -0.391173 0.127937
0.12638 -0.43154 -0.142521 -0.391173 0.127937
0.12638 -0.43154 -0.142521 -0.391173 0.127937
0.12638 -0.43154 -0.142521 -0.391173 0.127937
0.12638 -0.43154 -0.142521 -0.391173 0.127937
0.12638 -0.43154 -0.142521 -0.391173 0.127937
0.12638 -0.43154 -0.142521 -0.391173 0.127937
0.110635 -0.370832 -0.110771 -0.199437 0.211934
0.13825 -0.308648 -0.056786 -0.077957 0.192415
0.13825 -0.308648 -0.056786 -0.077957 0.192415
0.126255 -0.317934 -0.074032 -0.071056 0.232377
0.126255 -0.317934 -0.074032 -0.071056 0.232377
0.126255 -0.317934 -0.074032 -0.071056 0.232377
0.126255 -0.317934 -0.074032 -0.071056 0.232377
0.126255 -0.317934 -0.074032 -0.071056 0.232377
0.126255 -0.317934 -0.074032 -0.071056 0.232377
0.126255 -0.317934 -0.074032 -0.071056 0.232377
0.09866 -0.396491 -0.120801 -0.230633 0.173741
0.140174 -0.344082 -0.076116 -0.182312 0.148567
0.140174 -0.344082 -0.076116 -0.182312 0.148567
0.135279 -0.315597 -0.05161 -0.009422 0.270525
0.135279 -0.315597 -0.05161 -0.009422 0.270525
0.089029 -0.433854 -0.117343 0.058715 0.461612
0.075989 -0.434591 -0.086741 0.049762 0.362866
0.075989 -0.434591 -0.086741 0.049762 0.362866
0.075989 -0.434591 -0.086741 0.049762 0.362866
0.075989 -0.434591 -0.086741 0.049762 0.362866
0.075989 -0.434591 -0.086741 0.049762 0.362866
0.075989 -0.434591 -0.086741 0.049762 0.362866
0.075989 -0.434591 -0.086741 0.049762 0.362866
0.075989 -0.434591 -0.086741 0.049762 0.362866
0.128874 -0.314568 -0.079818 -0.267575 0.194444
0.125496 -0.386305 -0.065337 -0.094148 0.178727
0.125496 -0.386305 -0.065337 -0.094148 0.178727
0.125496 -0.386305 -0.065337 -0.094148 0.178727
0.125496 -0.386305 -0.065337 -0.094148 0.178727
0.125496 -0.386305 -0.065337 -0.094148 0.178727
0.125496 -0.386305 -0.065337 -0.094148 0.178727
0.125496 -0.386305 -0.065337 -0.094148 0.178727
0.125496 -0.386305 -0.065337 -0.094148 0.178727
0.125496 -0.386305 -0.065337 -0.094148 0.178727
0.125496 -0.386305 -0.065337 -0.094148 0.178727
0.125496 -0.386305 -0.065337 -0.094148 0.178727
0.125496 -0.386305 -0.065337 -0.094148 0.178727
0.125496 -0.386305 -0.065337 -0.094148 0.178727
0.125496 -0.386305 -0.065337 -0.094148 0.178727
0.125496 -0.386305 -0.065337 -0.094148 0.178727
0.125496 -0.386305 -0.065337 -0.094148 0.178727
0.125496 -0.386305 -0.065337 -0.094148 0.178727
0.125496 -0.386305 -0.065337 -0.094148 0.178727
0.137169 -0.296317 -0.089368 -0.153738 0.218772
0.137169 -0.296317 -0.089368 -0.153738 0.218772
0.137169 -0.296317 -0.089368 -0.153738 0.218772
0.137169 -0.296317 -0.089368 -0.153738 0.218772
0.137169 -0.296317 -0.089368 -0.153738 0.218772
0.137169 -0.296317 -0.089368 -0.153738 0.218772
0.137169 -0.296317 -0.089368 -0.153738 0.218772
0.137169 -0.296317 -0.089368 -0.153738 0.218772
0.137169 -0.296317 -0.089368 -0.153738 0.218772
0.137169 -0.296317 -0.089368 -0.153738 0.218772
0.137169 -0.296317 -0.089368 -0.153738 0.218772
0.137169 -0.296317 -0.089368 -0.153738 0.218772
0.137169 -0.296317 -0.089368 -0.153738 0.218772
0.137169 -0.296317 -0.089368 -0.153738 0.218772
0.137169 -0.296317 -0.089368 -0.153738 0.218772
0.137169 -0.296317 -0.089368 -0.153738 0.218772
0.137169 -0.296317 -0.089368 -0.153738 0.218772
0.137169 -0.296317 -0.089368 -0.153738 0.218772
0.137169 -0.296317 -0.089368 -0.153738 0.218772
0.137169 -0.296317 -0.089368 -0.153738 0.218772
0.137169 -0.296317 -0.089368 -0.153738 0.218772
0.137169 -0.296317 -0.089368 -0.153738 0.218772
0.137169 -0.296317 -0.089368 -0.153738 0.218772
0.137169 -0.296317 -0.089368 -0.153738 0.218772
0.137169 -0.296317 -0.089368 -0.153738 0.218772
0.137169 -0.296317 -0.089368 -0.153738 0.218772
0.137169 -0.296317 -0.089368 -0.153738 0.218772
0.137169 -0.296317 -0.089368 -0.153738 0.218772
0.137169 -0.296317 -0.089368 -0.153738 0.218772
0.137169 -0.296317 -0.089368 -0.153738 0.218772
0.122153 -0.32502 -0.085144 -0.139612 0.231963
0.122153 -0.32502 -0.085144 -0.139612 0.231963
0.122153 -0.32502 -0.085144 -0.139612 0.231963
0.122153 -0.32502 -0.085144 -0.139612 0.231963
0.111898 -0.346367 -0.099248 -0.137832 0.28952
0.111898 -0.346367 -0.099248 -0.137832 0.28952
0.111898 -0.346367 -0.099248 -0.137832 0.28952
0.111898 -0.346367 -0.099248 -0.137832 0.28952
0.111898 -0.346367 -0.099248 -0.137832 0.28952
0.111898 -0.346367 -0.099248 -0.137832 0.28952
0.111898 -0.346367 -0.099248 -0.137832 0.28952
0.138471 -0.283388 -0.084779 -0.278531 0.147333
0.138471 -0.283388 -0.084779 -0.278531 0.147333
0.138471 -0.283388 -0.084779 -0.278531 0.147333
0.138471 -0.283388 -0.084779 -0.278531 0.147333
0.138471 -0.283388 -0.084779 -0.278531 0.147333
0.138471 -0.283388 -0.084779 -0.278531 0.147333
0.138471 -0.283388 -0.084779 -0.278531 0.147333
0.138471 -0.283388 -0.084779 -0.278531 0.147333
0.138471 -0.283388 -0.084779 -0.278531 0.147333
0.138471 -0.283388 -0.084779 -0.278531 0.147333
0.138289 -0.384059 -0.10671 -0.159863 0.282529
0.138289 -0.384059 -0.10671 -0.159863 0.282529
0.138289 -0.384059 -0.10671 -0.159863 0.282529
0.138289 -0.384059 -0.10671 -0.159863 0.282529
0.138289 -0.384059 -0.10671 -0.159863 0.282529
0.138289 -0.384059 -0.10671 -0.159863 0.282529
0.138289 -0.384059 -0.10671 -0.159863 0.282529
0.138289 -0.384059 -0.10671 -0.159863 0.282529
0.138289 -0.384059 -0.10671 -0.159863 0.282529
0.138289 -0.384059 -0.10671 -0.159863 0.282529
0.138289 -0.384059 -0.10671 -0.159863 0.282529
0.138289 -0.384059 -0.10671 -0.159863 0.282529
0.138289 -0.384059 -0.10671 -0.159863 0.282529
0.138289 -0.384059 -0.10671 -0.159863 0.282529
0.138289 -0.384059 -0.10671 -0.159863 0.282529
0.138289 -0.384059 -0.10671 -0.159863 0.282529
0.116867 -0.435756 -0.092059 -0.059058 0.261308
0.116867 -0.435756 -0.092059 -0.059058 0.261308
0.116867 -0.435756 -0.092059 -0.059058 0.261308
0.116867 -0.435756 -0.092059 -0.059058 0.261308
0.164191 -0.426644 -0.070028 -0.124405 0.185962
0.164191 -0.426644 -0.070028 -0.124405 0.185962
0.134481 -0.43674 -0.074964 -0.048765 0.266635
0.14006 -0.350795 -0.07877 -0.107089 0.220888
0.14006 -0.350795 -0.07877 -0.107089 0.220888
0.14006 -0.350795 -0.07877 -0.107089 0.220888
0.14006 -0.350795 -0.07877 -0.107089 0.220888
0.14006 -0.350795 -0.07877 -0.107089 0.220888
0.14006 -0.350795 -0.07877 -0.107089 0.220888
0.14006 -0.350795 -0.07877 -0.107089 0.220888
0.105872 -0.412419 -0.115313 -0.172026 0.223803
0.105872 -0.412419 -0.115313 -0.172026 0.223803
0.105872 -0.412419 -0.115313 -0.172026 0.223803
0.112154 -0.385917 -0.07642 -0.055566 0.211843
0.112154 -0.385917 -0.07642 -0.055566 0.211843
0.099991 -0.353386 -0.10606 -0.108865 0.281483
0.099991 -0.353386 -0.10606 -0.108865 0.281483
0.099991 -0.353386 -0.10606 -0.108865 0.281483
0.099991 -0.353386 -0.10606 -0.108865 0.281483
0.099991 -0.353386 -0.10606 -0.108865 0.281483
0.099991 -0.353386 -0.10606 -0.108865 0.281483
0.099991 -0.353386 -0.10606 -0.108865 0.281483
0.104311 -0.352572 -0.105341 -0.120398 0.245783
0.104311 -0.352572 -0.105341 -0.120398 0.245783
0.104311 -0.352572 -0.105341 -0.120398 0.245783
0.104311 -0.352572 -0.105341 -0.120398 0.245783
0.104311 -0.352572 -0.105341 -0.120398 0.245783
0.104311 -0.352572 -0.105341 -0.120398 0.245783
0.104311 -0.352572 -0.105341 -0.120398 0.245783
0.104311 -0.352572 -0.105341 -0.120398 0.245783
0.104311 -0.352572 -0.105341 -0.120398 0.245783
0.104311 -0.352572 -0.105341 -0.120398 0.245783
0.104311 -0.352572 -0.105341 -0.120398 0.245783
0.07683 -0.458286 -0.157207 -0.20442 0.301201
0.07683 -0.458286 -0.157207 -0.20442 0.301201
0.07683 -0.458286 -0.157207 -0.20442 0.301201
0.07683 -0.458286 -0.157207 -0.20442 0.301201
0.07683 -0.458286 -0.157207 -0.20442 0.301201
0.07683 -0.458286 -0.157207 -0.20442 0.301201
0.07683 -0.458286 -0.157207 -0.20442 0.301201
0.07683 -0.458286 -0.157207 -0.20442 0.301201
0.07683 -0.458286 -0.157207 -0.20442 0.301201
0.07683 -0.458286 -0.157207 -0.20442 0.301201
0.07683 -0.458286 -0.157207 -0.20442 0.301201
0.07683 -0.458286 -0.157207 -0.20442 0.301201
0.07683 -0.458286 -0.157207 -0.20442 0.301201
0.07683 -0.458286 -0.157207 -0.20442 0.301201
0.07683 -0.458286 -0.157207 -0.20442 0.301201
0.07683 -0.458286 -0.157207 -0.20442 0.301201
0.07683 -0.458286 -0.157207 -0.20442 0.301201
0.07683 -0.458286 -0.157207 -0.20442 0.301201
0.07683 -0.458286 -0.157207 -0.20442 0.301201
0.07683 -0.458286 -0.157207 -0.20442 0.301201
0.07683 -0.458286 -0.157207 -0.20442 0.301201
0.07683 -0.458286 -0.157207 -0.20442 0.301201
0.07683 -0.458286 -0.157207 -0.20442 0.301201
0.07683 -0.458286 -0.157207 -0.20442 0.301201
0.07683 -0.458286 -0.157207 -0.20442 0.301201
0.07683 -0.458286 -0.157207 -0.20442 0.301201
0.07683 -0.458286 -0.157207 -0.20442 0.301201
0.07683 -0.458286 -0.157207 -0.20442 0.301201
0.07683 -0.458286 -0.157207 -0.20442 0.301201
0.07683 -0.458286 -0.157207 -0.20442 0.301201
0.07683 -0.458286 -0.157207 -0.20442 0.301201
0.07683 -0.458286 -0.157207 -0.20442 0.301201
0.07683 -0.458286 -0.157207 -0.20442 0.301201
0.07683 -0.458286 -0.157207 -0.20442 0.301201
0.07683 -0.458286 -0.157207 -0.20442 0.301201
0.07683 -0.458286 -0.157207 -0.20442 0.301201
0.122402 -0.392828 -0.087857 0.037071 0.390129
0.122402 -0.392828 -0.087857 0.037071 0.390129
0.122402 -0.392828 -0.087857 0.037071 0.390129
0.150494 -0.358892 -0.088918 -0.078049 0.373259
0.150494 -0.358892 -0.088918 -0.078049 0.373259
0.150494 -0.358892 -0.088918 -0.078049 0.373259
0.150494 -0.358892 -0.088918 -0.078049 0.373259
0.150494 -0.358892 -0.088918 -0.078049 0.373259
0.166417 -0.353724 -0.085884 -0.110399 0.331508
0.166417 -0.353724 -0.085884 -0.110399 0.331508
0.166417 -0.353724 -0.085884 -0.110399 0.331508
0.166417 -0.353724 -0.085884 -0.110399 0.331508
0.166417 -0.353724 -0.085884 -0.110399 0.331508
0.166417 -0.353724 -0.085884 -0.110399 0.331508
0.166417 -0.353724 -0.085884 -0.110399 0.331508
0.166417 -0.353724 -0.085884 -0.110399 0.331508
0.166417 -0.353724 -0.085884 -0.110399 0.331508
0.166417 -0.353724 -0.085884 -0.110399 0.331508
0.166417 -0.353724 -0.085884 -0.110399 0.331508
0.128193 -0.374002 -0.09805 -0.02826 0.427386
0.128193 -0.374002 -0.09805 -0.02826 0.427386
0.128193 -0.374002 -0.09805 -0.02826 0.427386
0.128193 -0.374002 -0.09805 -0.02826 0.427386
0.128193 -0.374002 -0.09805 -0.02826 0.427386
0.158669 -0.283105 -0.097047 -0.303571 0.195947
0.158669 -0.283105 -0.097047 -0.303571 0.195947
0.158669 -0.283105 -0.097047 -0.303571 0.195947
0.158669 -0.283105 -0.097047 -0.303571 0.195947
0.158669 -0.283105 -0.097047 -0.303571 0.195947
0.045629 -0.455905 -0.210429 -0.363399 0.393563
0.045629 -0.455905 -0.210429 -0.363399 0.393563
0.045629 -0.455905 -0.210429 -0.363399 0.393563
0.045629 -0.455905 -0.210429 -0.363399 0.393563
0.045629 -0.455905 -0.210429 -0.363399 0.393563
0.045629 -0.455905 -0.210429 -0.363399 0.393563
0.000262 -0.505863 -0.236299 -0.413762 0.353382
0.000262 -0.505863 -0.236299 -0.413762 0.353382
0.000262 -0.505863 -0.236299 -0.413762 0.353382
0.000262 -0.505863 -0.236299 -0.413762 0.353382
0.000262 -0.505863 -0.236299 -0.413762 0.353382
0.000262 -0.505863 -0.236299 -0.413762 0.353382
0.000262 -0.505863 -0.236299 -0.413762 0.353382
0.068918 -0.436138 -0.189154 -0.250396 0.370746
0.068918 -0.436138 -0.189154 -0.250396 0.370746
0.068918 -0.436138 -0.189154 -0.250396 0.370746
0.062122 -0.476575 -0.195797 -0.390951 0.279793
0.062122 -0.476575 -0.195797 -0.390951 0.279793
0.062122 -0.476575 -0.195797 -0.390951 0.279793
0.062122 -0.476575 -0.195797 -0.390951 0.279793
0.062122 -0.476575 -0.195797 -0.390951 0.279793
0.062122 -0.476575 -0.195797 -0.390951 0.279793
0.042029 -0.531096 -0.226528 -0.239884 0.470875
0.089368 -0.484783 -0.154793 -0.054486 0.430643
0.089368 -0.484783 -0.154793 -0.054486 0.430643
0.089368 -0.484783 -0.154793 -0.054486 0.430643
0.089368 -0.484783 -0.154793 -0.054486 0.430643
0.089368 -0.484783 -0.154793 -0.054486 0.430643
0.089368 -0.484783 -0.154793 -0.054486 0.430643
0.072738 -0.480991 -0.196908 -0.309611 0.314989
0.072738 -0.480991 -0.196908 -0.309611 0.314989
0.072738 -0.480991 -0.196908 -0.309611 0.314989
0.072738 -0.480991 -0.196908 -0.309611 0.314989
0.072738 -0.480991 -0.196908 -0.309611 0.314989
0.072738 -0.480991 -0.196908 -0.309611 0.314989
0.072738 -0.480991 -0.196908 -0.309611 0.314989
0.072738 -0.480991 -0.196908 -0.309611 0.314989
0.072738 -0.480991 -0.196908 -0.309611 0.314989
0.072738 -0.480991 -0.196908 -0.309611 0.314989
0.072738 -0.480991 -0.196908 -0.309611 0.314989
0.072738 -0.480991 -0.196908 -0.309611 0.314989
0.072738 -0.480991 -0.196908 -0.309611 0.314989
0.072738 -0.480991 -0.196908 -0.309611 0.314989
0.083343 -0.429001 -0.147336 -0.059346 0.422332
0.083343 -0.429001 -0.147336 -0.059346 0.422332
0.083343 -0.429001 -0.147336 -0.059346 0.422332
0.083343 -0.429001 -0.147336 -0.059346 0.422332
0.118641 -0.363162 -0.110903 -0.046522 0.35585
0.118641 -0.363162 -0.110903 -0.046522 0.35585
0.118641 -0.363162 -0.110903 -0.046522 0.35585
0.118641 -0.363162 -0.110903 -0.046522 0.35585
0.118641 -0.363162 -0.110903 -0.046522 0.35585
0.118641 -0.363162 -0.110903 -0.046522 0.35585
0.118641 -0.363162 -0.110903 -0.046522 0.35585
0.118641 -0.363162 -0.110903 -0.046522 0.35585
0.118641 -0.363162 -0.110903 -0.046522 0.35585
0.118641 -0.363162 -0.110903 -0.046522 0.35585
0.076987 -0.414962 -0.131974 0.213501 0.59857
0.077716 -0.365241 -0.121979 0.026924 0.438768
0.077716 -0.365241 -0.121979 0.026924 0.438768
0.044532 -0.490991 -0.207187 -0.283916 0.383154
0.044532 -0.490991 -0.207187 -0.283916 0.383154
0.044532 -0.490991 -0.207187 -0.283916 0.383154
0.044532 -0.490991 -0.207187 -0.283916 0.383154
0.044532 -0.490991 -0.207187 -0.283916 0.383154
0.044532 -0.490991 -0.207187 -0.283916 0.383154
0.044532 -0.490991 -0.207187 -0.283916 0.383154
0.044532 -0.490991 -0.207187 -0.283916 0.383154
0.098839 -0.365948 -0.12229 -0.089009 0.287009
0.098839 -0.365948 -0.12229 -0.089009 0.287009
0.098839 -0.365948 -0.12229 -0.089009 0.287009
0.098839 -0.365948 -0.12229 -0.089009 0.287009
0.098839 -0.365948 -0.12229 -0.089009 0.287009
0.098839 -0.365948 -0.12229 -0.089009 0.287009
0.137153 -0.279835 -0.095763 -0.169321 0.184581
0.137153 -0.279835 -0.095763 -0.169321 0.184581
0.158572 -0.261013 -0.072621 -0.119778 0.205297
0.158572 -0.261013 -0.072621 -0.119778 0.205297
0.158572 -0.261013 -0.072621 -0.119778 0.205297
0.113129 -0.336262 -0.11811 -0.207082 0.216589
0.113129 -0.336262 -0.11811 -0.207082 0.216589
0.113129 -0.336262 -0.11811 -0.207082 0.216589
0.113129 -0.336262 -0.11811 -0.207082 0.216589
0.142851 -0.356655 -0.13035 -0.253236 0.269683
0.142851 -0.356655 -0.13035 -0.253236 0.269683
0.183722 -0.313303 -0.078877 -0.20457 0.202714
0.183722 -0.313303 -0.078877 -0.20457 0.202714
0.183722 -0.313303 -0.078877 -0.20457 0.202714
0.183722 -0.313303 -0.078877 -0.20457 0.202714
0.118168 -0.370897 -0.10554 -0.016832 0.414995
0.118168 -0.370897 -0.10554 -0.016832 0.414995
0.118168 -0.370897 -0.10554 -0.016832 0.414995
0.118168 -0.370897 -0.10554 -0.016832 0.414995
0.118168 -0.370897 -0.10554 -0.016832 0.414995
0.118168 -0.370897 -0.10554 -0.016832 0.414995
0.118168 -0.370897 -0.10554 -0.016832 0.414995
0.118168 -0.370897 -0.10554 -0.016832 0.414995
0.141926 -0.293716 -0.083477 -0.454565 -0.043656
0.141926 -0.293716 -0.083477 -0.454565 -0.043656
0.141926 -0.293716 -0.083477 -0.454565 -0.043656
0.141926 -0.293716 -0.083477 -0.454565 -0.043656
0.141926 -0.293716 -0.083477 -0.454565 -0.043656
0.093226 -0.393091 -0.096191 -0.158707 0.214022
0.093226 -0.393091 -0.096191 -0.158707 0.214022
0.108207 -0.412136 -0.087653 -0.082129 0.311575
0.041471 -0.525679 -0.14056 -0.099583 0.410089
0.041471 -0.525679 -0.14056 -0.099583 0.410089
0.143042 -0.364339 -0.061878 -0.161043 0.175599
0.143042 -0.364339 -0.061878 -0.161043 0.175599
0.143042 -0.364339 -0.061878 -0.161043 0.175599
0.143042 -0.364339 -0.061878 -0.161043 0.175599
0.143042 -0.364339 -0.061878 -0.161043 0.175599
0.143042 -0.364339 -0.061878 -0.161043 0.175599
0.143042 -0.364339 -0.061878 -0.161043 0.175599
0.143042 -0.364339 -0.061878 -0.161043 0.175599
0.143042 -0.364339 -0.061878 -0.161043 0.175599
0.143042 -0.364339 -0.061878 -0.161043 0.175599
0.143042 -0.364339 -0.061878 -0.161043 0.175599
0.143042 -0.364339 -0.061878 -0.161043 0.175599
0.143042 -0.364339 -0.061878 -0.161043 0.175599
0.143042 -0.364339 -0.061878 -0.161043 0.175599
0.143042 -0.364339 -0.061878 -0.161043 0.175599
0.143042 -0.364339 -0.061878 -0.161043 0.175599
0.143042 -0.364339 -0.061878 -0.161043 0.175599
0.143042 -0.364339 -0.061878 -0.161043 0.175599
0.160798 -0.351868 -0.053953 -0.077869 0.235865
0.160798 -0.351868 -0.053953 -0.077869 0.235865
0.160798 -0.351868 -0.053953 -0.077869 0.235865
0.160798 -0.351868 -0.053953 -0.077869 0.235865
0.160798 -0.351868 -0.053953 -0.077869 0.235865
0.160798 -0.351868 -0.053953 -0.077869 0.235865
0.160798 -0.351868 -0.053953 -0.077869 0.235865
0.192473 -0.246545 0.00131 0.036504 0.152577
0.113655 -0.416085 -0.080411 0.18851 0.504916
0.113655 -0.416085 -0.080411 0.18851 0.504916
0.113655 -0.416085 -0.080411 0.18851 0.504916
0.113655 -0.416085 -0.080411 0.18851 0.504916
0.123397 -0.366261 -0.04218 0.243808 0.456606
0.123397 -0.366261 -0.04218 0.243808 0.456606
0.162956 -0.350343 -0.052787 -0.067334 0.213168
0.215615 -0.333427 -0.013729 -0.081508 0.108661
0.239974 -0.307469 0.019511 -0.073235 0.035327
0.239974 -0.307469 0.019511 -0.073235 0.035327
0.116192 -0.515618 -0.1265 -0.084651 0.340121
0.116192 -0.515618 -0.1265 -0.084651 0.340121
0.116192 -0.515618 -0.1265 -0.084651 0.340121
0.127889 -0.415845 -0.101518 -0.200959 0.181419
0.127889 -0.415845 -0.101518 -0.200959 0.181419
0.127889 -0.415845 -0.101518 -0.200959 0.181419
0.127889 -0.415845 -0.101518 -0.200959 0.181419
0.127889 -0.415845 -0.101518 -0.200959 0.181419
0.127889 -0.415845 -0.101518 -0.200959 0.181419
0.127889 -0.415845 -0.101518 -0.200959 0.181419
0.127889 -0.415845 -0.101518 -0.200959 0.181419
0.127889 -0.415845 -0.101518 -0.200959 0.181419
0.127889 -0.415845 -0.101518 -0.200959 0.181419
0.127889 -0.415845 -0.101518 -0.200959 0.181419
0.127889 -0.415845 -0.101518 -0.200959 0.181419
0.127889 -0.415845 -0.101518 -0.200959 0.181419
0.09087 -0.455797 -0.147832 -0.313106 0.230083
0.09087 -0.455797 -0.147832 -0.313106 0.230083
0.09087 -0.455797 -0.147832 -0.313106 0.230083
0.09087 -0.455797 -0.147832 -0.313106 0.230083
0.09087 -0.455797 -0.147832 -0.313106 0.230083
0.09087 -0.455797 -0.147832 -0.313106 0.230083
0.09087 -0.455797 -0.147832 -0.313106 0.230083
0.09087 -0.455797 -0.147832 -0.313106 0.230083
0.09087 -0.455797 -0.147832 -0.313106 0.230083
0.09087 -0.455797 -0.147832 -0.313106 0.230083
0.09087 -0.455797 -0.147832 -0.313106 0.230083
0.09087 -0.455797 -0.147832 -0.313106 0.230083
0.109497 -0.435231 -0.150365 -0.221211 0.302286
0.109497 -0.435231 -0.150365 -0.221211 0.302286
0.083071 -0.428902 -0.152016 -0.226913 0.245076
0.083071 -0.428902 -0.152016 -0.226913 0.245076
0.083071 -0.428902 -0.152016 -0.226913 0.245076
0.083071 -0.428902 -0.152016 -0.226913 0.245076
0.083071 -0.428902 -0.152016 -0.226913 0.245076
0.083071 -0.428902 -0.152016 -0.226913 0.245076
0.083071 -0.428902 -0.152016 -0.226913 0.245076
0.083071 -0.428902 -0.152016 -0.226913 0.245076
0.083071 -0.428902 -0.152016 -0.226913 0.245076
0.036931 -0.468112 -0.203997 -0.256208 0.444405
0.036931 -0.468112 -0.203997 -0.256208 0.444405
0.064743 -0.414414 -0.139948 -0.062102 0.372242
0.064743 -0.414414 -0.139948 -0.062102 0.372242
0.064743 -0.414414 -0.139948 -0.062102 0.372242
0.064743 -0.414414 -0.139948 -0.062102 0.372242
0.064743 -0.414414 -0.139948 -0.062102 0.372242
0.064743 -0.414414 -0.139948 -0.062102 0.372242
0.064743 -0.414414 -0.139948 -0.062102 0.372242
0.064743 -0.414414 -0.139948 -0.062102 0.372242
0.064743 -0.414414 -0.139948 -0.062102 0.372242
0.064743 -0.414414 -0.139948 -0.062102 0.372242
0.127675 -0.320618 -0.056334 0.155046 0.404728
0.127675 -0.320618 -0.056334 0.155046 0.404728
0.127675 -0.320618 -0.056334 0.155046 0.404728
0.127675 -0.320618 -0.056334 0.155046 0.404728
0.127675 -0.320618 -0.056334 0.155046 0.404728
0.127675 -0.320618 -0.056334 0.155046 0.404728
0.127675 -0.320618 -0.056334 0.155046 0.404728
0.127675 -0.320618 -0.056334 0.155046 0.404728
0.127675 -0.320618 -0.056334 0.155046 0.404728
0.127675 -0.320618 -0.056334 0.155046 0.404728
0.127675 -0.320618 -0.056334 0.155046 0.404728
0.127675 -0.320618 -0.056334 0.155046 0.404728
0.109013 -0.344012 -0.060845 0.062288 0.309197
0.109013 -0.344012 -0.060845 0.062288 0.309197
0.097432 -0.342571 -0.099062 -0.180954 0.175789
0.097432 -0.342571 -0.099062 -0.180954 0.175789
0.097432 -0.342571 -0.099062 -0.180954 0.175789
0.097432 -0.342571 -0.099062 -0.180954 0.175789
0.097432 -0.342571 -0.099062 -0.180954 0.175789
0.097432 -0.342571 -0.099062 -0.180954 0.175789
0.097432 -0.342571 -0.099062 -0.180954 0.175789
0.144981 -0.299682 -0.059192 -0.100538 0.186359
0.144981 -0.299682 -0.059192 -0.100538 0.186359
0.144981 -0.299682 -0.059192 -0.100538 0.186359
0.144981 -0.299682 -0.059192 -0.100538 0.186359
0.176247 -0.338954 -0.078654 -0.208927 0.205817
0.176247 -0.338954 -0.078654 -0.208927 0.205817
0.11577 -0.522366 -0.08846 0.094007 0.414972
0.11577 -0.522366 -0.08846 0.094007 0.414972
0.126121 -0.467213 -0.05386 0.108733 0.326098
0.126121 -0.467213 -0.05386 0.108733 0.326098
0.126121 -0.467213 -0.05386 0.108733 0.326098
0.126121 -0.467213 -0.05386 0.108733 0.326098
0.126121 -0.467213 -0.05386 0.108733 0.326098
0.164334 -0.410452 -0.012304 0.126064 0.233719
0.140298 -0.424165 -0.082593 -0.213536 0.165815
0.140298 -0.424165 -0.082593 -0.213536 0.165815
0.140298 -0.424165 -0.082593 -0.213536 0.165815
0.042709 -0.550562 -0.172495 -0.323131 0.223031
0.042709 -0.550562 -0.172495 -0.323131 0.223031
0.042709 -0.550562 -0.172495 -0.323131 0.223031
0.042709 -0.550562 -0.172495 -0.323131 0.223031
0.042709 -0.550562 -0.172495 -0.323131 0.223031
0.042709 -0.550562 -0.172495 -0.323131 0.223031
0.042709 -0.550562 -0.172495 -0.323131 0.223031
0.042709 -0.550562 -0.172495 -0.323131 0.223031
0.042709 -0.550562 -0.172495 -0.323131 0.223031
-0.037637 -0.661921 -0.238104 -0.24722 0.419124
-0.037637 -0.661921 -0.238104 -0.24722 0.419124
-0.037637 -0.661921 -0.238104 -0.24722 0.419124
-0.037637 -0.661921 -0.238104 -0.24722 0.419124
-0.037637 -0.661921 -0.238104 -0.24722 0.419124
-0.037637 -0.661921 -0.238104 -0.24722 0.419124
-0.037637 -0.661921 -0.238104 -0.24722 0.419124
-0.037637 -0.661921 -0.238104 -0.24722 0.419124
-0.037637 -0.661921 -0.238104 -0.24722 0.419124
-0.037637 -0.661921 -0.238104 -0.24722 0.419124
-0.037637 -0.661921 -0.238104 -0.24722 0.419124
-0.037637 -0.661921 -0.238104 -0.24722 0.419124
0.073468 -0.47968 -0.141669 -0.251117 0.24956
0.073468 -0.47968 -0.141669 -0.251117 0.24956
0.073468 -0.47968 -0.141669 -0.251117 0.24956
0.073468 -0.47968 -0.141669 -0.251117 0.24956
0.073468 -0.47968 -0.141669 -0.251117 0.24956
0.073468 -0.47968 -0.141669 -0.251117 0.24956
0.073468 -0.47968 -0.141669 -0.251117 0.24956
0.073468 -0.47968 -0.141669 -0.251117 0.24956
0.073468 -0.47968 -0.141669 -0.251117 0.24956
0.073468 -0.47968 -0.141669 -0.251117 0.24956
0.073468 -0.47968 -0.141669 -0.251117 0.24956
0.073468 -0.47968 -0.141669 -0.251117 0.24956
0.164628 -0.373151 -0.086716 -0.290307 0.165451
0.164628 -0.373151 -0.086716 -0.290307 0.165451
0.164628 -0.373151 -0.086716 -0.290307 0.165451
0.164628 -0.373151 -0.086716 -0.290307 0.165451
0.164628 -0.373151 -0.086716 -0.290307 0.165451
0.164628 -0.373151 -0.086716 -0.290307 0.165451
0.164628 -0.373151 -0.086716 -0.290307 0.165451
0.164628 -0.373151 -0.086716 -0.290307 0.165451
0.164628 -0.373151 -0.086716 -0.290307 0.165451
0.164628 -0.373151 -0.086716 -0.290307 0.165451
0.164628 -0.373151 -0.086716 -0.290307 0.165451
0.164628 -0.373151 -0.086716 -0.290307 0.165451
0.164628 -0.373151 -0.086716 -0.290307 0.165451
0.164628 -0.373151 -0.086716 -0.290307 0.165451
0.164628 -0.373151 -0.086716 -0.290307 0.165451
0.164628 -0.373151 -0.086716 -0.290307 0.165451
0.164628 -0.373151 -0.086716 -0.290307 0.165451
0.164628 -0.373151 -0.086716 -0.290307 0.165451
0.164628 -0.373151 -0.086716 -0.290307 0.165451
0.164628 -0.373151 -0.086716 -0.290307 0.165451
0.164628 -0.373151 -0.086716 -0.290307 0.165451
0.097648 -0.425322 -0.117217 -0.215448 0.215899
0.097648 -0.425322 -0.117217 -0.215448 0.215899
0.097648 -0.425322 -0.117217 -0.215448 0.215899
0.097648 -0.425322 -0.117217 -0.215448 0.215899
0.097648 -0.425322 -0.117217 -0.215448 0.215899
0.097648 -0.425322 -0.117217 -0.215448 0.215899
0.097648 -0.425322 -0.117217 -0.215448 0.215899
0.097648 -0.425322 -0.117217 -0.215448 0.215899
0.097648 -0.425322 -0.117217 -0.215448 0.215899
0.073512 -0.512446 -0.185028 -0.339521 0.260115
0.073512 -0.512446 -0.185028 -0.339521 0.260115
0.073512 -0.512446 -0.185028 -0.339521 0.260115
0.073512 -0.512446 -0.185028 -0.339521 0.260115
0.073512 -0.512446 -0.185028 -0.339521 0.260115
0.073512 -0.512446 -0.185028 -0.339521 0.260115
0.073512 -0.512446 -0.185028 -0.339521 0.260115
0.073512 -0.512446 -0.185028 -0.339521 0.260115
0.073512 -0.512446 -0.185028 -0.339521 0.260115
0.073512 -0.512446 -0.185028 -0.339521 0.260115
0.073512 -0.512446 -0.185028 -0.339521 0.260115
0.073512 -0.512446 -0.185028 -0.339521 0.260115
0.073512 -0.512446 -0.185028 -0.339521 0.260115
0.073512 -0.512446 -0.185028 -0.339521 0.260115
0.073512 -0.512446 -0.185028 -0.339521 0.260115
0.073512 -0.512446 -0.185028 -0.339521 0.260115
0.073512 -0.512446 -0.185028 -0.339521 0.260115
0.073512 -0.512446 -0.185028 -0.339521 0.260115
0.073512 -0.512446 -0.185028 -0.339521 0.260115
0.073512 -0.512446 -0.185028 -0.339521 0.260115
0.073512 -0.512446 -0.185028 -0.339521 0.260115
0.008126 -0.54352 -0.22748 -0.44245 0.261449
0.008126 -0.54352 -0.22748 -0.44245 0.261449
0.008126 -0.54352 -0.22748 -0.44245 0.261449
0.008126 -0.54352 -0.22748 -0.44245 0.261449
0.008126 -0.54352 -0.22748 -0.44245 0.261449
-0.006579 -0.56952 -0.235185 -0.270511 0.427024
-0.006579 -0.56952 -0.235185 -0.270511 0.427024
-0.006579 -0.56952 -0.235185 -0.270511 0.427024
-0.006579 -0.56952 -0.235185 -0.270511 0.427024
-0.006579 -0.56952 -0.235185 -0.270511 0.427024
-0.006579 -0.56952 -0.235185 -0.270511 0.427024
-0.006579 -0.56952 -0.235185 -0.270511 0.427024
-0.006579 -0.56952 -0.235185 -0.270511 0.427024
-0.006579 -0.56952 -0.235185 -0.270511 0.427024
-0.006579 -0.56952 -0.235185 -0.270511 0.427024
-0.006579 -0.56952 -0.235185 -0.270511 0.427024
-0.006579 -0.56952 -0.235185 -0.270511 0.427024
-0.006579 -0.56952 -0.235185 -0.270511 0.427024
-0.006579 -0.56952 -0.235185 -0.270511 0.427024
-0.006579 -0.56952 -0.235185 -0.270511 0.427024
-0.006579 -0.56952 -0.235185 -0.270511 0.427024
-0.006579 -0.56952 -0.235185 -0.270511 0.427024
-0.006579 -0.56952 -0.235185 -0.270511 0.427024
-0.006579 -0.56952 -0.235185 -0.270511 0.427024
-0.006579 -0.56952 -0.235185 -0.270511 0.427024
-0.006579 -0.56952 -0.235185 -0.270511 0.427024
-0.006579 -0.56952 -0.235185 -0.270511 0.427024
-0.006579 -0.56952 -0.235185 -0.270511 0.427024
-0.006579 -0.56952 -0.235185 -0.270511 0.427024
-0.006579 -0.56952 -0.235185 -0.270511 0.427024
-0.006579 -0.56952 -0.235185 -0.270511 0.427024
-0.006579 -0.56952 -0.235185 -0.270511 0.427024
-0.006579 -0.56952 -0.235185 -0.270511 0.427024
-0.006579 -0.56952 -0.235185 -0.270511 0.427024
-0.006579 -0.56952 -0.235185 -0.270511 0.427024
-0.006579 -0.56952 -0.235185 -0.270511 0.427024
-0.006579 -0.56952 -0.235185 -0.270511 0.427024
-0.006579 -0.56952 -0.235185 -0.270511 0.427024
-0.006579 -0.56952 -0.235185 -0.270511 0.427024
-0.006579 -0.56952 -0.235185 -0.270511 0.427024
-0.006579 -0.56952 -0.235185 -0.270511 0.427024
-0.006579 -0.56952 -0.235185 -0.270511 0.427024
-0.006579 -0.56952 -0.235185 -0.270511 0.427024
-0.006579 -0.56952 -0.235185 -0.270511 0.427024
-0.006579 -0.56952 -0.235185 -0.270511 0.427024
-0.006579 -0.56952 -0.235185 -0.270511 0.427024
-0.006579 -0.56952 -0.235185 -0.270511 0.427024
-0.006579 -0.56952 -0.235185 -0.270511 0.427024
-0.006579 -0.56952 -0.235185 -0.270511 0.427024
-0.006579 -0.56952 -0.235185 -0.270511 0.427024
-0.006579 -0.56952 -0.235185 -0.270511 0.427024
-0.006579 -0.56952 -0.235185 -0.270511 0.427024
-0.006579 -0.56952 -0.235185 -0.270511 0.427024
-0.006579 -0.56952 -0.235185 -0.270511 0.427024
-0.006579 -0.56952 -0.235185 -0.270511 0.427024
-0.006579 -0.56952 -0.235185 -0.270511 0.427024
-0.006579 -0.56952 -0.235185 -0.270511 0.427024
-0.006579 -0.56952 -0.235185 -0.270511 0.427024
-0.006579 -0.56952 -0.235185 -0.270511 0.427024
-0.006579 -0.56952 -0.235185 -0.270511 0.427024
-0.006579 -0.56952 -0.235185 -0.270511 0.427024
-0.006579 -0.56952 -0.235185 -0.270511 0.427024
-0.006579 -0.56952 -0.235185 -0.270511 0.427024
0.034754 -0.477881 -0.138411 -0.073667 0.379999
0.034754 -0.477881 -0.138411 -0.073667 0.379999
0.034754 -0.477881 -0.138411 -0.073667 0.379999
0.034754 -0.477881 -0.138411 -0.073667 0.379999
0.072057 -0.442493 -0.166399 -0.134284 0.500842
0.072057 -0.442493 -0.166399 -0.134284 0.500842
0.072057 -0.442493 -0.166399 -0.134284 0.500842
0.065453 -0.420203 -0.142017 -0.037292 0.481812
0.077832 -0.383677 -0.110243 -0.149659 0.30771
0.156245 -0.231203 -0.074142 -0.205919 0.229611
0.156245 -0.231203 -0.074142 -0.205919 0.229611
0.089828 -0.277101 -0.107318 -0.152026 0.284048
0.089828 -0.277101 -0.107318 -0.152026 0.284048
0.089828 -0.277101 -0.107318 -0.152026 0.284048
0.089828 -0.277101 -0.107318 -0.152026 0.284048
0.089828 -0.277101 -0.107318 -0.152026 0.284048
0.089828 -0.277101 -0.107318 -0.152026 0.284048
0.10458 -0.314132 -0.111797 -0.318462 0.167712
0.10458 -0.314132 -0.111797 -0.318462 0.167712
0.10458 -0.314132 -0.111797 -0.318462 0.167712
0.10458 -0.314132 -0.111797 -0.318462 0.167712
0.10458 -0.314132 -0.111797 -0.318462 0.167712
0.10458 -0.314132 -0.111797 -0.318462 0.167712
0.10458 -0.314132 -0.111797 -0.318462 0.167712
0.10458 -0.314132 -0.111797 -0.318462 0.167712
0.10458 -0.314132 -0.111797 -0.318462 0.167712
0.10458 -0.314132 -0.111797 -0.318462 0.167712
0.10458 -0.314132 -0.111797 -0.318462 0.167712
0.10458 -0.314132 -0.111797 -0.318462 0.167712
0.10458 -0.314132 -0.111797 -0.318462 0.167712
0.112766 -0.307055 -0.146499 -0.473094 0.066696
0.112766 -0.307055 -0.146499 -0.473094 0.066696
0.112766 -0.307055 -0.146499 -0.473094 0.066696
0.112766 -0.307055 -0.146499 -0.473094 0.066696
0.112766 -0.307055 -0.146499 -0.473094 0.066696
0.112766 -0.307055 -0.146499 -0.473094 0.066696
0.112766 -0.307055 -0.146499 -0.473094 0.066696
0.112766 -0.307055 -0.146499 -0.473094 0.066696
0.112766 -0.307055 -0.146499 -0.473094 0.066696
0.196644 -0.138239 -0.082728 -0.669274 -0.184319
0.069728 -0.389347 -0.154479 -0.423787 0.131736
0.069728 -0.389347 -0.154479 -0.423787 0.131736
0.015649 -0.504248 -0.17151 -0.178639 0.343155
0.015649 -0.504248 -0.17151 -0.178639 0.343155
0.147933 -0.274766 -0.077265 -0.328952 0.155418
0.147933 -0.274766 -0.077265 -0.328952 0.155418
0.114164 -0.3846 -0.116053 -0.306891 0.20984
0.114164 -0.3846 -0.116053 -0.306891 0.20984
0.039988 -0.484417 -0.168429 -0.006271 0.54551
0.039988 -0.484417 -0.168429 -0.006271 0.54551
0.039988 -0.484417 -0.168429 -0.006271 0.54551
0.039988 -0.484417 -0.168429 -0.006271 0.54551
0.039988 -0.484417 -0.168429 -0.006271 0.54551
0.039988 -0.484417 -0.168429 -0.006271 0.54551
0.039988 -0.484417 -0.168429 -0.006271 0.54551
0.039988 -0.484417 -0.168429 -0.006271 0.54551
0.039988 -0.484417 -0.168429 -0.006271 0.54551
0.039988 -0.484417 -0.168429 -0.006271 0.54551
0.039988 -0.484417 -0.168429 -0.006271 0.54551
0.039988 -0.484417 -0.168429 -0.006271 0.54551
0.039988 -0.484417 -0.168429 -0.006271 0.54551
0.039988 -0.484417 -0.168429 -0.006271 0.54551
0.024949 -0.483932 -0.144966 0.098147 0.552974
0.031525 -0.491412 -0.141546 0.01091 0.462168
0.031525 -0.491412 -0.141546 0.01091 0.462168
0.031525 -0.491412 -0.141546 0.01091 0.462168
0.031525 -0.491412 -0.141546 0.01091 0.462168
0.031525 -0.491412 -0.141546 0.01091 0.462168
0.031525 -0.491412 -0.141546 0.01091 0.462168
0.031525 -0.491412 -0.141546 0.01091 0.462168
0.031525 -0.491412 -0.141546 0.01091 0.462168
0.04167 -0.499027 -0.154224 0.008424 0.48858
0.04167 -0.499027 -0.154224 0.008424 0.48858
0.104665 -0.409701 -0.070626 0.231715 0.517936
0.104665 -0.409701 -0.070626 0.231715 0.517936
0.104665 -0.409701 -0.070626 0.231715 0.517936
0.05803 -0.470902 -0.146466 -0.24864 0.256446
0.05803 -0.470902 -0.146466 -0.24864 0.256446
0.05803 -0.470902 -0.146466 -0.24864 0.256446
0.05803 -0.470902 -0.146466 -0.24864 0.256446
0.05803 -0.470902 -0.146466 -0.24864 0.256446
0.05803 -0.470902 -0.146466 -0.24864 0.256446
0.05803 -0.470902 -0.146466 -0.24864 0.256446
0.05803 -0.470902 -0.146466 -0.24864 0.256446
0.05803 -0.470902 -0.146466 -0.24864 0.256446
0.05803 -0.470902 -0.146466 -0.24864 0.256446
0.05803 -0.470902 -0.146466 -0.24864 0.256446
0.05803 -0.470902 -0.146466 -0.24864 0.256446
0.05803 -0.470902 -0.146466 -0.24864 0.256446
0.05803 -0.470902 -0.146466 -0.24864 0.256446
0.05803 -0.470902 -0.146466 -0.24864 0.256446
0.05803 -0.470902 -0.146466 -0.24864 0.256446
0.05803 -0.470902 -0.146466 -0.24864 0.256446
0.05803 -0.470902 -0.146466 -0.24864 0.256446
0.05803 -0.470902 -0.146466 -0.24864 0.256446
0.097541 -0.446125 -0.114135 -0.022063 0.364324
0.097541 -0.446125 -0.114135 -0.022063 0.364324
0.096507 -0.393263 -0.106769 0.03565 0.362269
0.131025 -0.363907 -0.06884 -0.179427 0.09398
0.131025 -0.363907 -0.06884 -0.179427 0.09398
0.131025 -0.363907 -0.06884 -0.179427 0.09398
0.131025 -0.363907 -0.06884 -0.179427 0.09398
0.131025 -0.363907 -0.06884 -0.179427 0.09398
0.131025 -0.363907 -0.06884 -0.179427 0.09398
0.131025 -0.363907 -0.06884 -0.179427 0.09398
0.131025 -0.363907 -0.06884 -0.179427 0.09398
0.131025 -0.363907 -0.06884 -0.179427 0.09398
0.131025 -0.363907 -0.06884 -0.179427 0.09398
0.131025 -0.363907 -0.06884 -0.179427 0.09398
0.131025 -0.363907 -0.06884 -0.179427 0.09398
0.131025 -0.363907 -0.06884 -0.179427 0.09398
0.131025 -0.363907 -0.06884 -0.179427 0.09398
0.131025 -0.363907 -0.06884 -0.179427 0.09398
0.131025 -0.363907 -0.06884 -0.179427 0.09398
0.131025 -0.363907 -0.06884 -0.179427 0.09398
0.131025 -0.363907 -0.06884 -0.179427 0.09398
0.131025 -0.363907 -0.06884 -0.179427 0.09398
0.131025 -0.363907 -0.06884 -0.179427 0.09398
0.131025 -0.363907 -0.06884 -0.179427 0.09398
0.131025 -0.363907 -0.06884 -0.179427 0.09398
0.098907 -0.392351 -0.055818 0.071005 0.201055
0.098907 -0.392351 -0.055818 0.071005 0.201055
0.137977 -0.294726 -0.038144 -0.121312 0.047406
0.137977 -0.294726 -0.038144 -0.121312 0.047406
0.137977 -0.294726 -0.038144 -0.121312 0.047406
0.137977 -0.294726 -0.038144 -0.121312 0.047406
0.137977 -0.294726 -0.038144 -0.121312 0.047406
0.137977 -0.294726 -0.038144 -0.121312 0.047406
0.137977 -0.294726 -0.038144 -0.121312 0.047406
0.137977 -0.294726 -0.038144 -0.121312 0.047406
0.137977 -0.294726 -0.038144 -0.121312 0.047406
0.133572 -0.249166 -0.065588 -0.225635 -0.000183
0.088304 -0.358871 -0.105853 -0.107305 0.214986
0.088304 -0.358871 -0.105853 -0.107305 0.214986
0.088304 -0.358871 -0.105853 -0.107305 0.214986
0.088304 -0.358871 -0.105853 -0.107305 0.214986
0.088304 -0.358871 -0.105853 -0.107305 0.214986
0.144939 -0.282964 -0.079746 -0.261941 0.101642
0.144939 -0.282964 -0.079746 -0.261941 0.101642
0.144939 -0.282964 -0.079746 -0.261941 0.101642
0.144939 -0.282964 -0.079746 -0.261941 0.101642
0.144939 -0.282964 -0.079746 -0.261941 0.101642
0.144939 -0.282964 -0.079746 -0.261941 0.101642
0.144939 -0.282964 -0.079746 -0.261941 0.101642
0.191441 -0.287531 -0.041201 -0.01569 0.284184
0.191441 -0.287531 -0.041201 -0.01569 0.284184
0.135109 -0.379997 -0.046168 0.107193 0.376218
0.135109 -0.379997 -0.046168 0.107193 0.376218
0.135109 -0.379997 -0.046168 0.107193 0.376218
0.181184 -0.326389 -0.030358 -0.049706 0.17535
0.17626 -0.365133 -0.08639 -0.148142 0.208072
0.17626 -0.365133 -0.08639 -0.148142 0.208072
0.17626 -0.365133 -0.08639 -0.148142 0.208072
0.17626 -0.365133 -0.08639 -0.148142 0.208072
0.17626 -0.365133 -0.08639 -0.148142 0.208072
0.17626 -0.365133 -0.08639 -0.148142 0.208072
0.17626 -0.365133 -0.08639 -0.148142 0.208072
0.17626 -0.365133 -0.08639 -0.148142 0.208072
0.17626 -0.365133 -0.08639 -0.148142 0.208072
0.17626 -0.365133 -0.08639 -0.148142 0.208072
0.17626 -0.365133 -0.08639 -0.148142 0.208072
0.17626 -0.365133 -0.08639 -0.148142 0.208072
0.17626 -0.365133 -0.08639 -0.148142 0.208072
0.149085 -0.321595 -0.071933 0.035653 0.325802
0.149085 -0.321595 -0.071933 0.035653 0.325802
0.149085 -0.321595 -0.071933 0.035653 0.325802
0.149085 -0.321595 -0.071933 0.035653 0.325802
0.149085 -0.321595 -0.071933 0.035653 0.325802
0.149085 -0.321595 -0.071933 0.035653 0.325802
0.149085 -0.321595 -0.071933 0.035653 0.325802
0.149085 -0.321595 -0.071933 0.035653 0.325802
0.149085 -0.321595 -0.071933 0.035653 0.325802
0.149085 -0.321595 -0.071933 0.035653 0.325802
0.149085 -0.321595 -0.071933 0.035653 0.325802
0.138943 -0.32661 -0.068717 -0.063118 0.198599
0.089405 -0.419503 -0.086637 0.16861 0.420018
0.089405 -0.419503 -0.086637 0.16861 0.420018
0.089405 -0.419503 -0.086637 0.16861 0.420018
0.089405 -0.419503 -0.086637 0.16861 0.420018
0.089405 -0.419503 -0.086637 0.16861 0.420018
0.089405 -0.419503 -0.086637 0.16861 0.420018
0.089405 -0.419503 -0.086637 0.16861 0.420018
0.089405 -0.419503 -0.086637 0.16861 0.420018
0.089405 -0.419503 -0.086637 0.16861 0.420018
0.089405 -0.419503 -0.086637 0.16861 0.420018
0.089405 -0.419503 -0.086637 0.16861 0.420018
0.089405 -0.419503 -0.086637 0.16861 0.420018
0.089405 -0.419503 -0.086637 0.16861 0.420018
0.089405 -0.419503 -0.086637 0.16861 0.420018
0.089405 -0.419503 -0.086637 0.16861 0.420018
0.089405 -0.419503 -0.086637 0.16861 0.420018
0.089405 -0.419503 -0.086637 0.16861 0.420018
0.089405 -0.419503 -0.086637 0.16861 0.420018
0.089405 -0.419503 -0.086637 0.16861 0.420018
0.089405 -0.419503 -0.086637 0.16861 0.420018
0.118049 -0.358644 -0.066452 0.120427 0.338545
0.118049 -0.358644 -0.066452 0.120427 0.338545
0.092252 -0.453611 -0.088488 0.165356 0.461746
0.092252 -0.453611 -0.088488 0.165356 0.461746
0.092252 -0.453611 -0.088488 0.165356 0.461746
0.092252 -0.453611 -0.088488 0.165356 0.461746
0.092252 -0.453611 -0.088488 0.165356 0.461746
0.092252 -0.453611 -0.088488 0.165356 0.461746
0.092252 -0.453611 -0.088488 0.165356 0.461746
0.092252 -0.453611 -0.088488 0.165356 0.461746
0.092252 -0.453611 -0.088488 0.165356 0.461746
0.092252 -0.453611 -0.088488 0.165356 0.461746
0.092252 -0.453611 -0.088488 0.165356 0.461746
0.092252 -0.453611 -0.088488 0.165356 0.461746
0.092252 -0.453611 -0.088488 0.165356 0.461746
0.092252 -0.453611 -0.088488 0.165356 0.461746
0.092252 -0.453611 -0.088488 0.165356 0.461746
0.092252 -0.453611 -0.088488 0.165356 0.461746
0.092252 -0.453611 -0.088488 0.165356 0.461746
0.092252 -0.453611 -0.088488 0.165356 0.461746
0.092252 -0.453611 -0.088488 0.165356 0.461746
0.141398 -0.392337 -0.057484 0.088682 0.328158
0.141398 -0.392337 -0.057484 0.088682 0.328158
0.147995 -0.369487 -0.036218 -0.072014 0.116751
0.142562 -0.373524 -0.045636 0.090276 0.30203
0.142562 -0.373524 -0.045636 0.090276 0.30203
0.142562 -0.373524 -0.045636 0.090276 0.30203
0.142562 -0.373524 -0.045636 0.090276 0.30203
0.142562 -0.373524 -0.045636 0.090276 0.30203
0.142562 -0.373524 -0.045636 0.090276 0.30203
0.142562 -0.373524 -0.045636 0.090276 0.30203
0.142562 -0.373524 -0.045636 0.090276 0.30203
0.142562 -0.373524 -0.045636 0.090276 0.30203
0.142562 -0.373524 -0.045636 0.090276 0.30203
0.142562 -0.373524 -0.045636 0.090276 0.30203
0.142562 -0.373524 -0.045636 0.090276 0.30203
0.207685 -0.299106 -0.027781 -0.07877 0.210936
0.207685 -0.299106 -0.027781 -0.07877 0.210936
0.207685 -0.299106 -0.027781 -0.07877 0.210936
0.149238 -0.339397 -0.067908 -0.074264 0.304389
0.149238 -0.339397 -0.067908 -0.074264 0.304389
0.149238 -0.339397 -0.067908 -0.074264 0.304389
0.129005 -0.464028 -0.092665 -0.024048 0.332864
0.129005 -0.464028 -0.092665 -0.024048 0.332864
0.129005 -0.464028 -0.092665 -0.024048 0.332864
0.129005 -0.464028 -0.092665 -0.024048 0.332864
0.065882 -0.543751 -0.157315 -0.185904 0.33219
0.065882 -0.543751 -0.157315 -0.185904 0.33219
0.065882 -0.543751 -0.157315 -0.185904 0.33219
0.065882 -0.543751 -0.157315 -0.185904 0.33219
0.065882 -0.543751 -0.157315 -0.185904 0.33219
0.065882 -0.543751 -0.157315 -0.185904 0.33219
0.065882 -0.543751 -0.157315 -0.185904 0.33219
0.065882 -0.543751 -0.157315 -0.185904 0.33219
0.065882 -0.543751 -0.157315 -0.185904 0.33219
0.065882 -0.543751 -0.157315 -0.185904 0.33219
0.066933 -0.532982 -0.136098 -0.073885 0.411603
0.066933 -0.532982 -0.136098 -0.073885 0.411603
0.066933 -0.532982 -0.136098 -0.073885 0.411603
0.077178 -0.460645 -0.140519 -0.186087 0.259057
0.014549 -0.588803 -0.162506 -0.032544 0.449789
0.014549 -0.588803 -0.162506 -0.032544 0.449789
0.014549 -0.588803 -0.162506 -0.032544 0.449789
-0.050358 -0.632086 -0.203019 0.051995 0.641617
-0.050358 -0.632086 -0.203019 0.051995 0.641617
-0.050358 -0.632086 -0.203019 0.051995 0.641617
-0.050358 -0.632086 -0.203019 0.051995 0.641617
-0.050358 -0.632086 -0.203019 0.051995 0.641617
-0.050358 -0.632086 -0.203019 0.051995 0.641617
-0.050358 -0.632086 -0.203019 0.051995 0.641617
-0.050358 -0.632086 -0.203019 0.051995 0.641617
-0.050358 -0.632086 -0.203019 0.051995 0.641617
-0.050358 -0.632086 -0.203019 0.051995 0.641617
-0.050358 -0.632086 -0.203019 0.051995 0.641617
-0.059325 -0.659043 -0.187292 0.065165 0.56606
-0.059325 -0.659043 -0.187292 0.065165 0.56606
-0.071143 -0.637549 -0.228089 -0.141257 0.489853
-0.071143 -0.637549 -0.228089 -0.141257 0.489853
-0.071143 -0.637549 -0.228089 -0.141257 0.489853
-0.034512 -0.577676 -0.25782 -0.420315 0.384581
-0.034512 -0.577676 -0.25782 -0.420315 0.384581
-0.034512 -0.577676 -0.25782 -0.420315 0.384581
0.0229 -0.485432 -0.197867 -0.271443 0.386615
0.0229 -0.485432 -0.197867 -0.271443 0.386615
0.0229 -0.485432 -0.197867 -0.271443 0.386615
0.0229 -0.485432 -0.197867 -0.271443 0.386615
0.0229 -0.485432 -0.197867 -0.271443 0.386615
0.0229 -0.485432 -0.197867 -0.271443 0.386615
0.0229 -0.485432 -0.197867 -0.271443 0.386615
0.0229 -0.485432 -0.197867 -0.271443 0.386615
0.0229 -0.485432 -0.197867 -0.271443 0.386615
0.0229 -0.485432 -0.197867 -0.271443 0.386615
0.0229 -0.485432 -0.197867 -0.271443 0.386615
0.0229 -0.485432 -0.197867 -0.271443 0.386615
0.0229 -0.485432 -0.197867 -0.271443 0.386615
0.0229 -0.485432 -0.197867 -0.271443 0.386615
0.0229 -0.485432 -0.197867 -0.271443 0.386615
0.055813 -0.45764 -0.165696 -0.239015 0.373062
0.114364 -0.346614 -0.119418 -0.371779 0.192492
0.114364 -0.346614 -0.119418 -0.371779 0.192492
0.114364 -0.346614 -0.119418 -0.371779 0.192492
0.086425 -0.463885 -0.130115 -0.150712 0.321546
0.086425 -0.463885 -0.130115 -0.150712 0.321546
0.135112 -0.392271 -0.058936 0.085823 0.295594
0.070478 -0.425244 -0.124997 -0.125734 0.288482
0.070478 -0.425244 -0.124997 -0.125734 0.288482
0.070478 -0.425244 -0.124997 -0.125734 0.288482
0.070478 -0.425244 -0.124997 -0.125734 0.288482
0.110116 -0.387888 -0.0871 0.071371 0.373097
0.110116 -0.387888 -0.0871 0.071371 0.373097
0.110116 -0.387888 -0.0871 0.071371 0.373097
0.110116 -0.387888 -0.0871 0.071371 0.373097
0.110116 -0.387888 -0.0871 0.071371 0.373097
0.110116 -0.387888 -0.0871 0.071371 0.373097
0.110116 -0.387888 -0.0871 0.071371 0.373097
0.110116 -0.387888 -0.0871 0.071371 0.373097
0.110116 -0.387888 -0.0871 0.071371 0.373097
0.110116 -0.387888 -0.0871 0.071371 0.373097
0.110116 -0.387888 -0.0871 0.071371 0.373097
0.110116 -0.387888 -0.0871 0.071371 0.373097
0.110116 -0.387888 -0.0871 0.071371 0.373097
0.110116 -0.387888 -0.0871 0.071371 0.373097
0.110116 -0.387888 -0.0871 0.071371 0.373097
0.110116 -0.387888 -0.0871 0.071371 0.373097
0.029306 -0.453338 -0.150673 0.055506 0.449303
0.029306 -0.453338 -0.150673 0.055506 0.449303
0.039834 -0.46708 -0.152669 0.015672 0.431763
0.039834 -0.46708 -0.152669 0.015672 0.431763
0.08465 -0.353197 -0.12555 -0.245425 0.158693
0.08465 -0.353197 -0.12555 -0.245425 0.158693
0.08465 -0.353197 -0.12555 -0.245425 0.158693
0.08465 -0.353197 -0.12555 -0.245425 0.158693
0.08465 -0.353197 -0.12555 -0.245425 0.158693
0.08465 -0.353197 -0.12555 -0.245425 0.158693
0.08465 -0.353197 -0.12555 -0.245425 0.158693
0.08465 -0.353197 -0.12555 -0.245425 0.158693
0.08465 -0.353197 -0.12555 -0.245425 0.158693
0.08465 -0.353197 -0.12555 -0.245425 0.158693
0.08465 -0.353197 -0.12555 -0.245425 0.158693
0.08465 -0.353197 -0.12555 -0.245425 0.158693
0.08465 -0.353197 -0.12555 -0.245425 0.158693
0.08465 -0.353197 -0.12555 -0.245425 0.158693
0.094422 -0.336075 -0.134056 -0.176435 0.278448
0.094422 -0.336075 -0.134056 -0.176435 0.278448
0.094422 -0.336075 -0.134056 -0.176435 0.278448
0.094422 -0.336075 -0.134056 -0.176435 0.278448
0.094422 -0.336075 -0.134056 -0.176435 0.278448
0.094422 -0.336075 -0.134056 -0.176435 0.278448
0.094422 -0.336075 -0.134056 -0.176435 0.278448
0.094422 -0.336075 -0.134056 -0.176435 0.278448
0.094422 -0.336075 -0.134056 -0.176435 0.278448
0.094422 -0.336075 -0.134056 -0.176435 0.278448
0.094422 -0.336075 -0.134056 -0.176435 0.278448
0.094422 -0.336075 -0.134056 -0.176435 0.278448
0.094422 -0.336075 -0.134056 -0.176435 0.278448
0.090482 -0.361756 -0.156007 -0.224157 0.340708
0.103558 -0.323011 -0.096055 -0.125754 0.235387
0.103558 -0.323011 -0.096055 -0.125754 0.235387
0.103558 -0.323011 -0.096055 -0.125754 0.235387
0.099781 -0.33563 -0.149822 -0.481245 0.102931
0.099781 -0.33563 -0.149822 -0.481245 0.102931
0.099781 -0.33563 -0.149822 -0.481245 0.102931
0.099781 -0.33563 -0.149822 -0.481245 0.102931
0.099781 -0.33563 -0.149822 -0.481245 0.102931
0.099781 -0.33563 -0.149822 -0.481245 0.102931
0.034522 -0.456264 -0.209399 -0.563834 0.074743
0.034522 -0.456264 -0.209399 -0.563834 0.074743
0.034522 -0.456264 -0.209399 -0.563834 0.074743
0.034522 -0.456264 -0.209399 -0.563834 0.074743
0.034522 -0.456264 -0.209399 -0.563834 0.074743
0.127285 -0.315088 -0.088931 -0.339 0.020094
0.127285 -0.315088 -0.088931 -0.339 0.020094
0.127285 -0.315088 -0.088931 -0.339 0.020094
0.127285 -0.315088 -0.088931 -0.339 0.020094
0.127285 -0.315088 -0.088931 -0.339 0.020094
0.127285 -0.315088 -0.088931 -0.339 0.020094
0.127285 -0.315088 -0.088931 -0.339 0.020094
0.127285 -0.315088 -0.088931 -0.339 0.020094
0.127285 -0.315088 -0.088931 -0.339 0.020094
0.127285 -0.315088 -0.088931 -0.339 0.020094
0.127285 -0.315088 -0.088931 -0.339 0.020094
0.127285 -0.315088 -0.088931 -0.339 0.020094
0.127285 -0.315088 -0.088931 -0.339 0.020094
0.127285 -0.315088 -0.088931 -0.339 0.020094
0.127285 -0.315088 -0.088931 -0.339 0.020094
0.127285 -0.315088 -0.088931 -0.339 0.020094
0.127285 -0.315088 -0.088931 -0.339 0.020094
0.127285 -0.315088 -0.088931 -0.339 0.020094
0.127285 -0.315088 -0.088931 -0.339 0.020094
0.128829 -0.294624 -0.097377 -0.418086 0.002005
0.088302 -0.349972 -0.102909 -0.058034 0.316655
0.088302 -0.349972 -0.102909 -0.058034 0.316655
0.088302 -0.349972 -0.102909 -0.058034 0.316655
0.088302 -0.349972 -0.102909 -0.058034 0.316655
0.075777 -0.45105 -0.150807 -0.080345 0.445832
0.098668 -0.456504 -0.107387 0.035946 0.407739
0.098668 -0.456504 -0.107387 0.035946 0.407739
0.098668 -0.456504 -0.107387 0.035946 0.407739
0.098668 -0.456504 -0.107387 0.035946 0.407739
0.099704 -0.399553 -0.093222 -0.09737 0.235777
0.12271 -0.398571 -0.109996 -0.173861 0.206036
0.12954 -0.322022 -0.093758 -0.127325 0.212562
0.12954 -0.322022 -0.093758 -0.127325 0.212562
0.12954 -0.322022 -0.093758 -0.127325 0.212562
0.12954 -0.322022 -0.093758 -0.127325 0.212562
0.12954 -0.322022 -0.093758 -0.127325 0.212562
0.12954 -0.322022 -0.093758 -0.127325 0.212562
0.132385 -0.320647 -0.104946 -0.088463 0.295516
0.096771 -0.347531 -0.112037 -0.08821 0.297292
0.124387 -0.414997 -0.122606 -0.081255 0.322962
0.124387 -0.414997 -0.122606 -0.081255 0.322962
0.124387 -0.414997 -0.122606 -0.081255 0.322962
0.124387 -0.414997 -0.122606 -0.081255 0.322962
0.100354 -0.381077 -0.114891 -0.040094 0.33622
0.100354 -0.381077 -0.114891 -0.040094 0.33622
0.100354 -0.381077 -0.114891 -0.040094 0.33622
0.100354 -0.381077 -0.114891 -0.040094 0.33622
0.100354 -0.381077 -0.114891 -0.040094 0.33622
0.100354 -0.381077 -0.114891 -0.040094 0.33622
0.100354 -0.381077 -0.114891 -0.040094 0.33622
0.100354 -0.381077 -0.114891 -0.040094 0.33622
0.117274 -0.355664 -0.142658 -0.324791 0.236978
0.117274 -0.355664 -0.142658 -0.324791 0.236978
0.117274 -0.355664 -0.142658 -0.324791 0.236978
0.117274 -0.355664 -0.142658 -0.324791 0.236978
0.147673 -0.304277 -0.099179 -0.364863 0.104209
0.147673 -0.304277 -0.099179 -0.364863 0.104209
0.147673 -0.304277 -0.099179 -0.364863 0.104209
0.167563 -0.288462 -0.104353 -0.390826 0.133997
0.167563 -0.288462 -0.104353 -0.390826 0.133997
0.167563 -0.288462 -0.104353 -0.390826 0.133997
0.167563 -0.288462 -0.104353 -0.390826 0.133997
0.167563 -0.288462 -0.104353 -0.390826 0.133997
0.167563 -0.288462 -0.104353 -0.390826 0.133997
0.167563 -0.288462 -0.104353 -0.390826 0.133997
0.167563 -0.288462 -0.104353 -0.390826 0.133997
0.167563 -0.288462 -0.104353 -0.390826 0.133997
0.167563 -0.288462 -0.104353 -0.390826 0.133997
0.167563 -0.288462 -0.104353 -0.390826 0.133997
0.167563 -0.288462 -0.104353 -0.390826 0.133997
0.167563 -0.288462 -0.104353 -0.390826 0.133997
0.167563 -0.288462 -0.104353 -0.390826 0.133997
0.167563 -0.288462 -0.104353 -0.390826 0.133997
0.167563 -0.288462 -0.104353 -0.390826 0.133997
0.167563 -0.288462 -0.104353 -0.390826 0.133997
0.167563 -0.288462 -0.104353 -0.390826 0.133997
0.103704 -0.387218 -0.13626 -0.396574 0.125811
0.103704 -0.387218 -0.13626 -0.396574 0.125811
0.103704 -0.387218 -0.13626 -0.396574 0.125811
0.103704 -0.387218 -0.13626 -0.396574 0.125811
0.103704 -0.387218 -0.13626 -0.396574 0.125811
0.103704 -0.387218 -0.13626 -0.396574 0.125811
0.103704 -0.387218 -0.13626 -0.396574 0.125811
0.103704 -0.387218 -0.13626 -0.396574 0.125811
0.103704 -0.387218 -0.13626 -0.396574 0.125811
0.103704 -0.387218 -0.13626 -0.396574 0.125811
0.103704 -0.387218 -0.13626 -0.396574 0.125811
0.103704 -0.387218 -0.13626 -0.396574 0.125811
0.103704 -0.387218 -0.13626 -0.396574 0.125811
0.080665 -0.384008 -0.132594 -0.372243 0.118758
0.080665 -0.384008 -0.132594 -0.372243 0.118758
0.080665 -0.384008 -0.132594 -0.372243 0.118758
0.080665 -0.384008 -0.132594 -0.372243 0.118758
0.080665 -0.384008 -0.132594 -0.372243 0.118758
0.080665 -0.384008 -0.132594 -0.372243 0.118758
0.080665 -0.384008 -0.132594 -0.372243 0.118758
0.080665 -0.384008 -0.132594 -0.372243 0.118758
0.080665 -0.384008 -0.132594 -0.372243 0.118758
0.061408 -0.451474 -0.178244 -0.327803 0.275273
0.138536 -0.297127 -0.098509 -0.248275 0.226278
0.138536 -0.297127 -0.098509 -0.248275 0.226278
0.138536 -0.297127 -0.098509 -0.248275 0.226278
0.138536 -0.297127 -0.098509 -0.248275 0.226278
0.138536 -0.297127 -0.098509 -0.248275 0.226278
0.138536 -0.297127 -0.098509 -0.248275 0.226278
0.138536 -0.297127 -0.098509 -0.248275 0.226278
0.12546 -0.332339 -0.117833 -0.403445 0.082021
0.12546 -0.332339 -0.117833 -0.403445 0.082021
0.12546 -0.332339 -0.117833 -0.403445 0.082021
0.12546 -0.332339 -0.117833 -0.403445 0.082021
0.12546 -0.332339 -0.117833 -0.403445 0.082021
0.12546 -0.332339 -0.117833 -0.403445 0.082021
0.12546 -0.332339 -0.117833 -0.403445 0.082021
0.12546 -0.332339 -0.117833 -0.403445 0.082021
0.12546 -0.332339 -0.117833 -0.403445 0.082021
0.12546 -0.332339 -0.117833 -0.403445 0.082021
0.12546 -0.332339 -0.117833 -0.403445 0.082021
0.12546 -0.332339 -0.117833 -0.403445 0.082021
0.12546 -0.332339 -0.117833 -0.403445 0.082021
0.12546 -0.332339 -0.117833 -0.403445 0.082021
0.12546 -0.332339 -0.117833 -0.403445 0.082021
0.12546 -0.332339 -0.117833 -0.403445 0.082021
0.12546 -0.332339 -0.117833 -0.403445 0.082021
0.12546 -0.332339 -0.117833 -0.403445 0.082021
0.12546 -0.332339 -0.117833 -0.403445 0.082021
0.12546 -0.332339 -0.117833 -0.403445 0.082021
0.12546 -0.332339 -0.117833 -0.403445 0.082021
0.12546 -0.332339 -0.117833 -0.403445 0.082021
0.12546 -0.332339 -0.117833 -0.403445 0.082021
0.12546 -0.332339 -0.117833 -0.403445 0.082021
0.12546 -0.332339 -0.117833 -0.403445 0.082021
0.12546 -0.332339 -0.117833 -0.403445 0.082021
0.12546 -0.332339 -0.117833 -0.403445 0.082021
0.12546 -0.332339 -0.117833 -0.403445 0.082021
0.12546 -0.332339 -0.117833 -0.403445 0.082021
0.12546 -0.332339 -0.117833 -0.403445 0.082021
0.12546 -0.332339 -0.117833 -0.403445 0.082021
0.12546 -0.332339 -0.117833 -0.403445 0.082021
0.12546 -0.332339 -0.117833 -0.403445 0.082021
0.12546 -0.332339 -0.117833 -0.403445 0.082021
0.12546 -0.332339 -0.117833 -0.403445 0.082021
0.12546 -0.332339 -0.117833 -0.403445 0.082021
0.12546 -0.332339 -0.117833 -0.403445 0.082021
0.12546 -0.332339 -0.117833 -0.403445 0.082021
0.12546 -0.332339 -0.117833 -0.403445 0.082021
0.12546 -0.332339 -0.117833 -0.403445 0.082021
0.12546 -0.332339 -0.117833 -0.403445 0.082021
0.122261 -0.322593 -0.098667 -0.300188 0.14025
0.122261 -0.322593 -0.098667 -0.300188 0.14025
0.122261 -0.322593 -0.098667 -0.300188 0.14025
0.122261 -0.322593 -0.098667 -0.300188 0.14025
0.122261 -0.322593 -0.098667 -0.300188 0.14025
0.122261 -0.322593 -0.098667 -0.300188 0.14025
0.122261 -0.322593 -0.098667 -0.300188 0.14025
0.122261 -0.322593 -0.098667 -0.300188 0.14025
0.122261 -0.322593 -0.098667 -0.300188 0.14025
0.122261 -0.322593 -0.098667 -0.300188 0.14025
0.122261 -0.322593 -0.098667 -0.300188 0.14025
0.099994 -0.297874 -0.09653 -0.193305 0.209454
0.099994 -0.297874 -0.09653 -0.193305 0.209454
0.099994 -0.297874 -0.09653 -0.193305 0.209454
0.072853 -0.316926 -0.135788 -0.181944 0.320086
0.072853 -0.316926 -0.135788 -0.181944 0.320086
0.104525 -0.387193 -0.157929 -0.394264 0.19137
0.104525 -0.387193 -0.157929 -0.394264 0.19137
0.104525 -0.387193 -0.157929 -0.394264 0.19137
0.104525 -0.387193 -0.157929 -0.394264 0.19137
0.104525 -0.387193 -0.157929 -0.394264 0.19137
0.104525 -0.387193 -0.157929 -0.394264 0.19137
0.104525 -0.387193 -0.157929 -0.394264 0.19137
0.104525 -0.387193 -0.157929 -0.394264 0.19137
0.104525 -0.387193 -0.157929 -0.394264 0.19137
0.104525 -0.387193 -0.157929 -0.394264 0.19137
0.104525 -0.387193 -0.157929 -0.394264 0.19137
0.104525 -0.387193 -0.157929 -0.394264 0.19137
0.104525 -0.387193 -0.157929 -0.394264 0.19137
0.104525 -0.387193 -0.157929 -0.394264 0.19137
0.104525 -0.387193 -0.157929 -0.394264 0.19137
0.153322 -0.345688 -0.101604 -0.227116 0.194465
0.064272 -0.469331 -0.171548 -0.309372 0.244721
0.064272 -0.469331 -0.171548 -0.309372 0.244721
0.154884 -0.397133 -0.050774 0.060094 0.233563
0.154884 -0.397133 -0.050774 0.060094 0.233563
0.154884 -0.397133 -0.050774 0.060094 0.233563
0.154884 -0.397133 -0.050774 0.060094 0.233563
0.154884 -0.397133 -0.050774 0.060094 0.233563
0.154884 -0.397133 -0.050774 0.060094 0.233563
0.154884 -0.397133 -0.050774 0.060094 0.233563
0.154884 -0.397133 -0.050774 0.060094 0.233563
0.163026 -0.342371 -0.065836 -0.062805 0.244771
0.163026 -0.342371 -0.065836 -0.062805 0.244771
0.163026 -0.342371 -0.065836 -0.062805 0.244771
0.163026 -0.342371 -0.065836 -0.062805 0.244771
0.178189 -0.277648 -0.048833 -0.171238 0.164853
0.178189 -0.277648 -0.048833 -0.171238 0.164853
0.178189 -0.277648 -0.048833 -0.171238 0.164853
0.178189 -0.277648 -0.048833 -0.171238 0.164853
0.178189 -0.277648 -0.048833 -0.171238 0.164853
0.178189 -0.277648 -0.048833 -0.171238 0.164853
0.167634 -0.294673 -0.089783 -0.223086 0.205658
0.167634 -0.294673 -0.089783 -0.223086 0.205658
0.167634 -0.294673 -0.089783 -0.223086 0.205658
0.167634 -0.294673 -0.089783 -0.223086 0.205658
0.167634 -0.294673 -0.089783 -0.223086 0.205658
0.167634 -0.294673 -0.089783 -0.223086 0.205658
0.167634 -0.294673 -0.089783 -0.223086 0.205658
0.193702 -0.240298 -0.027373 -0.075424 0.168125
0.193702 -0.240298 -0.027373 -0.075424 0.168125
0.193702 -0.240298 -0.027373 -0.075424 0.168125
0.193702 -0.240298 -0.027373 -0.075424 0.168125
0.193702 -0.240298 -0.027373 -0.075424 0.168125
0.193702 -0.240298 -0.027373 -0.075424 0.168125
0.193702 -0.240298 -0.027373 -0.075424 0.168125
0.193702 -0.240298 -0.027373 -0.075424 0.168125
0.213832 -0.193904 0.020049 0.209676 0.326431
0.213832 -0.193904 0.020049 0.209676 0.326431
0.213832 -0.193904 0.020049 0.209676 0.326431
0.132694 -0.335538 -0.073102 0.062099 0.435541
0.112659 -0.382987 -0.087883 0.075297 0.477495
0.112659 -0.382987 -0.087883 0.075297 0.477495
0.112659 -0.382987 -0.087883 0.075297 0.477495
0.112232 -0.412774 -0.105067 0.107948 0.488778
0.112232 -0.412774 -0.105067 0.107948 0.488778
0.112232 -0.412774 -0.105067 0.107948 0.488778
0.112232 -0.412774 -0.105067 0.107948 0.488778
0.112232 -0.412774 -0.105067 0.107948 0.488778
0.112232 -0.412774 -0.105067 0.107948 0.488778
0.068571 -0.496904 -0.140517 -0.093919 0.368381
0.068571 -0.496904 -0.140517 -0.093919 0.368381
-0.013059 -0.529339 -0.153826 -0.00168 0.429606
-0.013059 -0.529339 -0.153826 -0.00168 0.429606
0.070921 -0.433974 -0.101869 -0.011849 0.29105
0.070921 -0.433974 -0.101869 -0.011849 0.29105
0.070921 -0.433974 -0.101869 -0.011849 0.29105
0.070921 -0.433974 -0.101869 -0.011849 0.29105
0.070921 -0.433974 -0.101869 -0.011849 0.29105
0.070921 -0.433974 -0.101869 -0.011849 0.29105
0.070921 -0.433974 -0.101869 -0.011849 0.29105
0.070921 -0.433974 -0.101869 -0.011849 0.29105
0.070921 -0.433974 -0.101869 -0.011849 0.29105
0.070921 -0.433974 -0.101869 -0.011849 0.29105
0.070921 -0.433974 -0.101869 -0.011849 0.29105
0.070921 -0.433974 -0.101869 -0.011849 0.29105
0.037915 -0.457889 -0.160303 -0.202935 0.265999
0.037915 -0.457889 -0.160303 -0.202935 0.265999
0.095751 -0.408695 -0.09752 -0.089764 0.250772
0.018978 -0.508366 -0.169671 -0.121628 0.378428
0.018978 -0.508366 -0.169671 -0.121628 0.378428
0.018978 -0.508366 -0.169671 -0.121628 0.378428
0.018978 -0.508366 -0.169671 -0.121628 0.378428
0.018978 -0.508366 -0.169671 -0.121628 0.378428
0.066793 -0.467357 -0.08956 0.188366 0.383237
0.108246 -0.40371 -0.10051 -0.120688 0.198332
0.108246 -0.40371 -0.10051 -0.120688 0.198332
0.108246 -0.40371 -0.10051 -0.120688 0.198332
0.108246 -0.40371 -0.10051 -0.120688 0.198332
0.108246 -0.40371 -0.10051 -0.120688 0.198332
0.108246 -0.40371 -0.10051 -0.120688 0.198332
0.108246 -0.40371 -0.10051 -0.120688 0.198332
0.116476 -0.399691 -0.110786 -0.030544 0.302025
0.116476 -0.399691 -0.110786 -0.030544 0.302025
0.116476 -0.399691 -0.110786 -0.030544 0.302025
0.116476 -0.399691 -0.110786 -0.030544 0.302025
0.116476 -0.399691 -0.110786 -0.030544 0.302025
0.116476 -0.399691 -0.110786 -0.030544 0.302025
0.116476 -0.399691 -0.110786 -0.030544 0.302025
0.116476 -0.399691 -0.110786 -0.030544 0.302025
0.116476 -0.399691 -0.110786 -0.030544 0.302025
0.116476 -0.399691 -0.110786 -0.030544 0.302025
0.116476 -0.399691 -0.110786 -0.030544 0.302025
0.116476 -0.399691 -0.110786 -0.030544 0.302025
0.116476 -0.399691 -0.110786 -0.030544 0.302025
0.116476 -0.399691 -0.110786 -0.030544 0.302025
0.116476 -0.399691 -0.110786 -0.030544 0.302025
0.122316 -0.353591 -0.120051 -0.246645 0.166184
0.122316 -0.353591 -0.120051 -0.246645 0.166184
0.122316 -0.353591 -0.120051 -0.246645 0.166184
0.122316 -0.353591 -0.120051 -0.246645 0.166184
0.122316 -0.353591 -0.120051 -0.246645 0.166184
0.122316 -0.353591 -0.120051 -0.246645 0.166184
0.122316 -0.353591 -0.120051 -0.246645 0.166184
0.122316 -0.353591 -0.120051 -0.246645 0.166184
0.081782 -0.428162 -0.135645 -0.202693 0.192209
0.081782 -0.428162 -0.135645 -0.202693 0.192209
0.081782 -0.428162 -0.135645 -0.202693 0.192209
0.081782 -0.428162 -0.135645 -0.202693 0.192209
0.154092 -0.251527 -0.055139 -0.031839 0.222134
0.154092 -0.251527 -0.055139 -0.031839 0.222134
0.154092 -0.251527 -0.055139 -0.031839 0.222134
0.154092 -0.251527 -0.055139 -0.031839 0.222134
0.154092 -0.251527 -0.055139 -0.031839 0.222134
0.154092 -0.251527 -0.055139 -0.031839 0.222134
0.154092 -0.251527 -0.055139 -0.031839 0.222134
0.154092 -0.251527 -0.055139 -0.031839 0.222134
0.154092 -0.251527 -0.055139 -0.031839 0.222134
0.154092 -0.251527 -0.055139 -0.031839 0.222134
0.063258 -0.404702 -0.140444 -0.107036 0.330588
0.063258 -0.404702 -0.140444 -0.107036 0.330588
0.063258 -0.404702 -0.140444 -0.107036 0.330588
0.063258 -0.404702 -0.140444 -0.107036 0.330588
0.063258 -0.404702 -0.140444 -0.107036 0.330588
0.063258 -0.404702 -0.140444 -0.107036 0.330588
0.11456 -0.403133 -0.12644 -0.182741 0.264906
0.11456 -0.403133 -0.12644 -0.182741 0.264906
0.11456 -0.403133 -0.12644 -0.182741 0.264906
0.11456 -0.403133 -0.12644 -0.182741 0.264906
