-0.085798 -0.191251 -0.319584 -0.064494 0.806273
0.11861 -0.281093 -0.05732 -0.050706 0.308831
0.11861 -0.281093 -0.05732 -0.050706 0.308831
0.11861 -0.281093 -0.05732 -0.050706 0.308831
0.11861 -0.281093 -0.05732 -0.050706 0.308831
0.11861 -0.281093 -0.05732 -0.050706 0.308831
0.11861 -0.281093 -0.05732 -0.050706 0.308831
0.207111 -0.18579 0.033223 0.116978 0.172186
0.237563 -0.14869 0.07312 0.132475 0.092283
0.196276 -0.211681 0.028003 0.037162 0.139866
0.13444 -0.209672 -0.05291 -0.151563 0.124588
0.175759 -0.124053 0.051917 0.060748 0.056835
0.203537 -0.130677 0.006049 -0.225262 -0.042042
0.203537 -0.130677 0.006049 -0.225262 -0.042042
0.203537 -0.130677 0.006049 -0.225262 -0.042042
0.288614 -0.036742 0.140888 0.023341 -0.117111
0.283798 -0.051757 0.16042 0.041897 -0.123963
0.283798 -0.051757 0.16042 0.041897 -0.123963
0.293578 -0.05609 0.207085 0.187674 -0.106022
0.312636 -0.009052 0.216594 0.203752 -0.256459
0.218956 -0.213231 0.099334 0.203608 -0.025688
0.205334 -0.197474 0.069303 0.258989 0.234911
0.215805 -0.199293 0.068538 0.189806 0.156912
0.14186 -0.241062 0.006316 -0.059029 0.021835
0.169527 -0.22506 -0.046396 -0.353699 -0.075843
0.216545 -0.210344 0.030924 -0.042885 0.105289
0.145863 -0.316447 -0.062074 -0.173338 0.11328
0.096699 -0.210747 -0.011199 -0.234844 -0.067411
0.05832 -0.327111 -0.111126 -0.415495 -0.003245
0.05832 -0.327111 -0.111126 -0.415495 -0.003245
0.05832 -0.327111 -0.111126 -0.415495 -0.003245
0.135326 -0.298356 0.007265 0.037914 0.072608
0.28491 -0.091164 0.173046 0.477558 0.181494
0.127335 -0.314661 0.009796 0.174951 0.30187
0.186991 -0.223167 0.100391 0.202743 0.100707
0.144575 -0.224505 -0.000248 -0.317962 -0.096704
0.144575 -0.224505 -0.000248 -0.317962 -0.096704
0.02448 -0.363332 -0.048666 -0.103361 -0.004641
0.117838 -0.297693 0.001666 0.006981 0.048437
0.117838 -0.297693 0.001666 0.006981 0.048437
0.159512 -0.251093 0.009546 0.254834 0.36173
0.159512 -0.251093 0.009546 0.254834 0.36173
0.159512 -0.251093 0.009546 0.254834 0.36173
0.159512 -0.251093 0.009546 0.254834 0.36173
0.159512 -0.251093 0.009546 0.254834 0.36173
0.216129 -0.11011 0.037266 -0.076435 0.082285
0.201778 -0.128091 0.033438 -0.183664 -0.031419
0.201778 -0.128091 0.033438 -0.183664 -0.031419
0.201778 -0.128091 0.033438 -0.183664 -0.031419
0.191914 -0.189195 0.030955 -0.169822 -0.061641
0.191914 -0.189195 0.030955 -0.169822 -0.061641
0.2722 -0.102891 0.025533 -0.424035 -0.152662
0.2722 -0.102891 0.025533 -0.424035 -0.152662
0.234166 -0.168121 0.045375 -0.138757 -0.090706
0.234166 -0.168121 0.045375 -0.138757 -0.090706
0.238828 -0.161457 0.081196 0.071887 -0.035346
0.170974 -0.326126 -0.003224 -0.313781 -0.176763
0.255629 -0.133313 0.12345 -0.094077 -0.286971
0.13274 -0.247519 -0.054254 -0.395721 -0.049867
0.178195 -0.279784 -0.051971 -0.25296 0.102858
0.25155 -0.145896 0.074966 -0.255717 -0.239678
0.137154 -0.269398 -0.037537 -0.073152 0.116661
0.133899 -0.215788 -0.023768 -0.211706 0.01548
0.133899 -0.215788 -0.023768 -0.211706 0.01548
0.133899 -0.215788 -0.023768 -0.211706 0.01548
0.133899 -0.215788 -0.023768 -0.211706 0.01548
0.153472 -0.164671 0.005096 -0.051818 0.136423
0.266596 -0.129998 0.074995 -0.020327 -0.092609
0.266596 -0.129998 0.074995 -0.020327 -0.092609
0.266596 -0.129998 0.074995 -0.020327 -0.092609
0.237468 -0.187823 0.0608 0.12159 0.079547
0.237837 -0.107453 0.071522 -0.00398 -0.065402
0.274216 -0.058285 0.135548 0.090336 -0.120805
0.274216 -0.058285 0.135548 0.090336 -0.120805
0.274216 -0.058285 0.135548 0.090336 -0.120805
0.228888 -0.040355 0.097316 0.079127 -0.110937
0.228888 -0.040355 0.097316 0.079127 -0.110937
0.241368 0.017166 0.090267 -0.265646 -0.283999
0.241368 0.017166 0.090267 -0.265646 -0.283999
0.301574 -0.001856 0.12192 -0.304737 -0.4213
0.189834 -0.099449 0.084008 -0.09255 -0.271824
0.189834 -0.099449 0.084008 -0.09255 -0.271824
0.206967 -0.107016 0.0624 -0.024272 -0.142546
0.262183 -0.004617 0.171698 0.233606 -0.152088
0.170191 -0.185494 0.044577 0.091185 -0.035232
0.170191 -0.185494 0.044577 0.091185 -0.035232
0.163234 -0.160505 -0.001 0.167417 0.233089
0.093462 -0.286862 -0.069016 -0.166719 0.063583
0.199461 -0.176217 0.061277 0.066431 -0.018794
0.150967 -0.178203 -0.020729 -0.21992 -0.027181
0.150967 -0.178203 -0.020729 -0.21992 -0.027181
0.114883 -0.164541 -0.029798 -0.240059 -0.059887
0.091586 -0.225581 -0.066827 -0.34134 0.025285
0.091586 -0.225581 -0.066827 -0.34134 0.025285
0.091586 -0.225581 -0.066827 -0.34134 0.025285
0.129814 -0.213357 -0.071374 -0.396872 0.039921
0.112125 -0.213845 -0.06342 -0.142128 0.360315
0.073096 -0.301779 -0.157457 -0.499008 0.273967
0.073096 -0.301779 -0.157457 -0.499008 0.273967
0.073096 -0.301779 -0.157457 -0.499008 0.273967
0.073096 -0.301779 -0.157457 -0.499008 0.273967
0.151857 -0.174808 -0.101031 -0.363061 0.195327
0.151857 -0.174808 -0.101031 -0.363061 0.195327
0.090513 -0.298236 -0.158212 -0.588443 0.054313
0.090513 -0.298236 -0.158212 -0.588443 0.054313
0.088936 -0.244982 -0.117013 -0.552902 -0.004447
0.088936 -0.244982 -0.117013 -0.552902 -0.004447
0.088936 -0.244982 -0.117013 -0.552902 -0.004447
0.088936 -0.244982 -0.117013 -0.552902 -0.004447
0.088936 -0.244982 -0.117013 -0.552902 -0.004447
0.088936 -0.244982 -0.117013 -0.552902 -0.004447
0.088936 -0.244982 -0.117013 -0.552902 -0.004447
0.088936 -0.244982 -0.117013 -0.552902 -0.004447
0.088936 -0.244982 -0.117013 -0.552902 -0.004447
0.088936 -0.244982 -0.117013 -0.552902 -0.004447
0.088936 -0.244982 -0.117013 -0.552902 -0.004447
0.088936 -0.244982 -0.117013 -0.552902 -0.004447
0.088936 -0.244982 -0.117013 -0.552902 -0.004447
0.088936 -0.244982 -0.117013 -0.552902 -0.004447
0.071567 -0.301147 -0.135119 -0.49207 0.015282
0.071567 -0.301147 -0.135119 -0.49207 0.015282
0.109945 -0.276477 -0.048386 -0.36102 -0.139103
0.063974 -0.323107 -0.153223 -0.657975 -0.061456
0.017605 -0.31147 -0.18754 -0.766036 -0.03962
0.017605 -0.31147 -0.18754 -0.766036 -0.03962
0.188284 -0.208278 -0.049623 -0.380197 -0.038319
0.188284 -0.208278 -0.049623 -0.380197 -0.038319
0.170394 -0.165941 -0.026111 -0.263306 0.042798
0.200428 -0.155201 -0.007215 -0.121769 0.105333
0.200428 -0.155201 -0.007215 -0.121769 0.105333
0.200428 -0.155201 -0.007215 -0.121769 0.105333
0.138719 -0.112887 -0.063105 -0.178883 0.213785
0.120839 -0.194372 -0.047962 -0.091121 0.214533
0.207285 -0.22339 0.001998 -0.271952 -0.022937
0.207285 -0.22339 0.001998 -0.271952 -0.022937
0.193154 -0.226195 0.021941 -0.179349 -0.013673
0.193154 -0.226195 0.021941 -0.179349 -0.013673
0.193154 -0.226195 0.021941 -0.179349 -0.013673
0.199905 -0.166103 0.070312 0.080531 0.061497
0.222701 -0.080403 0.058021 -0.32441 -0.187595
0.293849 -0.048302 0.105346 -0.269884 -0.189145
0.293849 -0.048302 0.105346 -0.269884 -0.189145
0.293849 -0.048302 0.105346 -0.269884 -0.189145
0.181716 -0.24225 0.009353 -0.458372 -0.297934
0.262435 -0.134211 0.077672 -0.311169 -0.247556
0.216995 -0.06361 0.080273 -0.266804 -0.221514
0.216995 -0.06361 0.080273 -0.266804 -0.221514
0.216995 -0.06361 0.080273 -0.266804 -0.221514
0.216995 -0.06361 0.080273 -0.266804 -0.221514
0.216995 -0.06361 0.080273 -0.266804 -0.221514
0.223227 -0.054641 0.134961 -0.055991 -0.167561
0.197351 -0.10841 0.084505 -0.175808 -0.199608
0.284211 -0.038219 0.118307 0.129205 0.065591
0.2299 -0.090034 0.04642 0.045282 0.146424
0.260003 -0.10823 0.066021 0.167982 0.150015
0.187693 -0.225809 -0.00528 0.213337 0.254605
0.29258 -0.094384 0.072712 -0.175259 -0.242766
0.29258 -0.094384 0.072712 -0.175259 -0.242766
0.316737 0.000815 0.121387 -0.108344 -0.232291
0.316737 0.000815 0.121387 -0.108344 -0.232291
0.316737 0.000815 0.121387 -0.108344 -0.232291
0.256898 -0.108325 0.029445 -0.338341 -0.199767
0.256898 -0.108325 0.029445 -0.338341 -0.199767
0.256898 -0.108325 0.029445 -0.338341 -0.199767
0.256898 -0.108325 0.029445 -0.338341 -0.199767
0.221082 -0.178851 -0.048588 -0.281747 0.078012
0.221082 -0.178851 -0.048588 -0.281747 0.078012
0.221082 -0.178851 -0.048588 -0.281747 0.078012
0.244701 -0.20384 -0.024095 -0.169714 0.095888
0.163439 -0.300391 -0.081681 -0.293489 0.088443
0.163439 -0.300391 -0.081681 -0.293489 0.088443
0.21517 -0.084579 0.065961 -0.27982 -0.311135
0.13663 -0.22063 -0.00999 -0.026633 0.123313
0.13663 -0.22063 -0.00999 -0.026633 0.123313
0.13663 -0.22063 -0.00999 -0.026633 0.123313
0.13663 -0.22063 -0.00999 -0.026633 0.123313
0.023755 -0.468133 -0.124411 -0.202393 0.174275
0.282758 -0.062542 0.113356 0.042153 -0.014172
0.171443 -0.176153 0.0066 0.001407 0.143759
0.212655 -0.068908 0.068524 0.123422 0.137184
0.167125 -0.162708 -0.019978 -0.07096 0.266493
0.067928 -0.40672 -0.078514 0.077696 0.200868
0.2534 -0.144007 0.057466 0.09816 0.12227
0.066399 -0.293179 -0.057355 -0.055059 0.122797
0.171637 -0.129181 0.025035 0.190814 0.248925
0.191341 -0.121756 0.015739 0.017772 0.145525
0.191341 -0.121756 0.015739 0.017772 0.145525
0.163519 -0.292025 -0.023792 -0.051614 0.047429
0.046861 -0.419742 -0.084154 0.035659 0.225077
0.063029 -0.320477 -0.108258 -0.189126 0.181416
0.000949 -0.340801 -0.085987 -0.197573 -0.020862
0.075739 -0.300374 -0.031708 -0.243226 -0.141743
0.075739 -0.300374 -0.031708 -0.243226 -0.141743
-0.010986 -0.413112 -0.134873 -0.230505 0.137907
-0.010986 -0.413112 -0.134873 -0.230505 0.137907
0.15342 -0.18366 0.034733 0.030342 0.067704
0.20699 -0.102676 0.08959 -0.07443 -0.093592
0.216909 -0.07263 0.099818 -0.115681 -0.190067
0.177361 -0.147488 0.00802 -0.111183 0.104384
0.22426 -0.052775 -8.3e-05 -0.292478 0.021182
0.249539 -0.155457 0.015904 -0.245014 -0.048195
0.229654 -0.178902 0.036989 -0.292968 -0.16757
0.20947 -0.225051 0.027762 -0.009382 0.003822
0.20947 -0.225051 0.027762 -0.009382 0.003822
0.20947 -0.225051 0.027762 -0.009382 0.003822
0.243008 -0.124879 0.111497 0.100825 -0.098349
0.243008 -0.124879 0.111497 0.100825 -0.098349
0.243008 -0.124879 0.111497 0.100825 -0.098349
0.274285 -0.040151 0.108513 -0.048542 -0.164294
0.274285 -0.040151 0.108513 -0.048542 -0.164294
0.274285 -0.040151 0.108513 -0.048542 -0.164294
0.274285 -0.040151 0.108513 -0.048542 -0.164294
0.189325 -0.113171 0.096156 0.121852 -0.055664
0.089829 -0.298865 -0.043292 -0.220423 -0.175724
0.089829 -0.298865 -0.043292 -0.220423 -0.175724
0.112893 -0.337218 -0.049669 -0.096686 0.01597
0.112893 -0.337218 -0.049669 -0.096686 0.01597
0.117005 -0.231843 -0.016041 -0.210344 -0.117607
0.171648 -0.157718 0.032465 0.160308 0.149532
0.157744 -0.208565 -0.017565 0.048945 0.137803
0.153907 -0.164007 -0.080636 -0.329847 0.053422
0.193976 -0.036999 0.006065 -0.217589 -0.072981
0.199022 -0.08653 -0.007006 -0.211985 -0.092525
0.193382 -0.136297 0.008309 -0.131001 -0.002399
0.092762 -0.195646 0.001733 0.031628 0.113693
0.092762 -0.195646 0.001733 0.031628 0.113693
0.102436 -0.230732 0.013249 0.191972 0.278275
0.218869 -0.068209 0.063203 -0.262559 -0.142653
0.218869 -0.068209 0.063203 -0.262559 -0.142653
0.194869 -0.130576 0.031516 -0.261842 -0.132239
0.197101 -0.135445 0.009495 -0.261487 -0.092927
0.250968 -0.086016 0.060842 -0.157254 -0.068707
0.250968 -0.086016 0.060842 -0.157254 -0.068707
0.229522 -0.081152 -0.000982 -0.251806 0.077186
0.229522 -0.081152 -0.000982 -0.251806 0.077186
0.229522 -0.081152 -0.000982 -0.251806 0.077186
0.327197 0.007186 0.17653 0.14144 -0.146292
0.327197 0.007186 0.17653 0.14144 -0.146292
0.289911 -0.002646 0.18239 0.082776 -0.218459
0.178416 -0.119513 0.084763 0.036662 -0.010737
0.16862 -0.079354 0.131818 0.109592 -0.165567
0.16862 -0.079354 0.131818 0.109592 -0.165567
0.16862 -0.079354 0.131818 0.109592 -0.165567
0.235112 -0.047521 0.156254 -0.124456 -0.439046
0.153727 -0.17711 0.05336 0.019263 -0.106514
0.231219 -0.096586 0.093726 -0.200453 -0.283824
0.133594 -0.221297 0.038325 -0.066893 -0.053474
0.141512 -0.292436 0.119862 0.429515 0.095547
0.141512 -0.292436 0.119862 0.429515 0.095547
0.141512 -0.292436 0.119862 0.429515 0.095547
0.225734 -0.158075 0.157181 0.243962 -0.097168
0.132092 -0.217176 0.050442 0.282194 0.113285
0.241907 -0.120723 0.097997 0.22821 0.052125
0.279436 -0.009959 0.123101 -0.127603 -0.292456
0.279436 -0.009959 0.123101 -0.127603 -0.292456
0.288349 -0.0099 0.124178 -0.124012 -0.327712
0.21365 -0.132636 0.028443 -0.306461 -0.2007
0.21365 -0.132636 0.028443 -0.306461 -0.2007
0.21365 -0.132636 0.028443 -0.306461 -0.2007
0.21365 -0.132636 0.028443 -0.306461 -0.2007
0.154039 -0.170869 0.021984 -0.054514 -0.040133
0.154039 -0.170869 0.021984 -0.054514 -0.040133
0.238564 -0.094478 0.063212 -0.247182 -0.234755
0.215612 -0.185626 0.051441 -0.241014 -0.194731
0.249492 -0.189715 0.094576 0.043691 -0.099392
0.225205 -0.104888 0.062042 -0.368849 -0.261609
0.225205 -0.104888 0.062042 -0.368849 -0.261609
0.225205 -0.104888 0.062042 -0.368849 -0.261609
0.245657 -0.062493 0.048389 -0.397768 -0.23757
0.245657 -0.062493 0.048389 -0.397768 -0.23757
0.193353 -0.076042 0.024447 -0.265548 -0.06396
0.189755 -0.108087 -0.018575 -0.376136 -0.062828
0.189755 -0.108087 -0.018575 -0.376136 -0.062828
0.189755 -0.108087 -0.018575 -0.376136 -0.062828
0.169994 -0.183755 -0.08023 -0.51091 0.025721
0.169994 -0.183755 -0.08023 -0.51091 0.025721
0.169994 -0.183755 -0.08023 -0.51091 0.025721
0.272301 -0.192395 0.027416 -0.068634 0.191089
0.315084 -0.055341 0.11465 -0.109951 -0.015429
0.315084 -0.055341 0.11465 -0.109951 -0.015429
0.085505 -0.251717 -0.081716 -0.661685 -0.208432
0.085505 -0.251717 -0.081716 -0.661685 -0.208432
0.085505 -0.251717 -0.081716 -0.661685 -0.208432
0.085505 -0.251717 -0.081716 -0.661685 -0.208432
0.012026 -0.293924 -0.130062 -0.346054 0.107167
0.026798 -0.3139 -0.128454 -0.683411 -0.17787
0.026798 -0.3139 -0.128454 -0.683411 -0.17787
0.026798 -0.3139 -0.128454 -0.683411 -0.17787
0.117396 -0.236304 -0.004697 -0.27606 -0.144724
0.082179 -0.253214 -0.034679 -0.115979 0.097957
0.082179 -0.253214 -0.034679 -0.115979 0.097957
0.11531 -0.288702 -0.103135 -0.376662 0.059787
0.11531 -0.288702 -0.103135 -0.376662 0.059787
0.11531 -0.288702 -0.103135 -0.376662 0.059787
0.228538 -0.148999 0.037846 -0.029238 0.057555
0.279209 -0.043591 0.136668 0.121539 -0.064447
0.279209 -0.043591 0.136668 0.121539 -0.064447
0.200045 -0.118255 0.104182 -0.031316 -0.142782
0.176422 -0.14481 0.104753 0.190581 0.017832
0.113392 -0.253861 0.021621 0.082912 0.019138
0.156295 -0.112467 0.045963 -0.023799 0.001192
0.156295 -0.112467 0.045963 -0.023799 0.001192
0.157858 -0.140109 0.030638 0.139297 0.113041
0.090252 -0.297821 0.002154 0.118366 0.073404
0.131013 -0.230999 0.003598 0.225625 0.270926
0.04171 -0.317632 -0.064097 -0.047806 0.13269
0.141848 -0.220926 0.088106 0.207695 0.021005
0.258325 -0.094636 0.112282 0.241788 0.062265
0.216003 -0.166822 0.105954 0.050691 -0.225558
0.17755 -0.267331 0.055729 -0.031641 -0.179491
0.18732 -0.340959 -0.053399 -0.250892 0.004148
0.161985 -0.212013 -0.003804 -0.318389 -0.291278
0.161985 -0.212013 -0.003804 -0.318389 -0.291278
0.161985 -0.212013 -0.003804 -0.318389 -0.291278
0.239235 -0.136807 0.09189 0.131547 0.080096
0.224331 -0.117678 0.138809 0.481451 0.261558
0.224331 -0.117678 0.138809 0.481451 0.261558
0.224331 -0.117678 0.138809 0.481451 0.261558
0.193145 -0.100854 0.089739 0.233391 0.126638
0.345678 -0.009827 0.102189 0.00822 0.096725
0.322258 0.007058 0.064245 -0.150574 0.034174
0.322258 0.007058 0.064245 -0.150574 0.034174
0.364629 -0.01534 0.117056 0.141634 0.252352
0.25136 -0.266566 0.096082 -0.016064 -0.189105
0.266353 -0.098364 0.087571 -0.299429 -0.236071
0.266353 -0.098364 0.087571 -0.299429 -0.236071
0.266353 -0.098364 0.087571 -0.299429 -0.236071
0.127488 -0.241182 -0.019138 -0.268397 -0.151061
0.127488 -0.241182 -0.019138 -0.268397 -0.151061
0.096533 -0.249207 -0.027609 -0.236339 -0.039827
0.140026 -0.1107 -0.019515 -0.223415 0.045026
0.140026 -0.1107 -0.019515 -0.223415 0.045026
0.073585 -0.243064 -0.025154 0.025585 0.061405
0.055099 -0.274512 -0.030919 0.206115 0.293833
0.055099 -0.274512 -0.030919 0.206115 0.293833
0.055099 -0.274512 -0.030919 0.206115 0.293833
0.242581 -0.087717 0.080947 0.067377 0.082229
0.242581 -0.087717 0.080947 0.067377 0.082229
0.243071 -0.070887 0.082395 -0.018348 0.025025
0.200465 -0.163224 0.029761 -0.174077 -0.084833
0.2201 -0.159401 0.046664 -0.018316 0.010209
0.174704 -0.103241 0.081313 0.069668 0.015923
0.216116 -0.107165 0.023725 -0.094697 0.163395
0.1468 -0.161845 0.074574 0.375719 0.401027
0.1468 -0.161845 0.074574 0.375719 0.401027
0.1468 -0.161845 0.074574 0.375719 0.401027
0.1468 -0.161845 0.074574 0.375719 0.401027
0.222978 0.002431 0.113385 0.239332 0.120554
0.310906 0.116409 0.186576 0.020255 -0.174741
0.133861 -0.182224 -0.044753 -0.0408 0.177276
0.133861 -0.182224 -0.044753 -0.0408 0.177276
0.217872 -0.187439 -0.01052 -0.205187 -0.060743
0.217872 -0.187439 -0.01052 -0.205187 -0.060743
0.24503 -0.144056 0.042733 -0.105789 -0.12555
0.251204 -0.097633 0.038374 -0.146781 -0.090721
0.242929 -0.154355 0.042779 -0.098282 -0.133487
0.242929 -0.154355 0.042779 -0.098282 -0.133487
0.242929 -0.154355 0.042779 -0.098282 -0.133487
0.196026 -0.208547 0.011239 -0.046875 -0.008481
0.177879 -0.163992 0.061453 -0.017379 -0.149965
0.165 -0.324568 0.012887 -0.042629 0.033115
0.165 -0.324568 0.012887 -0.042629 0.033115
0.165 -0.324568 0.012887 -0.042629 0.033115
0.181424 -0.270305 0.045238 -0.342502 -0.344732
0.259974 -0.13072 0.139535 -0.076439 -0.290723
0.259974 -0.13072 0.139535 -0.076439 -0.290723
0.232208 -0.1724 0.115033 0.17531 0.060336
0.233619 -0.095211 0.148471 0.127406 -0.054698
0.09908 -0.226775 0.024419 0.375754 0.444224
0.09908 -0.226775 0.024419 0.375754 0.444224
0.09908 -0.226775 0.024419 0.375754 0.444224
0.152984 -0.197695 0.002359 0.062991 0.271009
0.101498 -0.167724 -0.019618 0.144593 0.271057
0.242998 0.021819 0.090215 0.003432 -0.027997
0.219419 -0.090402 0.099716 0.033616 -0.161634
0.137753 -0.167922 0.018917 0.110545 0.127793
0.225438 -0.104617 0.060794 -0.035315 0.021896
0.204768 -0.132884 0.078645 0.005383 0.012816
0.186716 -0.201234 0.007791 -0.145694 0.044707
0.186716 -0.201234 0.007791 -0.145694 0.044707
0.106328 -0.332703 -0.038226 -0.05179 0.128189
0.106328 -0.332703 -0.038226 -0.05179 0.128189
0.083489 -0.308876 -0.09356 0.007008 0.339394
0.083489 -0.308876 -0.09356 0.007008 0.339394
0.083489 -0.308876 -0.09356 0.007008 0.339394
0.047639 -0.370602 -0.092613 -0.153211 0.184012
0.132126 -0.251866 -0.022948 -0.316898 -0.198139
0.145632 -0.161755 0.038793 -0.133944 -0.250883
0.120725 -0.23873 0.075221 0.243978 0.048972
0.080651 -0.273704 0.030505 0.091108 0.012917
0.003016 -0.359039 -0.081641 -0.053737 0.098023
0.14065 -0.200733 0.018366 -0.310499 -0.326342
0.14065 -0.200733 0.018366 -0.310499 -0.326342
0.14065 -0.200733 0.018366 -0.310499 -0.326342
0.14065 -0.200733 0.018366 -0.310499 -0.326342
0.143281 -0.207984 0.025868 -0.254321 -0.206002
0.075408 -0.235357 -0.063959 -0.181692 0.094015
0.049816 -0.380473 -0.042076 -0.169083 -0.012129
0.116562 -0.335218 -0.019832 0.069674 0.159002
0.264959 -0.14895 0.101334 0.152756 0.148676
0.264959 -0.14895 0.101334 0.152756 0.148676
0.264959 -0.14895 0.101334 0.152756 0.148676
0.292987 -0.117084 0.099778 -0.078042 -0.104033
0.168677 -0.294273 0.010307 -0.108768 -0.053409
0.238998 -0.082654 0.106229 -0.00558 -0.096354
0.238998 -0.082654 0.106229 -0.00558 -0.096354
0.222144 -0.063968 0.082271 -0.029434 -0.058
0.202018 -0.111048 0.044788 -0.127823 -0.113226
0.186633 -0.08822 0.006065 -0.327329 -0.156247
0.186633 -0.08822 0.006065 -0.327329 -0.156247
0.163377 -0.10186 -0.073816 -0.467219 -0.109847
0.069435 -0.177701 -0.096677 -0.33482 0.005401
0.051632 -0.232255 -0.129359 -0.514008 0.00895
0.178433 -0.204443 0.009399 -0.00092 0.085654
0.202394 -0.194028 -0.019646 -0.100983 0.131126
0.193842 -0.189273 -0.011316 -0.059393 0.065233
0.193842 -0.189273 -0.011316 -0.059393 0.065233
0.139782 -0.171997 -0.014586 -0.139424 -0.094045
0.164056 -0.220853 0.060212 0.215073 -0.01497
0.146637 -0.309289 0.010126 0.033393 0.024876
0.194739 -0.278685 -0.016098 -0.05696 0.050499
0.259511 -0.02987 0.162191 0.120064 -0.151906
0.259511 -0.02987 0.162191 0.120064 -0.151906
0.259511 -0.02987 0.162191 0.120064 -0.151906
0.18255 -0.148868 0.057888 -0.050626 -0.08388
0.24276 -0.095132 0.012975 -0.355593 -0.129412
0.26192 -0.105376 0.042104 -0.126705 0.130786
0.182916 -0.169748 0.014328 0.11553 0.230655
0.209969 -0.133008 0.064344 -0.239632 -0.152556
0.162212 -0.164321 -0.024569 -0.076869 0.133478
0.1381 -0.274818 -0.058408 -0.311284 -0.013304
0.18113 -0.23863 0.021993 0.17473 0.173009
0.18113 -0.23863 0.021993 0.17473 0.173009
0.18113 -0.23863 0.021993 0.17473 0.173009
0.18113 -0.23863 0.021993 0.17473 0.173009
0.181177 -0.213001 0.069498 0.25505 0.106014
0.22323 -0.247564 0.050755 0.158855 0.136738
0.087025 -0.20355 -0.01983 -0.305314 -0.213726
0.087025 -0.20355 -0.01983 -0.305314 -0.213726
0.103577 -0.136799 -0.023301 -0.358698 -0.100665
0.100464 -0.175422 -0.029792 -0.234891 -0.083537
0.128919 -0.326722 -0.095031 -0.117148 0.134003
0.128919 -0.326722 -0.095031 -0.117148 0.134003
0.135684 -0.311977 -0.055609 -0.004946 0.184431
0.050532 -0.38435 -0.129491 -0.129124 0.32744
0.132921 -0.196084 -0.030604 -0.111049 0.077717
0.132921 -0.196084 -0.030604 -0.111049 0.077717
0.132921 -0.196084 -0.030604 -0.111049 0.077717
0.132921 -0.196084 -0.030604 -0.111049 0.077717
0.146609 -0.213962 -0.061118 -0.105865 0.135998
0.21507 -0.121874 0.058147 0.098395 0.013744
0.161233 -0.106329 0.031511 0.081203 0.152573
0.151878 -0.223516 0.046363 0.452292 0.427326
0.151878 -0.223516 0.046363 0.452292 0.427326
0.267816 -0.071473 0.131503 0.245996 0.113518
0.267816 -0.071473 0.131503 0.245996 0.113518
0.290669 -0.091148 0.112537 0.260171 0.153427
0.233674 -0.277856 0.049895 0.220586 0.30995
0.229673 -0.123218 0.042283 0.329542 0.431113
0.220644 -0.189081 0.003494 0.121036 0.284238
0.133155 -0.212873 -0.011588 -0.0686 0.052405
0.203174 -0.108428 0.041294 -0.053184 -0.074077
0.07179 -0.322938 -0.077266 -0.010235 0.174531
0.07179 -0.322938 -0.077266 -0.010235 0.174531
0.07179 -0.322938 -0.077266 -0.010235 0.174531
0.080858 -0.329331 -0.037735 0.057309 0.139093
0.102549 -0.242022 -0.036232 -0.179403 -0.082021
0.072579 -0.264571 -0.02407 0.077488 0.151215
0.29019 -0.127501 0.1197 -0.014053 -0.121115
0.314343 -0.050864 0.151593 0.117884 0.029343
0.314343 -0.050864 0.151593 0.117884 0.029343
0.254618 -0.07924 0.109955 0.290722 0.273227
0.289049 -0.120873 0.070997 0.209873 0.193384
0.141283 -0.214298 -0.105931 -0.111962 0.309525
0.141283 -0.214298 -0.105931 -0.111962 0.309525
0.192716 -0.15872 -0.051727 -0.115022 0.11986
0.161128 -0.184284 -0.057147 -0.035749 0.184084
0.220719 -0.112493 -0.033536 -0.146904 0.232326
0.243133 -0.089115 0.045764 -0.127063 -0.139864
0.243162 -0.111374 0.058974 0.078947 0.01667
0.225045 -0.115821 0.03935 -0.469539 -0.349137
0.225045 -0.115821 0.03935 -0.469539 -0.349137
0.225045 -0.115821 0.03935 -0.469539 -0.349137
0.225045 -0.115821 0.03935 -0.469539 -0.349137
0.225045 -0.115821 0.03935 -0.469539 -0.349137
0.225045 -0.115821 0.03935 -0.469539 -0.349137
0.225045 -0.115821 0.03935 -0.469539 -0.349137
0.225045 -0.115821 0.03935 -0.469539 -0.349137
0.225045 -0.115821 0.03935 -0.469539 -0.349137
0.225045 -0.115821 0.03935 -0.469539 -0.349137
0.155279 -0.165022 -0.029134 -0.379756 -0.16231
0.155734 -0.209982 -0.044457 -0.472429 -0.109862
0.155734 -0.209982 -0.044457 -0.472429 -0.109862
0.155734 -0.209982 -0.044457 -0.472429 -0.109862
0.155734 -0.209982 -0.044457 -0.472429 -0.109862
0.155734 -0.209982 -0.044457 -0.472429 -0.109862
0.155734 -0.209982 -0.044457 -0.472429 -0.109862
0.149868 -0.215844 -0.081319 -0.24536 0.065317
0.248484 -0.086256 0.062397 -0.330235 -0.212477
0.207638 -0.183951 0.03538 -0.290134 -0.17596
0.169607 -0.177851 0.002415 -0.306797 -0.140293
0.169607 -0.177851 0.002415 -0.306797 -0.140293
0.185626 -0.215971 -0.0195 -0.221611 0.034296
0.167646 -0.282409 -0.018116 -0.246857 -0.068769
0.177362 -0.234004 0.004231 0.013473 0.032753
0.180742 -0.214611 0.018525 0.179781 0.22571
0.138422 -0.24843 -0.053349 -0.012371 0.250118
0.1462 -0.254465 -0.034596 -0.260204 0.012547
0.1462 -0.254465 -0.034596 -0.260204 0.012547
0.1462 -0.254465 -0.034596 -0.260204 0.012547
0.1462 -0.254465 -0.034596 -0.260204 0.012547
0.276783 -0.037122 0.100927 -0.142078 -0.198506
0.165885 -0.167791 -0.073357 -0.236603 0.108604
0.185783 -0.120899 -0.007772 -0.078405 0.227861
0.239402 -0.043078 0.089589 -0.109262 -0.058058
0.259307 -0.024134 0.118414 -0.008992 -0.007108
0.259307 -0.024134 0.118414 -0.008992 -0.007108
0.291421 -0.018305 0.089283 -0.185734 -0.09027
0.291421 -0.018305 0.089283 -0.185734 -0.09027
0.291421 -0.018305 0.089283 -0.185734 -0.09027
0.207216 -0.131883 -0.003267 -0.310179 -0.079669
0.156347 -0.253686 -0.062962 -0.199055 0.156098
0.129537 -0.213589 0.014875 -0.122853 -0.102425
0.199364 -0.192189 -0.006453 -0.139085 0.055676
0.199364 -0.192189 -0.006453 -0.139085 0.055676
0.237941 -0.08253 0.044671 0.220269 0.276424
0.237941 -0.08253 0.044671 0.220269 0.276424
0.217229 -0.172828 -0.046418 -0.182117 0.221454
0.217229 -0.172828 -0.046418 -0.182117 0.221454
0.217229 -0.172828 -0.046418 -0.182117 0.221454
0.215954 -0.194639 -0.006569 0.050222 0.176882
0.223276 -0.156908 0.037382 0.079316 0.121741
0.118863 -0.301749 -0.089916 -0.181254 0.165132
0.075911 -0.320737 -0.087325 -0.074627 0.197681
0.075911 -0.320737 -0.087325 -0.074627 0.197681
0.152387 -0.103829 0.064007 -0.101323 -0.11655
0.152387 -0.103829 0.064007 -0.101323 -0.11655
0.152387 -0.103829 0.064007 -0.101323 -0.11655
0.152387 -0.103829 0.064007 -0.101323 -0.11655
0.244305 -0.073567 0.160086 0.194707 -0.082948
0.244305 -0.073567 0.160086 0.194707 -0.082948
0.145029 -0.263197 0.053646 0.172926 0.156417
0.111406 -0.232688 -0.050545 0.147443 0.433751
0.206099 -0.177482 0.00367 0.245617 0.415148
0.206099 -0.177482 0.00367 0.245617 0.415148
0.206099 -0.177482 0.00367 0.245617 0.415148
0.206099 -0.177482 0.00367 0.245617 0.415148
0.100925 -0.269708 -0.046058 -0.038096 0.131376
0.237789 -0.181316 0.029024 -0.239 -0.080787
0.245881 -0.114609 0.083713 0.049968 0.050465
0.229695 -0.082022 0.070516 -0.167549 -0.235617
0.229695 -0.082022 0.070516 -0.167549 -0.235617
0.229695 -0.082022 0.070516 -0.167549 -0.235617
0.309257 -0.004909 0.065954 -0.452975 -0.297569
0.309257 -0.004909 0.065954 -0.452975 -0.297569
0.309257 -0.004909 0.065954 -0.452975 -0.297569
0.309257 -0.004909 0.065954 -0.452975 -0.297569
0.220346 -0.115534 0.0229 -0.347064 -0.222733
0.100931 -0.196454 0.004776 -0.292559 -0.239543
0.100931 -0.196454 0.004776 -0.292559 -0.239543
0.146452 -0.077084 0.020869 -0.05551 -0.075111
0.131547 -0.092295 -0.037834 -0.357047 -0.107398
0.140251 -0.227445 -0.058094 0.016488 0.228037
0.147193 -0.282826 -0.070662 -0.405494 -0.022873
0.147193 -0.282826 -0.070662 -0.405494 -0.022873
0.147193 -0.282826 -0.070662 -0.405494 -0.022873
0.253454 -0.101412 0.085581 -0.235221 -0.21269
0.279875 -0.1151 0.05485 -0.269998 -0.190222
0.279875 -0.1151 0.05485 -0.269998 -0.190222
0.279875 -0.1151 0.05485 -0.269998 -0.190222
0.297092 -0.103659 0.134372 -0.084022 -0.254454
0.297092 -0.103659 0.134372 -0.084022 -0.254454
0.297092 -0.103659 0.134372 -0.084022 -0.254454
0.297092 -0.103659 0.134372 -0.084022 -0.254454
0.249813 -0.131342 0.064704 -0.292684 -0.202769
0.249813 -0.131342 0.064704 -0.292684 -0.202769
0.167579 -0.217326 -0.0057 -0.335492 -0.116195
0.167579 -0.217326 -0.0057 -0.335492 -0.116195
0.183717 -0.177295 0.05003 -0.093409 -0.094046
0.231705 -0.065852 0.05419 -0.334242 -0.264984
0.231705 -0.065852 0.05419 -0.334242 -0.264984
0.231705 -0.065852 0.05419 -0.334242 -0.264984
0.206718 -0.067181 0.026288 -0.339503 -0.1676
0.206718 -0.067181 0.026288 -0.339503 -0.1676
0.206718 -0.067181 0.026288 -0.339503 -0.1676
0.022865 -0.257924 -0.034589 -0.059494 0.078981
0.20256 -0.046458 0.061958 -0.108276 -0.122172
0.20256 -0.046458 0.061958 -0.108276 -0.122172
0.200753 -0.065219 0.035797 -0.420692 -0.347077
0.200753 -0.065219 0.035797 -0.420692 -0.347077
0.200753 -0.065219 0.035797 -0.420692 -0.347077
0.200753 -0.065219 0.035797 -0.420692 -0.347077
0.279645 -0.113358 0.09401 -0.19105 -0.267648
0.279645 -0.113358 0.09401 -0.19105 -0.267648
0.279645 -0.113358 0.09401 -0.19105 -0.267648
0.279645 -0.113358 0.09401 -0.19105 -0.267648
0.245228 -0.084244 0.128103 0.044367 -0.148617
0.186342 -0.168286 -0.005983 -0.176434 0.034402
0.186342 -0.168286 -0.005983 -0.176434 0.034402
0.186342 -0.168286 -0.005983 -0.176434 0.034402
0.176399 -0.18767 0.001721 -0.329863 -0.13339
0.176399 -0.18767 0.001721 -0.329863 -0.13339
0.176399 -0.18767 0.001721 -0.329863 -0.13339
0.176399 -0.18767 0.001721 -0.329863 -0.13339
0.176399 -0.18767 0.001721 -0.329863 -0.13339
0.176399 -0.18767 0.001721 -0.329863 -0.13339
0.176399 -0.18767 0.001721 -0.329863 -0.13339
0.175257 -0.216141 -0.020532 -0.363398 -0.046407
0.142716 -0.140422 -0.022293 -0.524938 -0.23905
0.1692 -0.039387 0.035946 -0.241376 -0.068384
0.1692 -0.039387 0.035946 -0.241376 -0.068384
0.1692 -0.039387 0.035946 -0.241376 -0.068384
0.176063 -0.073383 0.046851 -0.365039 -0.268227
0.176063 -0.073383 0.046851 -0.365039 -0.268227
0.176063 -0.073383 0.046851 -0.365039 -0.268227
0.110166 -0.199968 0.005042 -0.260934 -0.241833
0.075528 -0.301355 -0.075455 -0.491698 -0.276219
0.080815 -0.298175 -0.066208 -0.41919 -0.249709
0.089564 -0.259328 -0.02853 -0.08617 -0.045093
0.085169 -0.365362 -0.07452 -0.07895 0.063817
0.215235 -0.155089 0.064807 -0.145769 -0.217455
0.215235 -0.155089 0.064807 -0.145769 -0.217455
0.215235 -0.155089 0.064807 -0.145769 -0.217455
0.199764 -0.125468 0.097324 0.264598 0.133826
0.199764 -0.125468 0.097324 0.264598 0.133826
0.199764 -0.125468 0.097324 0.264598 0.133826
0.237041 -0.083318 0.088984 0.149114 0.089753
0.169319 -0.140495 -0.037955 -0.233874 0.087633
0.169319 -0.140495 -0.037955 -0.233874 0.087633
0.17275 -0.078829 0.043868 0.038358 0.054087
0.17275 -0.078829 0.043868 0.038358 0.054087
0.171998 -0.181992 0.017651 -0.012219 0.132978
0.109924 -0.248922 -0.006634 -0.127106 0.043217
0.164815 -0.197521 0.013353 -0.270429 -0.194597
0.085922 -0.203991 -0.002311 -0.064572 0.063768
0.112947 -0.274358 0.048905 -0.006738 -0.113422
0.153125 -0.248502 0.04709 -0.015455 -0.058083
0.238816 -0.163608 0.051027 0.050517 0.022201
0.238816 -0.163608 0.051027 0.050517 0.022201
0.217706 -0.127326 0.044236 0.087323 0.064571
0.112828 -0.236967 -0.060648 -0.320972 -0.089691
0.112828 -0.236967 -0.060648 -0.320972 -0.089691
0.112828 -0.236967 -0.060648 -0.320972 -0.089691
0.154866 -0.234589 -0.037239 -0.166376 -0.000752
0.095176 -0.240181 -0.111391 -0.5079 -0.027071
0.095176 -0.240181 -0.111391 -0.5079 -0.027071
0.095176 -0.240181 -0.111391 -0.5079 -0.027071
0.152931 -0.174698 -0.038814 -0.335313 -0.113876
0.152931 -0.174698 -0.038814 -0.335313 -0.113876
0.141634 -0.222378 -0.055551 -0.221241 0.068484
0.098965 -0.291605 -0.126193 -0.270587 0.216853
0.115778 -0.296259 -0.102489 -0.355927 0.07962
0.116848 -0.198881 -0.111544 -0.454604 0.02769
0.078502 -0.280954 -0.112089 -0.360931 0.012835
0.078502 -0.280954 -0.112089 -0.360931 0.012835
0.085412 -0.223046 -0.040606 -0.041893 0.09734
0.094141 -0.206832 -0.09028 -0.109665 0.258743
0.112839 -0.140803 -0.037473 -0.07025 0.124634
0.098551 -0.228749 -0.081467 -0.229552 0.13846
0.169834 -0.227803 -0.036501 -0.328039 -0.026916
0.316207 -0.061838 0.140139 0.076861 -0.006691
0.161575 -0.184136 0.049637 -0.114762 -0.149741
0.226797 -0.144996 0.06987 -0.181002 -0.16956
0.226797 -0.144996 0.06987 -0.181002 -0.16956
0.226797 -0.144996 0.06987 -0.181002 -0.16956
0.226797 -0.144996 0.06987 -0.181002 -0.16956
0.176771 -0.237833 0.047281 -0.002883 -0.027577
0.155108 -0.367405 -0.001718 0.047655 0.09223
0.133164 -0.412913 -0.029734 0.065495 0.181495
0.153752 -0.311489 0.034756 0.183186 0.183407
0.185051 -0.29029 0.040043 -0.003256 0.047279
0.096505 -0.311156 -0.066918 -0.398671 0.05691
0.09765 -0.366884 -0.050062 0.076763 0.315167
0.112156 -0.250447 -0.10847 -0.348622 0.176216
0.112156 -0.250447 -0.10847 -0.348622 0.176216
0.112156 -0.250447 -0.10847 -0.348622 0.176216
0.112156 -0.250447 -0.10847 -0.348622 0.176216
0.112156 -0.250447 -0.10847 -0.348622 0.176216
0.090272 -0.283074 -0.07794 0.152566 0.456913
0.090272 -0.283074 -0.07794 0.152566 0.456913
0.090272 -0.283074 -0.07794 0.152566 0.456913
0.197991 -0.108554 0.082621 -0.066794 -0.199494
0.197991 -0.108554 0.082621 -0.066794 -0.199494
0.135129 -0.184706 0.074499 0.163871 -0.075182
0.203603 -0.152067 0.110719 0.212823 -0.022788
0.252012 -0.053599 0.127989 -0.039506 -0.219603
0.252012 -0.053599 0.127989 -0.039506 -0.219603
0.198881 -0.17543 0.083858 0.098476 0.01444
0.198881 -0.17543 0.083858 0.098476 0.01444
0.139151 -0.218973 0.051764 0.190187 0.154913
0.243622 -0.023386 0.154127 -0.051869 -0.216851
0.119059 -0.149712 -0.048561 -0.434624 -0.13092
0.119059 -0.149712 -0.048561 -0.434624 -0.13092
0.170254 -0.186589 -0.062401 -0.318429 -0.011768
0.235345 -0.067302 0.048313 -0.352195 -0.226229
0.235345 -0.067302 0.048313 -0.352195 -0.226229
0.199268 -0.130566 0.039873 0.046167 0.153083
0.199268 -0.130566 0.039873 0.046167 0.153083
0.215153 -0.143294 0.049445 0.023707 0.003174
0.189196 -0.166545 0.000331 -0.059173 0.04034
0.189196 -0.166545 0.000331 -0.059173 0.04034
0.11728 -0.297603 -0.088678 -0.066322 0.371716
0.075217 -0.321616 -0.125892 -0.200056 0.237814
0.075217 -0.321616 -0.125892 -0.200056 0.237814
0.129056 -0.30193 -0.032614 -0.178417 -0.012938
0.129056 -0.30193 -0.032614 -0.178417 -0.012938
0.129056 -0.30193 -0.032614 -0.178417 -0.012938
0.156205 -0.190834 0.025022 -0.088127 -0.038615
0.11506 -0.21034 -0.03899 -0.316743 -0.098151
0.11506 -0.21034 -0.03899 -0.316743 -0.098151
0.11506 -0.21034 -0.03899 -0.316743 -0.098151
0.191026 -0.170039 0.080491 0.158339 0.047884
0.191026 -0.170039 0.080491 0.158339 0.047884
0.22648 -0.147601 0.04505 -0.370559 -0.3395
0.22648 -0.147601 0.04505 -0.370559 -0.3395
0.198896 -0.191193 0.008559 -0.275037 -0.125308
0.199299 -0.218801 0.00916 -0.285832 -0.181607
0.276272 -0.246355 0.009861 -0.388671 -0.280362
0.287114 -0.123705 0.113013 0.275849 -0.004347
0.3035 -0.055444 0.048991 -0.213904 -0.130357
0.223387 -0.142871 0.043563 -0.388268 -0.373083
0.223387 -0.142871 0.043563 -0.388268 -0.373083
0.223387 -0.142871 0.043563 -0.388268 -0.373083
0.223387 -0.142871 0.043563 -0.388268 -0.373083
0.223387 -0.142871 0.043563 -0.388268 -0.373083
0.223387 -0.142871 0.043563 -0.388268 -0.373083
0.223387 -0.142871 0.043563 -0.388268 -0.373083
0.223387 -0.142871 0.043563 -0.388268 -0.373083
0.223387 -0.142871 0.043563 -0.388268 -0.373083
0.223387 -0.142871 0.043563 -0.388268 -0.373083
0.223387 -0.142871 0.043563 -0.388268 -0.373083
0.223387 -0.142871 0.043563 -0.388268 -0.373083
0.223387 -0.142871 0.043563 -0.388268 -0.373083
0.158957 -0.196605 0.032134 -0.124456 -0.104456
0.158957 -0.196605 0.032134 -0.124456 -0.104456
0.187694 -0.274961 0.0457 -0.063815 0.011345
0.187694 -0.274961 0.0457 -0.063815 0.011345
0.229637 -0.186542 -0.03289 -0.580349 -0.164323
0.229637 -0.186542 -0.03289 -0.580349 -0.164323
0.229637 -0.186542 -0.03289 -0.580349 -0.164323
0.229637 -0.186542 -0.03289 -0.580349 -0.164323
0.229637 -0.186542 -0.03289 -0.580349 -0.164323
0.287156 -0.147388 0.036986 -0.420503 -0.249466
0.274867 -0.152006 0.036696 -0.42902 -0.275097
0.312927 -0.140231 0.121962 -0.045216 -0.097206
0.282926 -0.108036 0.139248 0.229414 0.049549
0.277435 -0.064749 0.184233 0.397784 0.105391
0.270595 -0.124048 0.129203 0.15376 0.025978
0.270595 -0.124048 0.129203 0.15376 0.025978
0.378589 -0.006746 0.254081 0.291983 -0.05517
0.322766 -0.06744 0.18381 0.173336 0.062162
0.322766 -0.06744 0.18381 0.173336 0.062162
0.325685 -0.057652 0.214218 0.393276 0.111678
0.325685 -0.057652 0.214218 0.393276 0.111678
0.325685 -0.057652 0.214218 0.393276 0.111678
0.325685 -0.057652 0.214218 0.393276 0.111678
0.299635 -0.039788 0.219318 0.558153 0.192828
0.299635 -0.039788 0.219318 0.558153 0.192828
0.363058 0.020627 0.216713 0.176514 -0.146547
0.364377 0.071272 0.229039 0.247341 -0.075828
0.333874 -0.017778 0.211045 0.179491 -0.151526
0.321674 0.006062 0.178208 0.029437 -0.151193
0.321674 0.006062 0.178208 0.029437 -0.151193
0.321674 0.006062 0.178208 0.029437 -0.151193
0.297414 -0.039127 0.144282 -0.110683 -0.26225
0.234964 -0.185785 0.058946 -0.013006 0.026139
0.237649 -0.218118 0.076738 0.06687 -0.086072
0.237649 -0.218118 0.076738 0.06687 -0.086072
0.14019 -0.215018 -0.008022 -0.062307 0.03031
0.156125 -0.239309 0.02185 -0.051882 -0.042058
0.22235 -0.040805 0.083925 -0.02306 -0.061106
0.226317 -0.045272 0.086278 -0.010718 -0.03985
0.226317 -0.045272 0.086278 -0.010718 -0.03985
0.260503 -0.030869 0.071156 -0.159863 -0.108245
0.260503 -0.030869 0.071156 -0.159863 -0.108245
0.260481 -0.076796 0.11292 0.084206 0.006786
0.295647 -0.104436 0.127745 0.185939 0.075544
0.295647 -0.104436 0.127745 0.185939 0.075544
0.263251 -0.1584 0.065642 -0.072189 -0.038394
0.221319 -0.099615 0.097582 0.138283 0.079526
0.248537 -0.070611 0.072114 -0.161806 -0.078719
0.210162 -0.075646 0.073886 0.007246 -0.002927
0.266328 -0.015556 0.09529 -0.01444 -0.126578
0.266328 -0.015556 0.09529 -0.01444 -0.126578
0.105827 -0.195287 -0.060452 -0.169531 0.076634
0.16825 -0.196091 -0.010678 0.096923 0.258406
0.16825 -0.196091 -0.010678 0.096923 0.258406
0.16825 -0.196091 -0.010678 0.096923 0.258406
0.142701 -0.168408 0.029346 -0.010611 0.033711
0.225495 -0.200698 0.054647 -0.238019 -0.185553
0.190743 -0.193434 0.044461 -0.111153 -0.103022
0.192451 -0.157348 0.038401 -0.110545 -0.158285
0.192451 -0.157348 0.038401 -0.110545 -0.158285
0.192451 -0.157348 0.038401 -0.110545 -0.158285
0.185634 -0.164926 0.078951 0.088644 0.015223
0.166626 -0.155468 0.075898 -0.043473 -0.120296
0.203993 -0.234023 0.080897 -0.18726 -0.323882
0.203993 -0.234023 0.080897 -0.18726 -0.323882
0.207434 -0.25122 0.069442 0.033414 -0.059714
0.305905 -0.046659 0.208983 0.189918 -0.158795
0.264621 -0.060875 0.140459 -0.020301 -0.16772
0.1931 -0.207247 0.078096 0.318426 0.2763
0.1931 -0.207247 0.078096 0.318426 0.2763
0.182726 -0.233734 -0.007807 0.157697 0.445076
0.263219 -0.161639 0.070749 0.172387 0.295199
0.263219 -0.161639 0.070749 0.172387 0.295199
0.312447 -0.088795 0.164258 -0.075021 -0.248308
0.194148 -0.28061 0.036414 -0.058369 -0.066759
0.232337 -0.102275 0.072152 -0.083069 -0.097597
0.199737 -0.129987 0.011317 -0.191053 -0.070755
0.164149 -0.208811 1.3e-05 -0.019126 0.107459
0.164149 -0.208811 1.3e-05 -0.019126 0.107459
0.164149 -0.208811 1.3e-05 -0.019126 0.107459
0.260578 -0.037794 0.101293 0.119303 0.058143
0.260578 -0.037794 0.101293 0.119303 0.058143
0.260578 -0.037794 0.101293 0.119303 0.058143
0.260578 -0.037794 0.101293 0.119303 0.058143
0.227086 0.009998 0.065615 -0.057409 0.075616
0.045865 -0.16389 -0.056322 -0.116809 0.126939
0.065063 -0.237549 -0.089263 -0.46404 -0.081659
0.065063 -0.237549 -0.089263 -0.46404 -0.081659
0.065063 -0.237549 -0.089263 -0.46404 -0.081659
0.065063 -0.237549 -0.089263 -0.46404 -0.081659
0.065063 -0.237549 -0.089263 -0.46404 -0.081659
0.065063 -0.237549 -0.089263 -0.46404 -0.081659
0.065063 -0.237549 -0.089263 -0.46404 -0.081659
0.206272 -0.290914 -0.0138 -0.096506 0.100221
0.206272 -0.290914 -0.0138 -0.096506 0.100221
0.213777 -0.173007 0.035465 -0.268295 -0.242185
0.201377 -0.179549 0.037592 -0.064272 0.007256
0.209244 -0.18259 0.069879 -0.137352 -0.146346
0.14858 -0.297548 -0.00014 -0.089542 0.042677
0.070725 -0.363224 -0.071942 -0.050326 0.147103
0.070772 -0.259231 -0.127415 -0.486271 0.062744
0.070772 -0.259231 -0.127415 -0.486271 0.062744
0.118066 -0.238437 -0.067662 -0.302353 0.090819
0.183615 -0.225539 -0.071144 -0.265954 0.168316
0.203936 -0.163156 -0.039653 -0.186363 0.140144
0.203936 -0.163156 -0.039653 -0.186363 0.140144
0.156686 -0.203748 0.040401 -0.345264 -0.388227
0.090833 -0.297114 -0.105479 -0.246063 0.132307
0.074923 -0.241086 -0.081311 0.071019 0.303911
0.104517 -0.236235 -0.053228 -0.010709 0.181342
0.097333 -0.274011 -0.015636 -0.082913 -0.032691
0.167735 -0.128443 0.054744 0.032203 -0.02435
0.179494 -0.193543 0.0077 -0.15234 -0.099648
0.176262 -0.198733 -0.034581 -0.369958 -0.087616
0.153426 -0.075429 -0.008154 -0.328361 -0.092392
0.066895 -0.141563 -0.070121 -0.015336 0.300867
0.066895 -0.141563 -0.070121 -0.015336 0.300867
0.159937 -0.118035 -0.020061 -0.166567 -0.002609
0.18308 -0.117582 0.001007 -0.212648 -0.036073
0.094346 -0.168908 -0.039118 -0.129873 0.055147
0.108904 -0.165242 -0.030641 -0.22119 -0.034487
0.157524 -0.170491 -0.019765 -0.29278 0.012998
0.157524 -0.170491 -0.019765 -0.29278 0.012998
0.157524 -0.170491 -0.019765 -0.29278 0.012998
0.203407 -0.143545 -0.013152 -0.374669 -0.038076
0.203407 -0.143545 -0.013152 -0.374669 -0.038076
0.203407 -0.143545 -0.013152 -0.374669 -0.038076
0.215045 -0.082807 -0.009143 -0.339212 0.056537
0.216912 -0.171284 0.017133 0.094301 0.244484
0.216912 -0.171284 0.017133 0.094301 0.244484
0.066463 -0.39544 -0.126162 -0.121014 0.283046
0.13219 -0.341929 -0.028308 4.7e-05 0.192138
0.188027 -0.211598 -0.051604 -0.169566 0.136987
0.129286 -0.368431 -0.115898 -0.143522 0.288985
0.155793 -0.336707 -0.078433 -0.140485 0.175223
0.150844 -0.348999 -0.102186 -0.129324 0.233297
0.114588 -0.293994 -0.047432 0.121737 0.210798
0.217375 -0.111956 0.063474 0.142982 0.119556
0.211677 -0.088407 0.099474 0.228043 0.113166
0.140734 -0.208459 0.050682 0.000909 -0.113194
0.140734 -0.208459 0.050682 0.000909 -0.113194
0.200144 -0.180468 0.048949 0.103301 0.007126
0.174217 -0.24305 -0.043311 -0.160602 0.118415
0.16387 -0.216999 -0.035085 -0.068281 0.214746
0.16387 -0.216999 -0.035085 -0.068281 0.214746
0.119216 -0.198172 0.032294 0.049405 0.124321
0.214841 -0.140055 0.056984 0.01597 0.085313
0.17367 -0.213112 -0.01724 -0.20957 0.04294
0.172589 -0.290949 0.009343 -0.051677 -0.02582
0.14249 -0.277418 0.038557 0.075343 0.025109
0.139265 -0.180337 0.012385 -0.166414 -0.195763
0.056048 -0.228694 -0.074572 -0.348278 -0.119552
0.056048 -0.228694 -0.074572 -0.348278 -0.119552
0.134832 -0.097718 0.090707 0.006608 -0.141711
0.090027 -0.205675 -0.012084 -0.316408 -0.115054
0.085577 -0.163888 0.028554 -0.050794 0.000416
0.190877 -0.102602 0.109813 0.146856 0.06312
0.275216 -0.10027 0.160418 0.215844 0.073725
0.239293 -0.174287 0.071732 0.010175 0.077109
0.104964 -0.229381 -0.034071 -0.265313 -0.066059
0.104964 -0.229381 -0.034071 -0.265313 -0.066059
0.233538 -0.07013 0.100941 -0.255191 -0.172455
0.16046 -0.150367 0.062923 -0.049184 0.016132
0.164914 -0.176689 -0.021097 -0.403666 -0.020812
0.180494 -0.193407 -0.006242 -0.272809 0.04053
0.15172 -0.157136 0.009748 -0.083352 0.085693
0.148581 -0.149596 -0.061075 -0.276624 0.097825
0.219937 -0.032618 0.0193 -0.31183 -0.12034
0.194718 -0.105263 -0.016498 -0.366208 0.062478
0.109794 -0.233652 -0.107913 -0.52873 0.087295
0.109794 -0.233652 -0.107913 -0.52873 0.087295
0.109794 -0.233652 -0.107913 -0.52873 0.087295
0.109794 -0.233652 -0.107913 -0.52873 0.087295
0.109794 -0.233652 -0.107913 -0.52873 0.087295
0.168391 -0.130699 0.087381 -0.302776 -0.262201
0.158926 -0.141675 0.097451 -0.080006 -0.117452
0.166315 -0.066733 0.144806 0.149322 -0.112268
0.119848 -0.202783 0.097074 0.175292 0.013572
0.227185 -0.220583 0.046638 -0.162229 0.000311
0.158141 -0.305875 0.013196 0.205506 0.35302
0.298996 -0.213305 0.041091 -0.212314 -0.054496
0.298996 -0.213305 0.041091 -0.212314 -0.054496
0.157204 -0.30957 -0.014581 -0.126441 0.109406
0.173687 -0.287395 -0.045293 -0.252872 0.115967
0.071456 -0.402393 -0.112649 -0.303821 0.153176
0.071456 -0.402393 -0.112649 -0.303821 0.153176
0.079373 -0.316397 -0.099214 -0.522339 -0.082865
0.079373 -0.316397 -0.099214 -0.522339 -0.082865
0.079373 -0.316397 -0.099214 -0.522339 -0.082865
0.079373 -0.316397 -0.099214 -0.522339 -0.082865
0.079373 -0.316397 -0.099214 -0.522339 -0.082865
0.139911 -0.197215 0.031624 -0.256566 -0.190752
0.139911 -0.197215 0.031624 -0.256566 -0.190752
0.183745 -0.133044 0.088225 -0.122511 -0.167627
0.195593 -0.103739 0.067215 -0.243136 -0.228313
0.271685 -0.020112 0.190882 0.075614 -0.249759
0.209726 -0.097048 0.102376 -0.040238 -0.079742
0.145113 -0.180984 0.038002 0.198678 0.211226
0.1802 -0.163609 0.065627 0.024497 0.001396
0.118875 -0.281434 -0.01503 -0.011994 0.132002
0.10058 -0.343303 -0.0322 0.119702 0.217507
0.101851 -0.263653 0.005842 0.139773 0.147517
0.151337 -0.125963 0.049716 0.132442 0.075184
0.161783 -0.06378 0.07505 0.130464 0.059199
0.161154 -0.160325 0.020957 0.322602 0.359685
0.161154 -0.160325 0.020957 0.322602 0.359685
0.161154 -0.160325 0.020957 0.322602 0.359685
0.245776 -0.126661 0.143279 0.222402 0.017806
0.234742 -0.180002 0.109311 0.265222 0.079088
0.093207 -0.431573 -0.042748 -0.032244 0.079118
0.12619 -0.306927 0.008822 -0.056421 -0.022728
0.09678 -0.232154 0.057544 -0.095762 -0.130736
0.042183 -0.246698 0.009577 -0.167468 -0.009791
0.114976 -0.092739 0.063038 0.022654 0.043636
0.165317 -0.092007 0.084668 -0.097261 -0.19175
0.118417 -0.142517 0.045639 -0.078115 -0.113887
0.12595 -0.19787 -0.029065 -0.322163 -0.18715
0.126744 -0.172947 -0.026363 -0.301343 -0.147334
0.126744 -0.172947 -0.026363 -0.301343 -0.147334
0.172756 -0.183818 -0.035254 -0.23248 0.110192
0.147498 -0.266719 -0.035195 -0.154 0.206642
0.169201 -0.164871 0.052378 0.04763 -0.073178
0.165356 -0.208994 0.004265 -0.235448 -0.127197
0.165356 -0.208994 0.004265 -0.235448 -0.127197
0.177047 -0.125125 0.026649 -0.302885 -0.187881
0.182109 -0.173318 0.034232 -0.092811 -0.063494
0.182109 -0.173318 0.034232 -0.092811 -0.063494
0.159309 -0.156725 0.044168 0.230945 0.066417
0.159309 -0.156725 0.044168 0.230945 0.066417
0.142112 -0.191655 -0.004452 0.093008 0.040305
0.076548 -0.312144 -0.051071 0.028154 0.051052
0.072806 -0.275596 -0.032352 -0.126272 -0.127621
0.072806 -0.275596 -0.032352 -0.126272 -0.127621
0.072806 -0.275596 -0.032352 -0.126272 -0.127621
0.095455 -0.238796 -0.011013 -0.281823 -0.287149
0.038255 -0.345839 -0.083122 -0.27759 0.040496
0.06043 -0.411731 -0.070764 -0.077568 0.211452
0.159246 -0.187955 0.074895 -0.011651 -0.088676
0.192944 -0.123422 0.151512 0.270712 0.02867
0.244408 -0.041391 0.144701 0.248887 0.099906
0.244408 -0.041391 0.144701 0.248887 0.099906
0.094775 -0.205252 0.043722 -0.020567 -0.027412
0.179406 -0.186123 0.047808 -0.165495 -0.083516
0.237236 -0.1177 0.087386 -0.211357 -0.271265
0.237236 -0.1177 0.087386 -0.211357 -0.271265
0.241944 -0.102658 0.092169 -0.129469 -0.168384
0.270479 -0.052972 0.108339 -0.24674 -0.293166
0.136076 -0.314534 -0.002909 0.188103 0.310986
0.141552 -0.272109 -0.044351 -0.038236 0.201092
0.181862 -0.080396 0.023019 0.166746 0.223331
0.115445 -0.154201 -0.024951 -0.248675 -0.070473
0.115445 -0.154201 -0.024951 -0.248675 -0.070473
0.115445 -0.154201 -0.024951 -0.248675 -0.070473
0.216276 -0.09656 0.061549 0.089182 0.035644
0.191162 -0.186095 0.060202 0.182305 0.071574
0.244907 -0.14064 0.099718 0.206514 -0.040059
0.157164 -0.196817 -0.035371 -0.353301 -0.072262
0.140955 -0.231533 -0.014488 -0.217986 -0.02251
0.17566 -0.123541 0.018424 -0.105971 0.012616
0.17566 -0.123541 0.018424 -0.105971 0.012616
0.184569 -0.083933 0.049166 -0.187166 -0.178638
0.20033 -0.259575 0.055949 -0.145415 -0.10248
0.155649 -0.279385 0.097195 0.231564 0.108829
0.23655 -0.182719 0.170913 0.157625 -0.109773
0.297665 -0.154599 0.162648 0.203265 0.119424
0.300874 -0.083786 0.186449 0.282826 0.09121
0.119296 -0.365573 -0.010355 -0.240475 -0.151209
0.119296 -0.365573 -0.010355 -0.240475 -0.151209
0.144528 -0.246605 0.058946 0.224809 0.159081
0.20394 -0.09592 0.101165 0.17527 0.084836
0.20394 -0.09592 0.101165 0.17527 0.084836
0.247856 -0.020093 0.104083 0.066193 0.003115
0.176072 -0.157471 0.054228 0.084168 0.153797
0.176072 -0.157471 0.054228 0.084168 0.153797
0.265123 -0.054376 0.127239 0.180093 0.029507
0.190282 -0.08745 0.031194 -0.184543 -0.114318
0.170044 -0.168321 -0.00679 -0.323605 -0.110148
0.170044 -0.168321 -0.00679 -0.323605 -0.110148
0.087599 -0.210563 -0.03999 -0.133057 0.051602
0.025847 -0.378416 -0.046985 0.082145 0.241503
0.002612 -0.327861 -0.072071 -0.151368 0.082989
0.095762 -0.305036 -0.005257 -0.277219 -0.136618
0.057036 -0.325343 -0.04389 -0.206437 -0.058407
0.114237 -0.269045 -0.059664 -0.435976 -0.05988
0.148382 -0.24498 -0.046126 -0.321369 -0.0147
0.148382 -0.24498 -0.046126 -0.321369 -0.0147
0.148382 -0.24498 -0.046126 -0.321369 -0.0147
0.148382 -0.24498 -0.046126 -0.321369 -0.0147
0.20475 -0.167253 -0.015087 -0.309161 0.023051
0.181761 -0.202683 -0.066778 -0.417859 -0.016296
0.181761 -0.202683 -0.066778 -0.417859 -0.016296
0.181761 -0.202683 -0.066778 -0.417859 -0.016296
0.135739 -0.24371 -0.046184 -0.290109 0.037537
0.252401 -0.176568 0.065418 -0.20592 -0.283719
0.256002 -0.047772 0.151612 -0.094731 -0.38326
0.212392 -0.084804 0.063185 -0.274357 -0.286657
0.212392 -0.084804 0.063185 -0.274357 -0.286657
0.183921 -0.151642 -0.01406 -0.345227 -0.154865
0.183921 -0.151642 -0.01406 -0.345227 -0.154865
0.117106 -0.241404 -0.039552 -0.027023 0.084595
0.2531 -0.10795 0.063913 -0.072212 0.031892
0.2531 -0.10795 0.063913 -0.072212 0.031892
0.227818 -0.122813 0.065532 0.072569 -0.096292
0.142785 -0.344684 -0.051488 -0.170667 -0.046327
0.248089 -0.148836 0.083396 -0.073125 -0.200075
0.207132 -0.164864 0.051234 -0.24538 -0.259008
0.207132 -0.164864 0.051234 -0.24538 -0.259008
0.207132 -0.164864 0.051234 -0.24538 -0.259008
0.207132 -0.164864 0.051234 -0.24538 -0.259008
0.120857 -0.260402 -0.056573 -0.299239 0.006403
0.050176 -0.310021 -0.048795 -0.296657 -0.043815
0.065318 -0.241563 -0.067516 -0.227257 -0.005858
0.025151 -0.329497 -0.041522 -0.239577 -0.081937
0.025151 -0.329497 -0.041522 -0.239577 -0.081937
0.025151 -0.329497 -0.041522 -0.239577 -0.081937
0.113369 -0.275787 -0.063904 -0.401585 -0.070827
0.113369 -0.275787 -0.063904 -0.401585 -0.070827
0.059621 -0.297029 -0.101742 -0.27562 0.109951
0.169648 -0.172833 -0.011366 -0.195988 -0.009033
0.169648 -0.172833 -0.011366 -0.195988 -0.009033
0.169648 -0.172833 -0.011366 -0.195988 -0.009033
0.219966 -0.112926 0.056816 -0.055271 0.00867
0.048395 -0.329749 -0.142045 -0.205749 0.313225
0.137624 -0.182993 -0.050147 -0.19648 0.237479
0.130657 -0.167315 -0.032538 -0.301201 -0.032793
0.130657 -0.167315 -0.032538 -0.301201 -0.032793
0.130657 -0.167315 -0.032538 -0.301201 -0.032793
0.235741 -0.015962 0.120824 -0.014004 -0.131965
0.266182 -0.032461 0.143411 0.248315 0.002715
0.228841 -0.077281 0.076456 0.083695 -0.015434
0.184729 -0.188297 -0.05842 -0.136723 0.226995
0.151364 -0.249537 -0.018282 -0.307292 -0.099308
0.151364 -0.249537 -0.018282 -0.307292 -0.099308
0.231166 -0.201225 0.0393 -0.377096 -0.321617
0.221494 -0.118075 0.056615 -0.330327 -0.226582
0.221494 -0.118075 0.056615 -0.330327 -0.226582
0.218369 -0.169724 0.087196 -0.072948 -0.203146
0.185464 -0.146336 0.02543 -0.357674 -0.244507
0.201292 -0.116577 0.059608 -0.102898 -0.136822
0.182955 -0.150426 0.061493 0.047319 -0.020223
0.217767 -0.143281 0.048695 -0.125663 -0.122864
0.237492 -0.071908 0.098114 -0.046909 -0.102738
0.237492 -0.071908 0.098114 -0.046909 -0.102738
0.237492 -0.071908 0.098114 -0.046909 -0.102738
0.199023 -0.189049 0.083361 0.050486 -0.074995
0.161812 -0.260929 0.036354 -0.107061 -0.156238
0.161812 -0.260929 0.036354 -0.107061 -0.156238
0.161812 -0.260929 0.036354 -0.107061 -0.156238
0.261906 -0.138662 0.075784 -0.204142 -0.259987
0.259781 -0.116985 0.074216 -0.271407 -0.298879
0.259781 -0.116985 0.074216 -0.271407 -0.298879
0.259781 -0.116985 0.074216 -0.271407 -0.298879
0.209727 -0.199697 0.005178 -0.265932 -0.149906
0.209727 -0.199697 0.005178 -0.265932 -0.149906
0.209727 -0.199697 0.005178 -0.265932 -0.149906
0.16681 -0.290373 -0.04599 -0.174269 0.030068
0.16681 -0.290373 -0.04599 -0.174269 0.030068
0.178883 -0.292245 -0.049492 -0.089967 0.166526
0.20511 -0.222488 0.02087 -0.025061 0.040006
0.20511 -0.222488 0.02087 -0.025061 0.040006
0.150675 -0.268406 -0.022401 0.156004 0.300709
0.189697 -0.189675 0.045046 0.13358 0.177364
0.114517 -0.248669 -0.035968 0.00634 0.254435
0.094825 -0.266628 -0.041654 0.122337 0.31507
0.094825 -0.266628 -0.041654 0.122337 0.31507
0.094825 -0.266628 -0.041654 0.122337 0.31507
0.094825 -0.266628 -0.041654 0.122337 0.31507
0.237775 -0.077878 0.049707 -0.132676 -0.063012
0.252349 -0.090883 0.018303 -0.250438 -0.015136
0.203351 -0.091081 -0.00867 -0.086447 0.119649
0.124575 -0.218129 -0.049738 -0.127136 0.156979
0.220781 -0.158007 -0.022275 -0.170745 0.126119
0.213864 -0.135796 -0.033364 -0.29231 0.01956
0.189004 -0.092475 0.023258 -0.310656 -0.199725
0.260447 -0.06154 0.080597 -0.227537 -0.161043
0.260447 -0.06154 0.080597 -0.227537 -0.161043
0.260447 -0.06154 0.080597 -0.227537 -0.161043
0.152984 -0.119098 0.001829 -0.467582 -0.272573
0.152984 -0.119098 0.001829 -0.467582 -0.272573
0.152984 -0.119098 0.001829 -0.467582 -0.272573
0.124622 -0.181304 -0.066249 -0.449387 -0.019382
0.086672 -0.2137 -0.058332 0.011922 0.338536
0.086672 -0.2137 -0.058332 0.011922 0.338536
0.124919 -0.181582 -0.046546 -0.21621 0.120093
0.089103 -0.246574 -0.062996 -0.17515 0.200423
0.089103 -0.246574 -0.062996 -0.17515 0.200423
0.083783 -0.194228 -0.044436 0.003884 0.253949
0.083783 -0.194228 -0.044436 0.003884 0.253949
0.107889 -0.236937 -0.020401 0.102925 0.277242
0.127912 -0.251177 -0.036825 0.059839 0.283474
0.246203 -0.145636 0.104516 0.300569 0.139195
0.138184 -0.167977 0.031428 0.144612 0.139229
0.11544 -0.231623 0.000629 0.224308 0.350665
0.161602 -0.263527 0.034813 0.206299 0.189222
0.161602 -0.263527 0.034813 0.206299 0.189222
0.161602 -0.263527 0.034813 0.206299 0.189222
0.161602 -0.263527 0.034813 0.206299 0.189222
0.12809 -0.248524 0.042475 0.079383 0.049502
0.121002 -0.295792 -0.024141 -0.024382 0.147604
0.121002 -0.295792 -0.024141 -0.024382 0.147604
0.121002 -0.295792 -0.024141 -0.024382 0.147604
0.138595 -0.408505 -0.04877 -0.057752 0.160818
0.04912 -0.376577 -0.119598 -0.269104 0.097578
0.122447 -0.200923 -0.029676 -0.186104 -0.006156
0.122447 -0.200923 -0.029676 -0.186104 -0.006156
0.257554 -0.03151 0.134942 0.168451 0.039859
0.257554 -0.03151 0.134942 0.168451 0.039859
0.257554 -0.03151 0.134942 0.168451 0.039859
0.375335 0.093477 0.264539 0.222897 -0.229666
0.331577 0.089841 0.237853 0.216328 -0.115031
0.206612 -0.004594 0.113386 -0.249598 -0.331929
0.206612 -0.004594 0.113386 -0.249598 -0.331929
0.22827 0.010796 0.132044 -0.175718 -0.350548
0.142069 -0.142409 0.032973 0.242918 0.251965
0.142069 -0.142409 0.032973 0.242918 0.251965
0.142069 -0.142409 0.032973 0.242918 0.251965
0.142069 -0.142409 0.032973 0.242918 0.251965
0.060589 -0.29691 -0.056325 -0.231798 0.030075
0.20867 -0.132856 0.067012 -0.161113 -0.121498
0.20867 -0.132856 0.067012 -0.161113 -0.121498
0.273655 -0.067601 0.091944 -0.100951 -0.180563
0.190536 -0.177859 0.021805 -0.278396 -0.261105
0.205382 -0.169199 0.052965 -0.271365 -0.328209
0.205382 -0.169199 0.052965 -0.271365 -0.328209
0.093472 -0.316181 -0.036351 -0.289956 -0.142736
0.332707 -0.048078 0.172027 0.00796 -0.240468
0.332707 -0.048078 0.172027 0.00796 -0.240468
0.332707 -0.048078 0.172027 0.00796 -0.240468
0.238889 -0.139476 0.127932 -0.013364 -0.215205
0.146455 -0.167757 0.052636 -0.018105 -0.147393
0.170282 -0.144341 0.038204 0.134561 0.046665
0.114556 -0.259527 -0.084444 -0.140558 0.126335
0.114556 -0.259527 -0.084444 -0.140558 0.126335
0.115304 -0.288541 -0.056739 0.025314 0.222342
0.178106 -0.197147 0.040156 0.066976 0.080356
0.178106 -0.197147 0.040156 0.066976 0.080356
0.178106 -0.197147 0.040156 0.066976 0.080356
0.254398 -0.075589 0.142317 0.192949 -0.029589
0.254398 -0.075589 0.142317 0.192949 -0.029589
0.192278 -0.106274 0.093506 0.201676 0.118734
0.192278 -0.106274 0.093506 0.201676 0.118734
0.192278 -0.106274 0.093506 0.201676 0.118734
0.192278 -0.106274 0.093506 0.201676 0.118734
0.181384 -0.052975 0.068357 0.125257 0.122536
0.18879 -0.047901 0.049373 0.087798 0.184901
0.057592 -0.224522 -0.023789 0.032467 0.197677
0.018855 -0.2604 -0.083972 -0.249518 -0.005365
-0.00146 -0.440099 -0.153156 -0.132665 0.22001
0.073786 -0.372961 -0.090901 -0.161282 0.136319
0.110853 -0.351854 -0.071775 -0.103149 0.059666
0.110853 -0.351854 -0.071775 -0.103149 0.059666
0.149704 -0.363324 -0.116424 -0.292521 0.15202
0.101643 -0.341608 -0.081918 -0.075955 0.110555
0.076084 -0.334015 -0.102847 -0.075052 0.239908
0.076084 -0.334015 -0.102847 -0.075052 0.239908
0.076084 -0.334015 -0.102847 -0.075052 0.239908
0.076084 -0.334015 -0.102847 -0.075052 0.239908
0.076084 -0.334015 -0.102847 -0.075052 0.239908
0.076084 -0.334015 -0.102847 -0.075052 0.239908
0.076084 -0.334015 -0.102847 -0.075052 0.239908
0.137324 -0.184151 -0.036052 -0.054248 0.156655
0.077744 -0.244391 -0.090728 -0.05568 0.245989
0.077744 -0.244391 -0.090728 -0.05568 0.245989
0.176738 -0.12127 0.042917 -0.143503 -0.147742
0.223381 -0.129359 0.05988 -0.258081 -0.313652
0.190534 -0.213276 -0.016365 -0.286688 -0.094668
0.177895 -0.318718 -0.031713 -0.224049 -0.0199
0.201831 -0.258372 -0.005117 -0.275858 -0.031024
0.311634 -0.025264 0.131207 -0.131817 -0.136517
0.285472 -0.01833 0.125523 -0.177836 -0.161965
0.170378 -0.138918 -0.034923 -0.448817 0.037675
0.235582 -0.021622 0.026207 -0.464125 -0.105157
0.235582 -0.021622 0.026207 -0.464125 -0.105157
0.19869 -0.068824 0.009545 -0.316323 0.038089
0.250037 -0.018108 0.102293 -0.12523 -0.111329
0.186328 -0.108508 0.030573 -0.051965 0.141849
0.148403 -0.209443 -0.052464 -0.275509 0.015482
0.169176 -0.129587 0.008644 -0.279023 -0.092949
0.169176 -0.129587 0.008644 -0.279023 -0.092949
0.169176 -0.129587 0.008644 -0.279023 -0.092949
0.123043 -0.273647 -0.062041 -0.234744 0.125305
0.118489 -0.170738 -0.002769 -0.059655 0.08139
0.159827 -0.147421 0.000675 -0.507197 -0.270803
0.159827 -0.147421 0.000675 -0.507197 -0.270803
0.159827 -0.147421 0.000675 -0.507197 -0.270803
0.159827 -0.147421 0.000675 -0.507197 -0.270803
0.115176 -0.195896 -0.014649 -0.308292 -0.130506
0.115176 -0.195896 -0.014649 -0.308292 -0.130506
0.115176 -0.195896 -0.014649 -0.308292 -0.130506
0.115176 -0.195896 -0.014649 -0.308292 -0.130506
0.115176 -0.195896 -0.014649 -0.308292 -0.130506
0.055802 -0.312661 -0.0489 -0.026621 0.137657
0.055802 -0.312661 -0.0489 -0.026621 0.137657
0.078214 -0.244761 -0.065894 -0.227113 0.055312
0.137699 -0.187248 -0.032764 -0.220531 0.015014
0.057423 -0.255931 -0.044458 -0.074763 0.089761
0.215234 -0.122334 0.079015 0.109955 0.045527
0.141563 -0.18839 0.043008 0.210254 0.166789
0.141563 -0.18839 0.043008 0.210254 0.166789
0.164793 -0.176116 0.00087 -0.380788 -0.204636
0.267205 -0.049731 0.083226 -0.104598 -0.105683
0.247355 -0.101686 0.079678 -0.138856 -0.152293
0.247355 -0.101686 0.079678 -0.138856 -0.152293
0.247355 -0.101686 0.079678 -0.138856 -0.152293
0.246444 -0.126373 0.073254 -0.215552 -0.225946
0.246444 -0.126373 0.073254 -0.215552 -0.225946
0.211179 -0.121839 0.087251 0.116593 0.067954
0.211179 -0.121839 0.087251 0.116593 0.067954
0.300616 -0.116726 0.128038 0.169358 0.019663
0.264916 -0.153541 0.070025 0.125288 0.206985
0.264916 -0.153541 0.070025 0.125288 0.206985
0.264916 -0.153541 0.070025 0.125288 0.206985
0.317382 -0.014126 0.138884 -0.044418 -0.109943
0.213552 -0.117732 0.043569 -0.114764 0.08059
0.199637 -0.137005 0.025112 -0.146052 0.040702
0.13999 -0.185991 -0.030679 -0.039968 0.216317
0.184103 -0.086899 0.067249 -0.121714 -0.097486
0.103823 -0.275696 -0.015785 -0.118643 0.019514
-0.013917 -0.445869 -0.133499 -0.333361 0.043161
