-814.5938
-719.2547
-719.2547
-719.852
-719.852
-719.852
-721.0799
-720.5245
-720.9906
-720.6925
-719.8833
-720.0345
-720.1409
-719.82
-719.82
-719.82
-719.82
-719.3527
-720.3954
-721.7401
-721.729
-720.1166
-719.8916
-720.2702
-721.2612
-721.2612
-721.7395
-720.4234
-719.5911
-719.6634
-721.3295
-721.3295
-719.6395
-721.3439
-720.7864
-719.9392
-719.9392
-719.9392
-720.1802
-719.889
-719.889
-719.889
-719.889
-719.2627
-719.2627
-719.1411
-719.1411
-720.6394
-719.7908
-719.7908
-719.7908
-719.7908
-719.7908
-719.7908
-719.3928
-719.3928
-719.3928
-719.6558
-719.6558
-719.9572
-719.9095
-720.0312
-721.9088
-721.9931
-720.2561
-720.3586
-721.8619
-720.1638
-720.3263
-720.3263
-720.3263
-719.5469
-720.4604
-720.4604
-720.5128
-720.5128
-720.5128
-720.5128
-720.5128
-720.6392
-720.2976
-720.0145
-721.2891
-721.2891
-720.6582
-720.8177
-721.0093
-721.183
-720.964
-719.3746
-719.664
-719.664
-719.6872
-720.4023
-720.3296
-720.3296
-720.3296
-719.8519
-719.8519
-719.8519
-719.8519
-719.2384
-719.5617
-721.8461
-722.3071
-720.281
-722.1268
-722.2596
-722.2596
-722.2596
-720.7092
-720.7092
-721.7592
-720.9998
-719.3558
-719.3558
-719.3558
-719.3558
-719.2859
-719.2859
-719.2859
-719.5041
-719.5041
-719.5041
-719.6862
-719.6862
-720.3014
-721.1384
-721.621
-722.5409
-721.1127
-720.2494
-720.9262
-719.1059
-719.6283
-719.6283
-719.6528
-719.9912
-719.7115
-719.7818
-719.7818
-720.4247
-720.4247
-720.4247
-720.4247
-719.709
-720.8585
-721.3941
-721.6452
-721.6452
-721.1205
-721.6233
-721.6233
-720.3533
-720.3533
-720.3533
-719.3285
-719.3285
-721.3069
-722.2715
-721.3517
-721.3517
-722.2835
-729.0338
-727.9094
-727.8631
-729.4193
-728.7095
-729.4851
-726.3573
-725.3469
-721.4433
-722.7011
-720.0773
-721.0543
-721.6408
-721.6408
-720.9751
-720.9751
-723.4111
-722.2828
-722.2828
-722.2828
-722.1644
-722.1644
-722.1644
-721.9298
-721.9298
-722.6098
-721.1716
-720.7252
-720.7252
-720.2438
-720.2438
-720.2438
-721.4805
-722.4644
-720.3085
-719.5073
-721.0043
-719.8696
-719.8696
-721.8486
-722.7854
-722.7854
-721.2349
-722.1083
-720.0343
-720.0343
-720.4951
-720.1951
-720.533
-719.7539
-720.1086
-720.1086
-720.1086
-720.1086
-720.1086
-720.2969
-720.0182
-720.1139
-719.8648
-719.9129
-720.9786
-719.6526
-719.6526
-719.5184
-719.5184
-721.2503
-721.2503
-722.8645
-719.9472
-720.056
-720.056
-720.5218
-720.5218
-720.8158
-721.6719
-720.4251
-719.9301
-719.9301
-719.9301
-719.9301
-719.8963
-720.2775
-721.1355
-721.1355
-722.4115
-722.8034
-722.6836
-724.4661
-723.0828
-723.0828
-723.0828
-722.7363
-722.7363
-719.9696
-721.0533
-719.9367
-719.9367
-719.9852
-721.0044
-719.8071
-719.8071
-719.8071
-719.8071
-719.7724
-720.4478
-719.7107
-720.2214
-720.853
-719.5545
-720.8905
-720.4207
-720.0668
-720.0668
-720.6534
-720.6534
-720.6534
-720.6534
-720.6534
-723.3963
-723.3963
-722.256
-722.256
-722.256
-721.23
-721.23
-721.23
-720.2221
-720.6303
-720.8684
-720.6929
-719.8679
-719.8001
-719.8001
-721.3083
-723.6376
-723.6376
-723.6376
-721.6199
-721.0602
-719.3767
-719.3767
-719.3767
-721.021
-720.9689
-720.9846
-720.6149
-720.6491
-720.5985
-720.5985
-720.2742
-720.2742
-720.5686
-720.5686
-720.5686
-720.5686
-720.5686
-720.3112
-720.8228
-720.3731
-720.7504
-720.9193
-720.053
-720.5733
-720.0786
-720.0786
-721.2064
-721.2064
-720.7264
-720.7264
-720.7264
-720.7264
-720.8747
-720.5562
-720.5562
-722.0255
-719.2561
-719.3776
-719.3776
-719.3776
-721.9688
-724.4905
-723.9388
-723.1961
-721.0145
-719.938
-719.938
-720.3123
-720.8147
-720.8147
-721.9692
-721.5818
-720.6196
-720.4726
-720.4726
-720.4726
-720.4726
-720.4726
-720.4726
-720.4726
-720.4726
-720.4726
-719.6347
-719.8506
-720.6776
-721.0626
-721.0626
-720.5424
-720.3338
-722.034
-722.0164
-719.5098
-719.5098
-720.4578
-721.869
-720.5159
-720.5159
-720.5159
-720.5159
-720.5159
-720.1635
-720.1635
-720.2408
-720.2408
-720.2408
-719.7136
-719.7136
-719.74
-721.2494
-719.8777
-719.8777
-719.8777
-719.8777
-719.8777
-719.6565
-719.6565
-719.6565
-719.4622
-719.4622
-720.6605
-719.8774
-719.7046
-720.1032
-719.8337
-719.6604
-719.6604
-719.7742
-719.7978
-720.9749
-721.8212
-721.8212
-721.8212
-721.8212
-721.1048
-721.1526
-721.1526
-721.9933
-720.4978
-720.0668
-719.4454
-720.114
-720.5861
-721.8288
-721.8288
-722.325
-724.1424
-724.1424
-721.065
-720.6521
-720.6521
-720.6521
-721.0076
-721.8678
-720.7734
-720.8101
-721.029
-721.0521
-721.0783
-720.4063
-720.4818
-720.4818
-720.9966
-720.9966
-720.8595
-719.7241
-720.2536
-720.8536
-720.8536
-720.0496
-720.0496
-720.0496
-720.0496
-720.2007
-720.6586
-721.2532
-721.2896
-719.1566
-719.1566
-719.8397
-720.3238
-721.3343
-721.3343
-721.3343
-721.3343
-720.22
-719.9602
-719.9602
-719.9602
-719.993
-721.2666
-719.5637
-719.5637
-720.5479
-719.5897
-719.1255
-719.1255
-719.1255
-719.1255
-719.1255
-719.2504
-721.92
-723.44
-723.44
-722.8077
-720.8576
-722.6057
-723.4691
-723.2092
-721.9892
-724.4274
-720.0473
-719.5134
-719.5134
-719.5134
-720.0368
-720.0368
-719.7539
-719.7539
-719.7539
-719.7539
-719.9784
-719.9784
-719.9784
-720.5409
-720.6927
-720.6927
-720.2218
-720.2218
-721.7771
-721.0449
-720.5564
-720.5564
-719.7881
-719.7881
-719.507
-719.5906
-719.2649
-719.2649
-719.2649
-719.2649
-719.281
-719.4639
-719.5477
-719.6794
-721.4468
-721.9265
-720.6104
-721.8119
-722.0624
-722.0624
-722.0624
-723.0533
-722.9836
-722.1089
-723.8679
-723.0762
-723.0762
-723.0762
-723.5415
-720.8597
-720.8597
-720.8597
-720.8597
-720.4625
-720.4625
-721.8321
-719.4747
-719.8072
-720.2456
-720.2456
-720.732
-721.5362
-721.4583
-721.4313
-721.4313
-721.4313
-723.874
-719.3563
-719.3563
-719.3563
-719.3563
-720.668
-721.4881
-720.5196
-720.5196
-720.9186
-719.6015
-720.1771
-720.1771
-719.5036
-719.9963
-719.9963
-719.9963
-719.2998
-719.786
-720.5458
-720.7772
-720.7772
-720.1137
-719.5938
-719.5938
-720.1552
-719.6007
-720.6489
-720.0425
-720.0425
-720.3577
-719.9163
-719.9163
-719.8187
-719.4315
-719.4315
-719.4315
-719.4315
-719.4315
-719.945
-719.945
-719.945
-719.945
-719.945
-719.945
-719.945
-720.0019
-719.8348
-719.1885
-719.1885
-721.5243
-721.1523
-720.5365
-720.5365
-720.2247
-720.2247
-720.1661
-720.1661
-720.1661
-719.4864
-719.4864
-720.1241
-719.8655
-719.8655
-719.8655
-719.9285
-719.9285
-719.9285
-719.9285
-721.0003
-721.3133
-721.3133
-719.8165
-720.1562
-721.9388
-721.9388
-721.9388
-720.9659
-720.7397
-719.9326
-719.9326
-719.7826
-719.9298
-719.4822
-720.5063
-720.5063
-720.5063
-720.5063
-720.5063
-719.8297
-719.8297
-719.7638
-720.2788
-720.0583
-720.0583
-720.5767
-720.1627
-722.3304
-719.8512
-721.2172
-721.2172
-720.9334
-721.272
-720.3975
-720.3975
-719.3681
-719.3717
-719.3717
-720.7465
-719.8799
-720.2494
-720.4937
-720.4937
-719.5722
-721.0185
-722.3066
-720.2307
-721.2374
-721.6491
-721.6491
-721.5395
-720.0029
-719.6894
-719.6894
-719.6894
-719.7355
-719.7355
-719.2484
-719.8955
-719.8955
-720.4493
-720.1774
-720.5749
-720.3674
-719.4062
-719.5246
-719.5246
-720.5241
-720.5241
-722.2538
-720.4324
-719.0829
-719.0829
-719.4459
-719.4459
-719.4459
-719.4459
-719.4459
-719.4459
-719.4459
-719.4459
-719.4459
-719.4459
-719.4459
-719.4459
-721.4877
-721.1095
-722.1489
-722.0205
-720.687
-720.1386
-720.0553
-720.8
-720.1602
-720.5254
-720.5254
-720.5254
-720.5254
-722.7234
-723.4503
-720.7848
-720.3282
-720.1216
-720.2763
-720.2763
-720.2763
-719.5271
-719.5271
-719.5271
-719.5271
-719.5271
-719.5271
-719.5271
-719.5271
-719.5271
-719.5271
-719.5271
-719.5271
-719.5271
-719.6384
-719.2924
-720.6692
-720.1215
-719.9303
-720.0659
-720.2794
-721.2644
-720.9156
-720.1677
-720.0234
-720.1267
-720.2659
-720.351
-720.6323
-720.6323
-720.3642
-720.6678
-721.0733
-721.0733
-719.7952
-719.7952
-719.9052
-720.9324
-719.3853
-719.657
-720.4763
-720.4763
-720.4763
-720.4365
-720.9097
-719.897
-720.0204
-720.0204
-720.6931
-720.704
-720.2659
-720.2659
-719.5261
-719.5261
-719.5261
-720.2151
-720.9119
-720.4615
-721.6396
-721.6396
-721.6396
-721.6629
-720.4965
-720.4965
-720.6094
-721.3574
-719.5521
-719.7246
-719.66
-719.66
-720.2176
-719.5505
-721.1713
-721.1713
-721.2927
-721.2927
-721.2927
-721.2927
-721.2927
-719.8817
-719.8817
-720.0363
-721.7679
-720.2274
-720.2274
-719.7578
-719.7578
-720.9838
-720.9838
-719.5525
-719.5525
-719.5525
-719.5525
-719.7206
-720.3322
-720.3322
-720.3322
-719.4026
-720.5145
-719.8317
-719.8317
-720.1168
-720.0525
-720.0525
-719.5573
-720.1737
-720.2517
-719.3737
-719.5886
-719.3192
-720.0493
-719.3689
-719.3689
-719.6755
-719.2099
-719.2753
-719.2753
-719.2753
-719.2753
-719.2753
-719.2753
-719.2753
-719.2753
-720.2696
-719.4483
-720.6434
-720.6434
-719.5591
-720.8056
-719.9014
-719.9014
-719.9014
-719.9014
-719.9014
-720.0626
-720.0626
-719.6486
-721.1079
-719.73
-720.1216
-720.4747
-720.4747
-719.1815
-719.1815
-719.8245
-720.4833
-720.4042
-720.2757
-720.3166
-720.4983
-720.4399
-720.4399
-720.4399
-725.6822
-721.6714
-720.5921
-722.4853
-719.5875
-719.5875
-720.2151
-719.6629
-719.8765
-719.4962
-720.1473
-721.7388
-721.7388
-721.6634
-721.5789
-721.2992
-721.2044
-721.2044
-722.6278
-722.4141
-723.7003
-721.3517
-720.459
-719.2007
-719.2007
-719.5584
-719.5584
-719.5584
-720.0979
-720.0979
-719.7864
-720.8066
-721.6207
-721.6207
-721.6207
-722.526
-721.3009
-722.3574
-721.4583
-720.4089
-720.5679
-720.5679
-722.1439
-722.3043
-722.3043
-720.6744
-720.6744
-721.6594
-721.9105
-719.7908
-720.3194
-719.3169
-719.5542
-720.0322
-719.5037
-721.5933
-721.5933
-721.208
-721.208
-721.208
-720.7384
-720.0897
-721.9272
-721.9272
-723.2729
-722.2484
-720.221
-720.221
-720.221
-720.221
-719.3549
-719.9186
-719.5176
-719.5176
-719.8765
-719.8765
-719.7902
-719.3064
-719.3064
-719.3064
-719.3064
-719.4795
-720.8545
-720.3413
-720.3413
-720.3413
-719.8065
-719.8065
-719.8065
-720.1453
-720.1126
-719.991
-720.5498
-719.9152
-723.7449
-723.0194
-720.106
-720.3544
-721.3601
-721.3601
-720.7536
-720.2289
-720.1025
-720.1025
-721.3439
-720.9178
-721.4416
-721.9508
-721.2641
-721.2641
-719.394
-719.394
-719.394
-719.394
-719.394
-719.394
-719.5711
-719.5711
-720.8734
-719.3019
-719.3019
-719.3019
-720.0532
-721.8082
-719.5066
-719.4831
-720.5541
-720.5034
-720.3926
-720.4708
-720.9162
-720.9162
-719.573
-719.8749
-719.8749
-720.0862
-719.9638
-719.637
-719.3527
-719.3527
-720.1568
-720.2689
-720.2689
-719.3979
-720.8065
-719.5751
-720.4957
-720.1457
-720.7744
-720.7744
-720.3313
-721.4064
-721.4064
-719.7015
-722.0303
-721.6082
-721.6082
-721.3891
-721.1453
-721.1453
-719.4437
-720.1607
-720.2762
-720.2762
-719.8544
-720.289
-720.289
-719.3263
-719.3263
-719.9105
-719.9105
-719.7776
-719.7776
-719.6338
-719.6338
-720.167
-719.4331
-719.4331
-719.9192
-720.6501
-719.9114
-719.9114
-719.9114
-719.9114
-719.9114
-719.9114
-720.7011
-723.0741
-720.9263
-720.9263
-720.9263
-720.9263
-720.9263
-720.9263
-720.9263
-721.3144
-721.3144
-722.4054
-720.88
-719.7853
-719.7853
-720.1873
-722.0385
-721.7372
-720.819
-719.3419
-719.3419
-720.9055
-719.9579
-720.0415
-720.0415
-720.289
-720.289
-719.7626
-719.7626
-720.7854
-719.7629
-719.7629
-719.1594
-719.1594
-720.2683
-720.7976
-721.8978
-720.9509
-719.8448
-720.2603
-720.0579
-719.779
-720.0803
-719.7566
-719.4895
-719.4895
-719.4895
-720.3699
-722.3675
-721.0924
-720.0063
-719.5774
-720.0071
-719.7757
-719.9892
-720.5894
-720.5894
-722.3158
-720.0932
-720.9349
-720.2887
-720.2887
-720.2887
-722.6254
-722.2681
-721.4505
-721.4505
-721.278
-722.9212
-722.9212
-722.9212
-721.278
-721.278
-723.41
-720.6513
-721.6583
-721.4153
-721.4153
-721.4153
-721.4153
-719.7065
-719.7065
-719.7065
-719.7065
-721.4261
-719.6764
-720.3049
-719.8601
-720.0046
-720.0046
-720.0046
-721.3413
-721.1978
-721.1978
-719.6679
-719.5335
-720.0526
-720.0526
-719.8175
-719.8175
-720.4978
-723.2864
-724.184
-721.1906
-722.6527
-720.65
-719.6369
-719.6369
-719.7109
-719.7109
-719.7109
-719.7109
-719.4194
-719.8303
-721.5387
-722.0073
-722.094
-721.8264
-721.2833
-720.6044
-722.3642
-720.9272
-720.5717
-720.5717
-720.5717
-720.1212
-720.1212
-720.7174
-722.3735
-720.2949
-720.2949
-720.2949
-719.7094
-720.7605
-720.2617
-720.2617
-720.2617
-720.3484
-720.453
-721.5063
-721.5063
-719.9532
-720.7668
-720.7668
-720.7668
-720.0542
-720.0542
-720.2663
-720.2663
-720.2663
-719.4449
-719.4449
-719.4449
-719.4449
-721.0883
-721.0883
-720.0668
-720.6811
-720.592
-720.2362
-720.2362
-720.2362
-720.3887
-720.4778
-720.3337
-721.2657
-721.5207
-721.5207
-721.5207
-723.9206
-723.9206
-723.2892
-723.5253
-723.5253
-723.5253
-720.7812
-719.708
-719.708
-719.708
-719.8067
