-1578.574
-719.3165
-719.4608
-719.4608
-719.4608
-719.4386
-722.6588
-722.6588
-720.485
-719.8825
-719.8825
-719.8825
-719.5287
-720.1085
-720.1085
-720.4145
-720.5886
-720.5886
-721.9991
-720.6608
-720.7231
-720.7231
-719.6926
-719.6926
-719.6926
-723.087
-723.2722
-723.5977
-724.6868
-723.3279
-721.0034
-720.5884
-720.5884
-721.1617
-721.1617
-721.1617
-721.0558
-719.8161
-719.8161
-720.6059
-720.8199
-720.8199
-720.8199
-720.5682
-720.8196
-719.5339
-719.5339
-719.5339
-719.5339
-719.5339
-719.5339
-719.5339
-719.5339
-719.6236
-719.6714
-719.6714
-719.6714
-719.6714
-720.0186
-719.537
-719.3306
-719.3742
-721.0274
-720.1072
-722.7589
-721.1848
-722.0548
-721.1837
-721.1837
-721.2882
-720.7088
-720.7088
-720.7088
-720.7088
-720.7088
-719.4475
-719.3355
-719.3355
-719.3355
-719.3355
-719.3355
-720.4075
-720.656
-722.1344
-720.5146
-719.8777
-721.0034
-721.0034
-721.2437
-719.4707
-719.4707
-719.4707
-719.4707
-719.4707
-719.4707
-719.8561
-719.8561
-719.3868
-719.7709
-720.3449
-720.3449
-720.321
-719.4262
-719.4262
-719.1636
-719.1636
-719.6679
-721.9877
-723.1019
-720.7469
-719.4845
-719.1398
-719.8111
-719.8111
-719.8111
-720.7807
-720.7807
-720.7807
-720.374
-721.0883
-721.9003
-720.8217
-720.6209
-720.6209
-720.6209
-720.6209
-721.3287
-721.6866
-721.3574
-721.3574
-719.0259
-719.0259
-719.0259
-719.1473
-719.1473
-719.1473
-719.1473
-719.1473
-719.5394
-719.8072
-720.0173
-720.6897
-721.4353
-720.9401
-720.4017
-721.5363
-721.5363
-720.373
-720.9042
-723.7183
-723.7183
-722.747
-720.9154
-719.8015
-719.9714
-720.8752
-720.3009
-720.2078
-722.8375
-722.0152
-722.0152
-720.0087
-720.0087
-720.0087
-720.0087
-719.6296
-719.6907
-719.6907
-719.5229
-720.5004
-720.3811
-721.2914
-720.4487
-720.9056
-721.1815
-720.2145
-720.2145
-720.2145
-720.2145
-720.9006
-721.446
-721.446
-721.446
-721.4981
-721.0958
-720.5088
-719.9659
-721.218
-721.218
-719.3795
-719.3795
-719.3795
-719.3795
-719.3795
-719.3795
-719.3795
-719.3795
-719.3795
-719.3795
-719.25
-719.25
-719.25
-719.25
-719.25
-720.2506
-720.2506
-721.257
-719.8038
-720.5111
-721.9764
-721.276
-721.276
-721.276
-719.8465
-719.8465
-719.8465
-719.8465
-720.1112
-720.1112
-719.6444
-721.2168
-720.1274
-719.3997
-719.3997
-720.1184
-719.933
-721.3966
-719.6923
-719.6923
-719.6923
-720.2096
-720.6966
-720.6966
-720.6966
-721.3034
-721.9746
-721.2008
-719.7995
-719.7995
-719.7995
-719.7995
-719.4924
-719.4924
-720.3543
-720.3543
-721.1896
-721.1264
-720.1474
-720.4601
-719.525
-719.702
-719.702
-719.3773
-719.3773
-719.7853
-722.3763
-721.2935
-720.3791
-719.9021
-719.9281
-719.9281
-720.0175
-720.0175
-720.4622
-720.4622
-720.4622
-719.3805
-720.1256
-720.1009
-721.188
-720.4677
-720.3683
-720.645
-720.645
-724.0018
-720.0033
-720.0111
-720.0111
-719.438
-720.8471
-720.9033
-720.487
-720.5407
-721.0275
-721.0275
-720.3001
-720.6043
-719.6106
-719.6106
-719.6106
-719.6106
-720.911
-720.911
-723.4463
-723.4463
-720.261
-720.261
-719.7767
-719.9427
-721.4219
-721.4219
-721.4219
-721.2222
-720.6361
-721.508
-721.508
-721.3684
-721.2754
-721.41
-720.7013
-720.7013
-721.6997
-721.6997
-720.9892
-720.1054
-719.7138
-719.7138
-720.0965
-719.1558
-719.328
-720.1301
-720.5871
-721.0246
-721.0246
-721.0246
-719.4758
-719.9978
-719.9978
-719.1998
-719.1998
-719.1998
-719.1998
-719.1998
-720.3818
-720.3656
-719.9809
-719.8693
-719.9703
-719.9703
-720.5038
-720.3646
-720.3646
-720.3646
-720.3646
-721.4134
-720.7966
-720.7966
-720.7966
-722.0029
-721.2836
-720.5643
-720.5643
-720.8103
-720.8539
-719.7958
-721.4566
-720.8016
-720.8016
-720.1506
-719.9077
-719.9077
-720.6158
-721.2015
-721.2015
-719.8988
-719.8988
-719.5768
-719.5768
-720.0799
-720.3862
-721.5797
-721.5797
-721.5797
-720.0963
-720.0963
-720.5033
-720.5033
-720.5033
-720.5033
-720.5033
-720.5033
-720.2831
-720.2831
-720.7963
-720.9569
-719.3854
-721.6477
-721.1283
-720.984
-720.984
-723.3501
-721.9051
-720.1219
-720.0406
-720.0406
-723.0964
-720.5918
-720.0614
-720.9808
-720.9808
-720.9808
-719.4322
-719.3152
-719.3727
-719.3727
-719.6821
-719.7272
-719.7272
-719.7272
-719.0615
-721.1866
-721.1866
-721.7864
-719.7753
-719.9843
-721.5233
-721.7943
-721.1663
-721.4747
-723.0419
-721.2535
-721.2535
-721.2535
-721.0979
-720.7676
-727.5589
-725.3835
-722.2526
-722.2526
-721.1618
-720.3306
-720.3306
-720.3306
-720.3306
-720.3306
-719.9672
-719.9672
-719.9672
-719.9672
-720.0989
-720.0575
-720.0575
-720.0575
-720.7681
-721.3263
-721.7113
-720.4922
-719.505
-719.505
-719.505
-719.9936
-721.0112
-720.0347
-720.0347
-719.1192
-720.195
-720.195
-720.195
-721.6113
-721.1092
-719.983
-719.983
-721.64
-722.4396
-722.1867
-721.2096
-721.1119
-721.0491
-720.9877
-723.3579
-724.6553
-724.6841
-724.6841
-721.0656
-720.5296
-719.4327
-719.4327
-719.57
-719.6246
-720.7747
-723.1544
-722.3306
-720.0037
-720.0037
-720.0037
-720.1179
-721.0563
-719.6113
-719.6113
-720.1127
-720.4035
-721.0471
-720.894
-720.5278
-719.8173
-719.8173
-719.8173
-719.8173
-719.8173
-719.8173
-719.8173
-720.7241
-720.318
-720.8589
-720.5905
-720.5905
-720.1668
-720.1668
-719.8471
-719.2619
-719.2619
-719.2619
-719.2619
-719.2619
-719.2619
-719.2619
-719.2807
-719.7535
-720.8029
-724.4408
-722.3468
-721.4191
-722.2524
-721.286
-719.8471
-719.6486
-721.3528
-719.9977
-720.2199
-720.2199
-720.2199
-719.5712
-720.6915
-719.9404
-719.9404
-719.9404
-719.9404
-720.7503
-720.7503
-722.8926
-721.7401
-721.7401
-720.5501
-720.5501
-720.5501
-720.5501
-720.5501
-720.5501
-720.5501
-720.5501
-720.5501
-720.5501
-720.5501
-719.35
-719.35
-719.35
-719.4317
-721.0578
-719.8334
-720.1804
-719.3639
-719.8983
-720.4376
-720.8997
-719.6936
-721.1263
-723.0659
-722.1545
-721.421
-721.421
-721.421
-722.0673
-723.4329
-719.6273
-719.356
-719.356
-720.2662
-720.2662
-720.2662
-720.2456
-720.2456
-720.2456
-719.4688
-719.5155
-719.5155
-719.4797
-719.5877
-719.6369
-720.4064
-720.4064
-720.4303
-720.5356
-720.5356
-720.2419
-720.6134
-720.6134
-719.3957
-719.3957
-719.342
-719.342
-719.9074
-720.0874
-721.2248
-721.6327
-720.9185
-720.257
-719.9016
-719.9016
-719.9016
-719.4286
-721.0128
-719.6866
-719.6866
-719.6866
-720.3459
-720.5951
-720.7001
-720.6921
-720.9463
-719.4525
-719.4525
-719.4525
-719.4525
-719.4525
-719.4525
-721.411
-721.411
-719.7531
-720.104
-720.104
-719.8513
-719.8513
-721.6043
-721.6043
-721.9804
-721.1259
-720.8241
-720.8241
-719.5625
-719.5625
-719.5625
-719.5625
-720.7317
-720.1814
-720.1814
-720.5318
-720.5318
-720.5318
-720.5318
-720.5318
-719.7232
-719.7232
-719.7232
-719.68
-719.9974
-720.0558
-719.3196
-719.3196
-719.5048
-719.7892
-719.8925
-720.8104
-720.6215
-720.6215
-721.4342
-720.0829
-720.0829
-720.0829
-719.8327
-720.3613
-719.4287
-719.4151
-721.0014
-721.3956
-720.1819
-721.6883
-721.6883
-721.6883
-721.2998
-721.238
-720.2826
-721.6913
-722.8214
-722.8214
-721.7737
-721.5583
-722.1156
-721.1158
-721.5843
-720.8779
-721.6193
-720.015
-719.4218
-720.2259
-720.2259
-720.2259
-719.166
-720.2409
-720.7947
-720.7947
-720.886
-722.7778
-721.1413
-720.4671
-720.0195
-721.7023
-720.0383
-719.9928
-721.8226
-720.9217
-720.9217
-724.6514
-725.109
-725.109
-727.4391
-726.0074
-726.0074
-725.3946
-725.3946
-723.1005
-723.1005
-723.1005
-723.1005
-722.1121
-719.7069
-719.7069
-719.7069
-719.7069
-719.7069
-719.7069
-720.4039
-720.4039
-720.5178
-720.5178
-720.5178
-720.4843
-719.9049
-720.2138
-719.8743
-719.8743
-719.8764
-719.8764
-720.0405
-719.6828
-722.7724
-720.7561
-720.6471
-721.0858
-720.7388
-719.6193
-722.4168
-722.4168
-722.4168
-719.9042
-719.9042
-719.9042
-720.0015
-722.8201
-720.0272
-719.169
-719.9946
-719.2722
-720.4107
-720.903
-720.903
-719.4261
-719.706
-719.706
-721.4747
-720.2304
-720.2304
-720.0426
-719.5384
-720.1152
-719.7643
-719.7643
-719.7643
-721.1382
-721.2133
-721.2133
-721.2133
-719.44
-719.4006
-719.4006
-719.4006
-719.4006
-719.917
-720.6108
-720.4914
-720.3966
-719.6158
-719.6158
-719.6158
-722.1082
-722.3784
-722.1249
-722.1249
-721.6475
-719.7481
-719.7481
-719.7481
-719.4738
-719.4738
-720.5853
-720.6304
-720.6304
-720.6304
-720.6304
-720.6795
-720.0059
-719.4889
-721.1732
-721.1732
-721.1732
-721.2112
-719.8658
-720.2351
-720.6362
-720.8107
-720.7338
-721.3629
-721.451
-721.2164
-721.2164
-721.2164
-721.2164
-721.2164
-720.283
-720.9988
-720.9988
-721.4731
-720.7175
-721.3396
-719.5656
-719.5656
-719.5656
-719.9459
-719.1844
-719.1844
-719.1844
-720.5772
-720.5772
-719.9919
-720.7852
-721.647
-720.238
-720.2287
-720.2287
-720.2287
-720.2287
-720.2287
-720.2287
-720.2287
-720.2287
-719.9809
-720.4006
-720.9657
-719.9004
-720.4212
-720.4212
-723.749
-722.6999
-724.945
-720.2431
-720.2431
-720.2431
-720.2431
-720.4359
-721.3136
-719.9263
-720.5055
-723.6524
-723.0545
-722.6732
-721.7911
-721.5448
-722.5117
-722.0948
-723.3421
-723.3421
-722.8213
-720.6772
-720.5309
-720.5309
-721.6625
-719.468
-720.759
-720.7773
-720.9482
-720.5806
-720.5806
-720.6709
-719.8405
-719.8405
-719.986
-719.7957
-720.9764
-721.3993
-721.3718
-721.7985
-720.593
-720.593
-723.1757
-723.1757
-720.1925
-721.829
-720.4855
-720.2916
-721.054
-721.054
-719.6463
-719.6463
-720.5588
-719.9851
-719.9851
-721.0934
-720.1469
-720.1469
-719.9535
-719.5871
-719.5871
-719.5871
-719.5871
-720.877
-719.6678
-719.6678
-719.6678
-719.6678
-719.497
-719.8078
-719.7024
-719.7024
-720.4452
-721.7175
-721.3323
-722.9599
-720.6463
-720.6463
-721.2173
-722.8557
-724.1797
-724.1797
-722.186
-722.186
-722.186
-720.3136
-720.3136
-720.3136
-720.3136
-719.9987
-721.0245
-721.0245
-721.4284
-721.4284
-720.5692
-721.7067
-721.1868
-719.9812
-719.9812
-721.1166
-720.547
-719.9238
-720.3779
-720.2034
-719.631
-719.631
-720.0849
-719.4038
-719.4038
-721.4827
-721.4594
-720.6986
-721.9021
-721.7334
-720.9969
-720.3898
-719.8429
-719.8429
-719.8429
-720.6537
-720.6537
-720.1139
-720.1139
-720.1139
-720.1139
-720.3867
-720.8979
-721.1815
-721.4143
-721.892
-720.5309
-720.5309
-720.5309
-721.5602
-720.1208
-720.1208
-720.4966
-720.4966
-721.1722
-721.6125
-721.6125
-720.3399
-720.4505
-721.9393
-720.3643
-720.1101
-719.4474
-719.4474
-724.0122
-724.4284
-722.2502
-722.2502
-720.5205
-720.5205
-720.5205
-720.5205
-720.5205
-720.5205
-719.7991
-719.7991
-719.7991
-719.6987
-719.6987
-719.6987
-719.4035
-719.4035
-719.8863
-719.8863
-719.8106
-719.8106
-719.8106
-722.9878
-721.7505
-721.7505
-720.2676
-719.474
-719.474
-720.2541
-719.6508
-720.6097
-720.2908
-721.075
-720.3217
-720.3217
-721.2644
-719.6043
-719.6043
-719.6043
-719.4409
-721.1762
-721.0595
-721.0595
-721.9522
-721.9522
-719.3605
-720.6789
-721.1337
-721.0629
-721.4651
-720.8401
-720.8401
-720.8401
-720.465
-719.6804
-719.4564
-719.4564
-719.4564
-719.3942
-719.3942
-719.3942
-720.4685
-721.8672
-720.4913
-720.4913
-720.4913
-720.4913
-719.508
-719.508
-719.508
-719.508
-719.508
-719.508
-719.508
-719.508
-719.508
-719.508
-721.4989
-720.6062
-721.2697
-721.1169
-720.6256
-721.1494
-720.4354
-721.2336
-720.4821
-719.3439
-719.7741
-720.1222
-720.9678
-720.3753
-721.8409
-721.8409
-720.7386
-720.7386
-720.7386
-720.0332
-720.0332
-720.148
-720.148
-720.148
-719.7572
-719.7572
-720.1252
-720.1252
-720.8155
-720.1737
-720.1737
-720.1737
-720.1525
-720.5406
-719.7717
-720.0381
-721.0252
-720.5089
-720.262
-720.2446
-720.2446
-720.2446
-720.2446
-721.2835
-721.4016
-720.7563
-720.8238
-719.2715
-720.4165
-720.4165
-720.4165
-720.2258
-720.5164
-720.5164
-719.4357
-719.4357
-719.5416
-719.5416
-719.5416
-719.3864
-719.3864
-720.768
-720.075
-720.075
-720.075
-719.6169
-719.735
-721.3588
-722.1004
-722.1004
-720.879
-721.209
-720.7812
-720.7812
-720.7812
-720.7812
-720.7812
-720.7812
-720.7812
-720.7812
-720.7812
-720.7812
-720.7812
-720.7812
-720.7812
-720.7812
-720.7812
-720.7812
-720.7812
-720.7812
-720.7812
-720.7812
-720.7812
-720.7812
-720.7812
-720.7812
-720.7812
-720.7812
-720.7812
-720.7812
-720.7812
-720.7812
-720.7812
-720.7812
-720.7812
-720.7812
-720.7812
-720.7812
-720.7812
-720.7812
-720.7812
-720.7812
-720.7812
-720.7812
-720.7812
-720.7812
-720.7812
-720.7812
-720.7812
-720.7812
-720.7812
-720.7812
-720.7812
-720.7812
-720.181
-720.0717
-719.538
-719.3511
-719.3511
-719.3511
-719.7401
-719.9096
-720.5182
-720.5182
-719.662
-720.2804
-720.2804
-721.8427
-720.8924
-720.8924
-721.9349
-720.5671
-720.5671
-720.7738
-720.7738
-721.8283
-720.6988
-720.6988
-721.253
-723.1076
-723.1076
-722.7423
-724.4351
-725.5428
-724.7638
-724.7638
-724.7638
-723.8437
-723.8437
-719.4047
-722.3733
-720.1541
-721.0355
-721.4198
-720.3602
-721.0477
