0.62882 -0.434862 0.207142 0.287065 0.006658
0.20528 -0.167007 0.041863 -0.262209 -0.226616
0.20528 -0.167007 0.041863 -0.262209 -0.226616
0.185786 -0.102292 0.063696 -0.284949 -0.319368
0.185786 -0.102292 0.063696 -0.284949 -0.319368
0.185786 -0.102292 0.063696 -0.284949 -0.319368
0.028152 -0.363396 -0.091289 -0.010256 0.179957
0.067323 -0.302125 -0.058082 -0.094198 0.049073
0.043324 -0.331098 -0.060753 -0.009306 0.107911
0.150145 -0.176818 0.065949 -0.022713 -0.162
0.158535 -0.200295 0.038616 -0.150876 -0.123203
0.198993 -0.248931 0.003602 -0.118331 0.047624
0.148534 -0.196896 -0.070978 -0.285515 0.135288
0.20573 -0.103935 -0.008889 -0.413055 -0.078815
0.20573 -0.103935 -0.008889 -0.413055 -0.078815
0.20573 -0.103935 -0.008889 -0.413055 -0.078815
0.20573 -0.103935 -0.008889 -0.413055 -0.078815
0.132117 -0.245133 -0.04364 -0.184105 0.087232
0.270568 0.005466 0.080161 -0.352708 -0.250309
0.223118 -0.020893 0.051129 -0.141302 0.041915
0.199365 -0.053525 0.060324 -0.006488 0.129976
0.237318 -0.127609 0.023274 -0.047349 0.10528
0.163458 -0.245868 0.007412 0.236835 0.332593
0.173252 -0.205534 0.000901 -0.116584 0.130984
0.320342 -0.040585 0.118934 -0.091653 -0.071233
0.320342 -0.040585 0.118934 -0.091653 -0.071233
0.350747 0.064534 0.174648 -0.109522 -0.247549
0.276112 -0.113764 0.033688 -0.304202 -0.163533
0.161166 -0.265861 -0.05065 -0.353334 -0.029116
0.162752 -0.268771 -0.013125 -0.184982 -0.025475
0.083974 -0.38795 -0.067016 -0.310085 -0.109386
0.083974 -0.38795 -0.067016 -0.310085 -0.109386
0.182741 -0.24534 0.006136 -0.074408 0.044546
0.066171 -0.301999 -0.061386 -0.054934 0.050155
0.084116 -0.262843 -0.051348 0.054386 0.176666
0.19598 -0.2013 0.039868 0.10994 0.204274
0.19598 -0.2013 0.039868 0.10994 0.204274
0.19598 -0.2013 0.039868 0.10994 0.204274
0.253483 -0.115913 0.109593 0.033848 -0.029047
0.214046 -0.222324 0.004132 -0.23866 -0.087922
0.214046 -0.222324 0.004132 -0.23866 -0.087922
0.214046 -0.222324 0.004132 -0.23866 -0.087922
0.214046 -0.222324 0.004132 -0.23866 -0.087922
0.241057 -0.116571 0.066795 -0.183422 -0.152707
0.241057 -0.116571 0.066795 -0.183422 -0.152707
0.173557 -0.150024 0.009456 -0.420791 -0.259206
0.173557 -0.150024 0.009456 -0.420791 -0.259206
0.210684 -0.185824 0.03666 -0.432349 -0.467531
0.246991 -0.107075 0.060724 -0.511372 -0.53629
0.246991 -0.107075 0.060724 -0.511372 -0.53629
0.246991 -0.107075 0.060724 -0.511372 -0.53629
0.246991 -0.107075 0.060724 -0.511372 -0.53629
0.246991 -0.107075 0.060724 -0.511372 -0.53629
0.246991 -0.107075 0.060724 -0.511372 -0.53629
0.211894 -0.130554 0.012171 -0.246837 -0.106349
0.211894 -0.130554 0.012171 -0.246837 -0.106349
0.211894 -0.130554 0.012171 -0.246837 -0.106349
0.239629 -0.15294 0.074924 -0.08555 -0.133167
0.239629 -0.15294 0.074924 -0.08555 -0.133167
0.174828 -0.220522 0.025729 0.282534 0.364606
0.172566 -0.167072 0.037276 0.260346 0.321096
0.138467 -0.157663 0.023324 0.061825 0.087432
0.219681 -0.11817 0.098774 0.213161 -0.037683
0.274133 -0.07137 0.028096 -0.136203 -0.005347
0.143936 -0.17828 -0.067916 -0.409345 -0.073676
0.177775 -0.179073 -0.067909 -0.344784 0.069725
0.275992 -0.07959 0.026914 -0.0945 0.144059
0.256051 -0.121039 0.039138 -0.08312 0.017025
0.273835 -0.037542 0.147754 0.1112 -0.065837
0.273835 -0.037542 0.147754 0.1112 -0.065837
0.273835 -0.037542 0.147754 0.1112 -0.065837
0.184674 -0.17773 -0.009357 -0.368641 -0.220323
0.161151 -0.302736 -0.06531 -0.521928 -0.188521
0.161151 -0.302736 -0.06531 -0.521928 -0.188521
0.191742 -0.266112 -0.046031 -0.468203 -0.181541
0.191742 -0.266112 -0.046031 -0.468203 -0.181541
0.191742 -0.266112 -0.046031 -0.468203 -0.181541
0.191742 -0.266112 -0.046031 -0.468203 -0.181541
0.191742 -0.266112 -0.046031 -0.468203 -0.181541
0.133409 -0.302229 -0.126021 -0.535894 5.2e-05
0.212186 -0.228609 -0.030405 -0.276917 0.017541
0.215073 -0.09193 0.061622 0.108671 0.16517
0.141381 -0.108701 0.005817 0.108578 0.240592
0.141381 -0.108701 0.005817 0.108578 0.240592
0.114177 -0.210528 -0.059774 -0.407427 0.031773
0.284264 -0.041189 0.111923 0.049448 0.064126
0.266919 0.006483 0.133203 0.112686 -0.020999
0.084914 -0.21069 -0.023821 -0.053726 0.187712
0.196065 -0.035187 0.029088 -0.273259 -0.106492
0.206439 -0.085316 0.017078 -0.434236 -0.258453
0.241778 -0.10955 0.050057 -0.048146 0.044554
0.241778 -0.10955 0.050057 -0.048146 0.044554
0.186604 -0.196306 -0.039318 -0.282455 0.004787
0.164787 -0.216614 -0.100693 -0.572249 -0.052489
0.231688 -0.03405 0.044541 -0.429955 -0.3629
0.231688 -0.03405 0.044541 -0.429955 -0.3629
0.231688 -0.03405 0.044541 -0.429955 -0.3629
0.284369 -0.014998 0.10569 -0.226004 -0.246254
0.284369 -0.014998 0.10569 -0.226004 -0.246254
0.284369 -0.014998 0.10569 -0.226004 -0.246254
0.284369 -0.014998 0.10569 -0.226004 -0.246254
0.226098 -0.126502 0.007881 -0.390499 -0.178272
0.144625 -0.259315 -0.008556 -0.185373 -0.045834
0.206328 -0.18996 0.077312 0.003715 -0.231908
0.223245 -0.135224 0.134132 0.07567 -0.30521
0.177121 -0.164421 0.037462 -0.254883 -0.319951
0.206975 -0.088258 0.048364 -0.255967 -0.374835
0.16387 -0.142964 0.040319 -0.218514 -0.373203
0.16387 -0.142964 0.040319 -0.218514 -0.373203
0.16387 -0.142964 0.040319 -0.218514 -0.373203
0.246267 -0.021792 0.146486 -0.032311 -0.281922
0.246267 -0.021792 0.146486 -0.032311 -0.281922
0.05886 -0.346037 -0.008314 0.037226 0.062648
0.025314 -0.379894 -0.097343 -0.307705 0.015907
0.175405 -0.235126 -0.01397 -0.299187 -0.103872
0.175405 -0.235126 -0.01397 -0.299187 -0.103872
0.175405 -0.235126 -0.01397 -0.299187 -0.103872
0.175405 -0.235126 -0.01397 -0.299187 -0.103872
0.18759 -0.204835 -0.031025 -0.402698 -0.11836
0.18759 -0.204835 -0.031025 -0.402698 -0.11836
0.18759 -0.204835 -0.031025 -0.402698 -0.11836
0.16206 -0.154515 -0.05229 -0.527611 -0.14641
0.16206 -0.154515 -0.05229 -0.527611 -0.14641
0.16206 -0.154515 -0.05229 -0.527611 -0.14641
0.1226 -0.26284 -0.094292 -0.543118 -0.109946
0.1226 -0.26284 -0.094292 -0.543118 -0.109946
0.120478 -0.256088 -0.054548 -0.151079 0.208656
0.230003 -0.19558 0.017617 -0.266706 7.1e-05
0.233021 -0.157164 0.048845 0.175756 0.352721
0.256401 -0.164764 0.063196 0.14928 0.314856
0.24629 -0.122734 0.111457 0.063616 0.039045
0.048531 -0.318171 -0.087264 -0.258377 0.06931
0.268709 0.009363 0.137134 -0.060449 -0.151253
0.217278 -0.113541 0.033124 -0.28947 -0.146234
0.135272 -0.211168 -0.027524 -0.350655 -0.060459
0.135272 -0.211168 -0.027524 -0.350655 -0.060459
0.241554 -0.160205 0.030257 -0.343515 -0.165795
0.105747 -0.242639 -0.087889 -0.2346 0.129428
0.134834 -0.199551 0.001633 -0.288247 -0.134181
0.099521 -0.240534 -0.042613 -0.360746 -0.131938
0.099521 -0.240534 -0.042613 -0.360746 -0.131938
0.069187 -0.306931 -0.084421 -0.290201 -0.036285
0.069187 -0.306931 -0.084421 -0.290201 -0.036285
0.069187 -0.306931 -0.084421 -0.290201 -0.036285
0.069187 -0.306931 -0.084421 -0.290201 -0.036285
0.101611 -0.287508 -0.069744 -0.156099 0.103206
0.053478 -0.278911 -0.092673 0.022019 0.381557
0.052783 -0.213609 -0.048792 0.078518 0.277024
0.086127 -0.163868 0.009942 -0.134351 -0.112995
0.086127 -0.163868 0.009942 -0.134351 -0.112995
0.187543 -0.295602 0.022704 0.232313 0.239376
0.284868 0.001063 0.165252 -0.13786 -0.285567
0.284868 0.001063 0.165252 -0.13786 -0.285567
0.26908 -0.037727 0.126847 0.02431 -0.045127
0.26908 -0.037727 0.126847 0.02431 -0.045127
0.26908 -0.037727 0.126847 0.02431 -0.045127
0.200169 -0.096646 0.016125 -0.42911 -0.272656
0.200169 -0.096646 0.016125 -0.42911 -0.272656
0.058858 -0.356647 -0.048801 -0.088467 -0.007289
0.115878 -0.294678 0.050226 0.3335 0.150061
0.205442 -0.235503 0.087214 0.283274 0.109096
0.205442 -0.235503 0.087214 0.283274 0.109096
0.24789 -0.23077 0.090589 0.207123 0.03558
-0.007572 -0.512144 -0.001173 0.139981 -0.086135
0.091413 -0.425378 0.048571 -0.000754 -0.285673
-0.002844 -0.539839 -0.063712 -0.125559 -0.186258
0.074266 -0.512236 -0.061536 -0.287945 -0.342989
0.015862 -0.535763 -0.065129 -0.093501 -0.187397
0.032091 -0.549656 -0.032082 0.049784 -0.135207
0.070731 -0.552801 -0.068536 0.099147 0.11198
-0.025459 -0.6105 -0.152362 0.092744 0.280996
-0.002615 -0.428324 -0.174273 -0.120257 0.351337
0.050734 -0.465391 -0.161234 0.072032 0.583722
0.131047 -0.297591 -0.032479 0.19438 0.356675
0.302918 -0.120883 0.099788 -0.064753 -0.082117
0.141985 -0.272599 0.024783 -0.368738 -0.381369
0.141985 -0.272599 0.024783 -0.368738 -0.381369
0.152377 -0.315547 -0.020235 -0.306439 -0.073574
0.152377 -0.315547 -0.020235 -0.306439 -0.073574
0.048908 -0.455933 -0.117004 -0.330654 0.183087
0.048491 -0.460852 -0.101838 0.003857 0.390742
0.048491 -0.460852 -0.101838 0.003857 0.390742
0.048491 -0.460852 -0.101838 0.003857 0.390742
0.084322 -0.453008 -0.077899 0.075874 0.389158
0.084322 -0.453008 -0.077899 0.075874 0.389158
0.084322 -0.453008 -0.077899 0.075874 0.389158
0.081275 -0.339724 -0.085476 -0.479761 0.010347
0.081275 -0.339724 -0.085476 -0.479761 0.010347
-0.013935 -0.456067 -0.148777 -0.349609 0.191912
-0.007593 -0.403565 -0.108956 0.056651 0.370627
0.025122 -0.408511 -0.098575 0.142366 0.409713
0.025122 -0.408511 -0.098575 0.142366 0.409713
0.091662 -0.342565 -0.03766 0.180523 0.303325
0.091662 -0.342565 -0.03766 0.180523 0.303325
0.091662 -0.342565 -0.03766 0.180523 0.303325
0.018933 -0.302614 -0.052645 0.018119 0.214663
0.051825 -0.215741 0.013047 0.184545 0.130968
0.076457 -0.287147 -0.027834 -0.028781 0.062152
0.157238 -0.218662 0.015749 -0.163647 -0.063951
0.10621 -0.276726 -0.022192 0.079047 0.32485
0.137994 -0.276206 -0.026842 0.123028 0.327629
0.137994 -0.276206 -0.026842 0.123028 0.327629
0.145645 -0.379912 -0.011531 -0.024942 0.083495
0.106545 -0.321269 0.045706 0.154442 0.11277
0.106545 -0.321269 0.045706 0.154442 0.11277
0.21066 -0.03649 0.129231 -0.07733 -0.280003
0.058049 -0.194213 -0.018364 -0.293709 -0.142054
0.100313 -0.274704 -0.012651 0.129091 0.266487
0.100313 -0.274704 -0.012651 0.129091 0.266487
0.092719 -0.210609 -0.014611 -0.070306 0.110542
0.07895 -0.270568 -0.075242 -0.212419 0.156029
0.039239 -0.285147 -0.082655 -0.17148 0.124331
0.151332 -0.170865 -0.026697 -0.091597 0.125877
0.129528 -0.180989 -0.063639 -0.248639 0.105673
0.129528 -0.180989 -0.063639 -0.248639 0.105673
0.129528 -0.180989 -0.063639 -0.248639 0.105673
0.129528 -0.180989 -0.063639 -0.248639 0.105673
0.129528 -0.180989 -0.063639 -0.248639 0.105673
0.134426 -0.149738 -0.027275 -0.095323 0.151385
0.119612 -0.295511 -0.064239 0.046514 0.30956
0.118307 -0.188429 -0.00883 0.038048 0.125121
0.1548 -0.156311 0.030743 0.138631 0.162677
0.098487 -0.312176 -0.062145 -0.022034 0.183924
0.084548 -0.28222 -0.116138 -0.479281 0.114051
0.155045 -0.209458 -0.069721 -0.555551 -0.060829
0.155045 -0.209458 -0.069721 -0.555551 -0.060829
0.178784 -0.211024 -0.054528 -0.572832 -0.118724
0.178784 -0.211024 -0.054528 -0.572832 -0.118724
0.109 -0.25205 -0.044254 -0.337712 0.039504
0.109 -0.25205 -0.044254 -0.337712 0.039504
0.210687 -0.130085 0.101091 -0.031602 -0.00365
0.265312 -0.083374 0.122293 0.07726 -0.042459
0.254223 -0.167327 0.063595 -0.256761 -0.236665
0.254223 -0.167327 0.063595 -0.256761 -0.236665
0.229393 -0.108484 0.102792 0.135577 -0.064011
0.229393 -0.108484 0.102792 0.135577 -0.064011
0.302317 -0.024086 0.139566 -0.085988 -0.328184
0.248294 -0.048264 0.120513 -0.026669 -0.314721
0.278058 -0.10386 0.102831 -0.22459 -0.389576
0.275211 -0.04835 0.101917 -0.118853 -0.221255
0.275211 -0.04835 0.101917 -0.118853 -0.221255
0.275211 -0.04835 0.101917 -0.118853 -0.221255
0.275211 -0.04835 0.101917 -0.118853 -0.221255
0.221954 -0.042705 0.051939 -0.284944 -0.198642
0.167317 -0.092595 0.037085 -0.399429 -0.284802
0.101111 -0.152355 0.016876 -0.077486 -0.030892
0.101111 -0.152355 0.016876 -0.077486 -0.030892
0.264525 0.04941 0.169858 0.054745 -0.145071
0.208268 0.021306 0.099091 -0.028026 -0.056084
0.188417 -0.028621 0.069306 -0.078831 0.033876
0.256511 0.026621 0.048828 0.024383 0.173212
0.11004 -0.145072 -0.016679 0.387931 0.609612
0.11004 -0.145072 -0.016679 0.387931 0.609612
0.11004 -0.145072 -0.016679 0.387931 0.609612
0.039112 -0.200026 -0.050634 0.190135 0.434537
0.039112 -0.200026 -0.050634 0.190135 0.434537
0.139358 -0.175452 0.007069 0.073513 0.225761
0.212299 -0.048383 0.050671 0.067624 0.150696
0.149854 -0.176971 -0.017191 0.055878 0.236114
0.149854 -0.176971 -0.017191 0.055878 0.236114
0.224577 -0.154862 0.035695 0.101919 0.21821
0.225499 -0.050022 0.090811 -0.031075 0.017472
0.188141 -0.164772 0.005818 -0.399488 -0.126072
0.188141 -0.164772 0.005818 -0.399488 -0.126072
0.188141 -0.164772 0.005818 -0.399488 -0.126072
0.188141 -0.164772 0.005818 -0.399488 -0.126072
0.226643 -0.083495 0.074123 -0.295491 -0.234118
0.237049 -0.159026 0.112981 0.205245 0.054175
0.169262 -0.228638 0.029336 0.138957 0.145114
0.199997 -0.243405 0.044126 0.038691 0.044548
0.207118 -0.129585 0.115559 0.221912 -0.023088
0.198707 -0.131305 0.07111 0.066115 0.04071
0.265572 -0.028027 0.09975 0.116718 0.045112
0.161076 -0.179673 0.041549 -0.189793 -0.105424
0.132795 -0.290629 -0.008969 -0.043615 0.015822
0.132795 -0.290629 -0.008969 -0.043615 0.015822
0.050955 -0.359215 -0.109051 -0.215334 0.081576
0.050955 -0.359215 -0.109051 -0.215334 0.081576
0.050955 -0.359215 -0.109051 -0.215334 0.081576
0.050955 -0.359215 -0.109051 -0.215334 0.081576
0.050955 -0.359215 -0.109051 -0.215334 0.081576
0.013546 -0.360539 -0.17342 -0.357003 0.068772
0.013546 -0.360539 -0.17342 -0.357003 0.068772
0.01472 -0.309268 -0.144381 -0.022144 0.364859
0.01472 -0.309268 -0.144381 -0.022144 0.364859
0.01472 -0.309268 -0.144381 -0.022144 0.364859
0.0496 -0.215172 -0.062372 -0.144126 0.113078
0.0496 -0.215172 -0.062372 -0.144126 0.113078
0.0496 -0.215172 -0.062372 -0.144126 0.113078
0.168831 -0.227613 0.024887 -0.26389 -0.150157
0.099204 -0.211424 -0.000549 -0.145944 -0.005695
0.189487 -0.180856 0.092436 0.220145 0.010378
0.200642 -0.151308 0.005409 0.144646 0.353297
0.222391 -0.113161 0.07398 0.196074 0.195848
0.180092 -0.16942 0.011731 0.115844 0.26964
0.180092 -0.16942 0.011731 0.115844 0.26964
0.038882 -0.266883 -0.051112 0.057249 0.297931
0.178279 -0.205471 0.14551 0.503036 0.284801
0.178279 -0.205471 0.14551 0.503036 0.284801
0.178279 -0.205471 0.14551 0.503036 0.284801
0.102817 -0.288028 -0.023449 0.040987 0.306049
0.171832 -0.170339 0.015307 -0.156892 0.090041
0.138174 -0.230875 -0.037456 -0.232876 0.050908
0.138174 -0.230875 -0.037456 -0.232876 0.050908
0.138174 -0.230875 -0.037456 -0.232876 0.050908
0.129276 -0.295492 -0.004009 -0.164127 0.011922
0.160322 -0.186289 0.082419 0.113017 -0.081256
0.078374 -0.310287 -0.010192 -0.031256 -0.009592
0.084226 -0.29308 -0.015775 -0.132374 -0.050425
0.067803 -0.267534 -0.050668 -0.17086 -0.031064
0.109426 -0.30625 0.012854 0.213911 0.200393
0.109426 -0.30625 0.012854 0.213911 0.200393
0.102853 -0.304535 -0.001631 0.14305 0.185439
0.102853 -0.304535 -0.001631 0.14305 0.185439
0.108969 -0.346184 -0.035504 0.259123 0.372293
0.108969 -0.346184 -0.035504 0.259123 0.372293
0.108969 -0.346184 -0.035504 0.259123 0.372293
0.108969 -0.346184 -0.035504 0.259123 0.372293
0.108969 -0.346184 -0.035504 0.259123 0.372293
0.190942 -0.178922 0.052946 0.316061 0.265273
0.152154 -0.302568 0.034874 0.305949 0.276414
0.096569 -0.312049 -0.009376 0.166033 0.276211
0.113531 -0.311621 0.003911 -0.048419 -0.021887
0.081941 -0.349596 -0.013374 0.197303 0.300733
0.179426 -0.12711 0.044009 -0.054131 0.055395
0.065167 -0.289851 -0.092915 0.061066 0.371994
0.098958 -0.230468 -0.067728 -0.118881 0.216073
0.098958 -0.230468 -0.067728 -0.118881 0.216073
0.064652 -0.242648 -0.040744 0.103787 0.35596
0.064652 -0.242648 -0.040744 0.103787 0.35596
0.077354 -0.282412 -0.006286 0.325995 0.350014
0.077354 -0.282412 -0.006286 0.325995 0.350014
0.077354 -0.282412 -0.006286 0.325995 0.350014
0.077354 -0.282412 -0.006286 0.325995 0.350014
0.099005 -0.357241 -0.0994 -0.028679 0.379851
0.087181 -0.327893 -0.038297 0.318855 0.428072
0.087181 -0.327893 -0.038297 0.318855 0.428072
0.144733 -0.214708 0.080538 0.333117 0.096029
0.169003 -0.228722 -0.010557 -0.192151 -0.026397
0.184456 -0.220351 -0.044651 -0.52684 -0.173348
0.184456 -0.220351 -0.044651 -0.52684 -0.173348
0.184456 -0.220351 -0.044651 -0.52684 -0.173348
0.086459 -0.410272 -0.089186 -0.176158 0.234905
0.334247 -0.087049 0.164773 0.087639 0.029123
0.197003 -0.319186 -0.008043 -0.10193 0.204165
0.246449 -0.218092 0.072087 0.063624 0.173411
0.155214 -0.236711 0.015529 0.160863 0.345779
0.124784 -0.305017 -0.076636 -0.153018 0.198552
0.124784 -0.305017 -0.076636 -0.153018 0.198552
0.14046 -0.179657 0.05013 0.019846 -0.05869
0.073193 -0.356428 -0.049925 -0.152017 -0.018371
0.073193 -0.356428 -0.049925 -0.152017 -0.018371
0.050099 -0.37065 -0.028633 0.0839 0.07712
0.022458 -0.417924 -0.058214 0.159035 0.253107
0.195954 -0.104422 0.056446 -0.067742 0.052729
0.122102 -0.230983 0.004404 0.332206 0.474517
0.122102 -0.230983 0.004404 0.332206 0.474517
0.122102 -0.230983 0.004404 0.332206 0.474517
0.122102 -0.230983 0.004404 0.332206 0.474517
0.122102 -0.230983 0.004404 0.332206 0.474517
0.122102 -0.230983 0.004404 0.332206 0.474517
0.122102 -0.230983 0.004404 0.332206 0.474517
0.122102 -0.230983 0.004404 0.332206 0.474517
0.122102 -0.230983 0.004404 0.332206 0.474517
0.141779 -0.192309 0.004365 -0.088383 0.072128
0.166902 -0.133267 0.043816 -0.202636 -0.140104
0.200913 -0.095084 0.044768 -0.104229 0.066655
0.30322 -0.013255 0.131388 0.129429 0.003939
0.30322 -0.013255 0.131388 0.129429 0.003939
0.191185 -0.14455 0.017738 0.162187 0.226516
0.206534 -0.066325 0.064639 -0.027116 -0.0724
0.208041 -0.006337 0.046645 -0.15443 -0.084386
0.223188 0.024335 0.105569 -0.289337 -0.425419
0.2172 -0.080769 0.062862 -0.466305 -0.476368
0.2172 -0.080769 0.062862 -0.466305 -0.476368
0.119073 -0.227623 -0.000694 -0.417792 -0.30661
0.194349 -0.244052 0.044112 -0.507967 -0.546076
0.163657 -0.260821 -0.000437 -0.416034 -0.337523
0.163657 -0.260821 -0.000437 -0.416034 -0.337523
0.163657 -0.260821 -0.000437 -0.416034 -0.337523
0.163657 -0.260821 -0.000437 -0.416034 -0.337523
0.163657 -0.260821 -0.000437 -0.416034 -0.337523
0.164412 -0.276573 -0.037206 -0.397771 -0.189688
0.164412 -0.276573 -0.037206 -0.397771 -0.189688
0.202025 -0.22784 0.011518 -0.445189 -0.353998
0.202025 -0.22784 0.011518 -0.445189 -0.353998
0.202025 -0.22784 0.011518 -0.445189 -0.353998
0.137399 -0.189613 -0.019423 -0.566572 -0.358024
0.137399 -0.189613 -0.019423 -0.566572 -0.358024
0.111433 -0.279135 -0.078337 -0.389897 -0.071582
0.038419 -0.234923 -0.067946 -0.142703 0.108558
0.09176 -0.228529 -0.076258 -0.327934 0.037088
0.09176 -0.228529 -0.076258 -0.327934 0.037088
0.09176 -0.228529 -0.076258 -0.327934 0.037088
0.09176 -0.228529 -0.076258 -0.327934 0.037088
0.09176 -0.228529 -0.076258 -0.327934 0.037088
0.144216 -0.141409 -0.01985 -0.394254 -0.158984
0.144216 -0.141409 -0.01985 -0.394254 -0.158984
0.144216 -0.141409 -0.01985 -0.394254 -0.158984
0.179816 -0.158277 -0.016047 -0.182191 0.041631
0.179816 -0.158277 -0.016047 -0.182191 0.041631
0.152202 -0.192199 -0.058835 -0.051411 0.268342
0.103826 -0.235579 -0.058882 -0.061464 0.227345
0.099009 -0.300106 -0.048912 -0.17016 0.053498
0.096766 -0.320061 -0.133311 -0.588744 0.004348
0.095825 -0.328033 -0.059877 -0.059751 0.164189
0.118292 -0.26537 -0.010131 -0.028759 0.076439
0.118292 -0.26537 -0.010131 -0.028759 0.076439
0.145834 -0.281763 -0.006901 -0.075762 0.037823
0.20339 -0.212804 0.045238 -0.114376 -0.102527
0.249155 -0.1204 0.139395 0.117282 -0.17519
0.296331 -0.09503 0.169486 0.16661 -0.178885
0.296331 -0.09503 0.169486 0.16661 -0.178885
0.296331 -0.09503 0.169486 0.16661 -0.178885
0.296331 -0.09503 0.169486 0.16661 -0.178885
0.257836 -0.101275 0.150903 0.064255 -0.263952
0.223206 -0.149045 0.110666 0.183855 -0.074206
0.223206 -0.149045 0.110666 0.183855 -0.074206
0.244453 -0.014534 0.175076 0.138276 -0.113007
0.208622 -0.053974 0.108212 -0.082207 -0.239195
0.164699 -0.135721 0.055629 -0.114912 -0.188295
0.172319 -0.221915 0.012737 -0.255465 -0.151676
0.218204 -0.131316 0.104382 0.039986 -0.147914
0.167498 -0.233846 0.061482 0.038547 -0.073084
0.155354 -0.214268 0.097467 0.216123 0.057212
0.155354 -0.214268 0.097467 0.216123 0.057212
0.115175 -0.138589 0.067987 0.119621 0.079464
0.261989 -0.040555 0.189065 0.0852 -0.11492
0.261989 -0.040555 0.189065 0.0852 -0.11492
0.221635 -0.173166 0.089839 -0.022334 -0.034426
0.079599 -0.313959 -0.053808 -0.07236 0.045016
0.079599 -0.313959 -0.053808 -0.07236 0.045016
0.079599 -0.313959 -0.053808 -0.07236 0.045016
0.037806 -0.309572 -0.072536 0.02321 0.181188
0.113143 -0.247341 0.06346 0.159637 0.006457
0.225145 -0.161543 0.12154 0.16175 -0.033745
0.282091 -0.13099 0.126023 0.109564 -0.049515
0.171029 -0.162689 0.028546 -0.206863 -0.006644
0.127179 -0.122019 0.023605 0.12165 0.192989
0.177937 -0.153652 0.015675 0.066244 0.30026
0.203393 -0.212399 0.062419 0.200181 0.227876
0.100614 -0.285166 -0.084916 0.060757 0.398068
0.100614 -0.285166 -0.084916 0.060757 0.398068
0.195529 -0.058854 0.09727 0.039427 -0.006048
0.195529 -0.058854 0.09727 0.039427 -0.006048
0.121641 -0.154632 0.03926 0.094959 0.041351
0.143025 -0.20393 -0.019022 0.062882 0.21888
0.112083 -0.209581 -0.005544 0.199893 0.270983
0.044405 -0.301283 -0.104087 -0.009935 0.284455
0.044405 -0.301283 -0.104087 -0.009935 0.284455
0.077797 -0.302366 -0.092141 -0.06265 0.262201
0.077797 -0.302366 -0.092141 -0.06265 0.262201
0.077797 -0.302366 -0.092141 -0.06265 0.262201
0.077797 -0.302366 -0.092141 -0.06265 0.262201
0.13483 -0.321009 -0.050826 -0.113958 0.175339
0.198422 -0.11255 0.112156 -0.037586 -0.252311
0.232072 -0.087039 0.152597 -0.007879 -0.294291
0.236028 -0.1607 0.092866 -0.142508 -0.142979
0.217162 -0.130985 0.01925 -0.274806 -0.130273
0.217162 -0.130985 0.01925 -0.274806 -0.130273
0.189574 -0.08458 0.015194 -0.350142 -0.212478
0.239308 -0.132604 0.045387 0.136387 0.239764
0.218974 0.001696 0.091677 -0.137356 -0.156755
0.218974 0.001696 0.091677 -0.137356 -0.156755
0.218974 0.001696 0.091677 -0.137356 -0.156755
0.218974 0.001696 0.091677 -0.137356 -0.156755
0.154767 -0.10272 -0.005873 -0.355506 -0.168762
0.165041 -0.109046 -0.00863 -0.355331 -0.161899
0.165041 -0.109046 -0.00863 -0.355331 -0.161899
0.165041 -0.109046 -0.00863 -0.355331 -0.161899
0.220731 -0.139723 0.010226 -0.235651 -0.124232
0.187573 -0.149208 -0.018528 -0.065361 0.073427
0.169666 -0.187279 -0.04385 -0.381892 -0.101481
0.169666 -0.187279 -0.04385 -0.381892 -0.101481
0.137097 -0.214566 0.049509 0.068901 0.05485
0.160283 -0.150568 0.001181 -0.176916 -0.067394
0.197096 -0.136921 0.020931 -0.263594 -0.162356
0.197096 -0.136921 0.020931 -0.263594 -0.162356
0.197096 -0.136921 0.020931 -0.263594 -0.162356
0.197096 -0.136921 0.020931 -0.263594 -0.162356
0.197096 -0.136921 0.020931 -0.263594 -0.162356
0.17241 -0.173179 -0.011698 -0.264373 -0.092877
0.085132 -0.241557 -0.079093 -0.032022 0.162626
0.035846 -0.202453 -0.031051 0.169142 0.201526
0.035846 -0.202453 -0.031051 0.169142 0.201526
-0.004068 -0.254122 -0.054363 0.042476 0.193417
0.049092 -0.294139 -0.08396 0.086188 0.309448
0.032367 -0.262153 0.001306 0.077292 0.058275
0.028432 -0.298874 -0.012903 -0.201315 -0.214796
-0.051466 -0.40766 -0.118808 -0.174578 0.044865
-0.029492 -0.354462 -0.119667 -0.174368 0.199184
0.001031 -0.29261 -0.016802 -0.178665 -0.156976
0.120997 -0.248475 -0.035363 0.01907 0.146634
0.21339 -0.128789 0.069817 -0.203979 -0.193538
0.21339 -0.128789 0.069817 -0.203979 -0.193538
0.21339 -0.128789 0.069817 -0.203979 -0.193538
0.23199 -0.204149 0.038608 -0.188069 -0.128256
0.23199 -0.204149 0.038608 -0.188069 -0.128256
0.24678 -0.161354 0.028455 -0.365296 -0.247951
0.24678 -0.161354 0.028455 -0.365296 -0.247951
0.24678 -0.161354 0.028455 -0.365296 -0.247951
0.24678 -0.161354 0.028455 -0.365296 -0.247951
0.223173 -0.169477 0.058263 -0.209327 -0.279029
0.223173 -0.169477 0.058263 -0.209327 -0.279029
0.223173 -0.169477 0.058263 -0.209327 -0.279029
0.148495 -0.236414 0.048118 0.023843 0.009985
0.143667 -0.242952 0.055465 0.445125 0.412246
0.143667 -0.242952 0.055465 0.445125 0.412246
0.161983 -0.199281 0.05241 0.020236 0.03846
0.161983 -0.199281 0.05241 0.020236 0.03846
0.186142 -0.200327 0.108656 0.080702 -0.099869
0.194101 -0.135109 0.116489 0.141765 -0.006611
0.23839 -0.081646 0.141044 0.231211 0.037409
0.23839 -0.081646 0.141044 0.231211 0.037409
0.209116 -0.146935 0.045781 0.108599 0.205125
0.209116 -0.146935 0.045781 0.108599 0.205125
0.244108 -0.136647 0.046854 -0.164336 -0.06011
0.274877 -0.089801 0.085077 -0.191534 -0.197987
0.243686 -0.108718 0.061907 -0.287366 -0.2838
0.243686 -0.108718 0.061907 -0.287366 -0.2838
0.243686 -0.108718 0.061907 -0.287366 -0.2838
0.243686 -0.108718 0.061907 -0.287366 -0.2838
0.144273 -0.203408 -0.030011 -0.184592 0.034613
0.200487 -0.178352 0.004116 -0.101934 0.040915
0.1987 -0.160278 -0.013748 -0.21851 0.002384
0.215005 -0.130321 0.004365 -0.186305 -0.0035
0.272245 -0.025841 0.055507 -0.189982 -0.141362
0.33799 0.035152 0.161045 -0.065362 -0.317777
0.265756 -0.047631 0.108112 -0.17304 -0.371695
0.147627 -0.114696 0.024259 0.095759 0.06409
0.108611 -0.163766 -0.030688 0.16662 0.287904
0.108611 -0.163766 -0.030688 0.16662 0.287904
0.108611 -0.163766 -0.030688 0.16662 0.287904
0.064966 -0.210022 -0.075295 -0.05243 0.114691
0.115328 -0.281309 -0.05844 0.150902 0.234533
0.162118 -0.166478 0.012775 0.118153 0.067012
0.214597 -0.124849 0.112862 0.012144 -0.387594
0.154417 -0.211476 0.003055 -0.071404 -0.162243
0.154417 -0.211476 0.003055 -0.071404 -0.162243
0.154417 -0.211476 0.003055 -0.071404 -0.162243
0.10518 -0.261228 0.013086 0.006673 -0.167296
0.150695 -0.168356 0.08095 0.097532 -0.033379
0.150695 -0.168356 0.08095 0.097532 -0.033379
0.150695 -0.168356 0.08095 0.097532 -0.033379
0.150695 -0.168356 0.08095 0.097532 -0.033379
0.056315 -0.337861 -0.090352 -0.187476 0.061161
0.056315 -0.337861 -0.090352 -0.187476 0.061161
0.054778 -0.380493 -0.1036 -0.410607 -0.146589
0.159767 -0.195745 -0.016463 -0.400455 -0.241656
0.163239 -0.249894 -0.000683 -0.280124 -0.187828
0.262205 -0.151646 0.062835 -0.095797 -0.106333
0.262205 -0.151646 0.062835 -0.095797 -0.106333
0.201574 -0.174443 0.026303 0.139804 0.135061
0.327423 -0.043584 0.10173 -0.056533 -0.055474
0.12719 -0.144238 -0.043633 -0.00582 0.297283
0.226753 -0.02208 0.056845 -0.000855 0.061219
0.226753 -0.02208 0.056845 -0.000855 0.061219
0.226753 -0.02208 0.056845 -0.000855 0.061219
0.145823 -0.03257 0.011901 -0.306826 -0.237758
0.200602 -0.128748 0.013197 -0.234057 -0.02692
0.200602 -0.128748 0.013197 -0.234057 -0.02692
0.200602 -0.128748 0.013197 -0.234057 -0.02692
0.200602 -0.128748 0.013197 -0.234057 -0.02692
0.229332 -0.072538 0.087555 0.149534 0.190238
0.189627 -0.084541 0.071299 0.029498 0.116877
0.240011 -0.037173 0.086414 -0.200337 -0.131325
0.240011 -0.037173 0.086414 -0.200337 -0.131325
0.125175 -0.146736 0.017828 -0.099369 0.046569
0.175817 -0.163925 0.057372 0.062276 0.044891
0.218678 -0.133584 0.109574 0.026821 -0.122536
0.218678 -0.133584 0.109574 0.026821 -0.122536
0.203691 -0.121102 0.059268 0.04785 0.077132
0.156081 -0.235544 -0.000458 0.083065 0.273235
0.156081 -0.235544 -0.000458 0.083065 0.273235
0.156081 -0.235544 -0.000458 0.083065 0.273235
0.203249 -0.157063 0.011463 -0.126795 0.020735
0.162293 -0.186364 0.050326 0.044696 -0.01254
0.164274 -0.115877 0.023352 0.116095 0.17354
0.279094 -0.038626 0.081851 -0.038398 -0.058906
0.279094 -0.038626 0.081851 -0.038398 -0.058906
0.230531 -0.090203 0.048258 0.042075 0.09874
0.186243 -0.165337 0.062606 0.130998 0.093349
0.186243 -0.165337 0.062606 0.130998 0.093349
0.224148 -0.122961 0.064074 -0.239988 -0.134481
0.211995 -0.157191 0.027605 -0.060101 -0.006163
0.196038 -0.259663 0.051409 0.114122 0.070995
0.141666 -0.252583 0.026425 0.118536 0.092499
0.141666 -0.252583 0.026425 0.118536 0.092499
0.17692 -0.188856 0.076848 0.055763 -0.018619
0.14621 -0.280318 0.008834 0.124887 0.179757
0.14621 -0.280318 0.008834 0.124887 0.179757
0.162469 -0.216457 -0.05531 -0.420431 -0.130875
0.121773 -0.222722 -0.078977 -0.579492 -0.147207
0.121773 -0.222722 -0.078977 -0.579492 -0.147207
0.121773 -0.222722 -0.078977 -0.579492 -0.147207
0.121773 -0.222722 -0.078977 -0.579492 -0.147207
0.121773 -0.222722 -0.078977 -0.579492 -0.147207
0.071586 -0.285216 -0.107083 -0.514796 -0.046618
0.071586 -0.285216 -0.107083 -0.514796 -0.046618
0.071586 -0.285216 -0.107083 -0.514796 -0.046618
0.071586 -0.285216 -0.107083 -0.514796 -0.046618
0.071586 -0.285216 -0.107083 -0.514796 -0.046618
0.071586 -0.285216 -0.107083 -0.514796 -0.046618
0.071586 -0.285216 -0.107083 -0.514796 -0.046618
0.087723 -0.32567 -0.087518 -0.112208 0.244854
0.129857 -0.300538 -0.024565 0.09097 0.256561
0.183937 -0.196482 0.011968 -0.186595 -0.086792
0.183937 -0.196482 0.011968 -0.186595 -0.086792
0.18904 -0.021521 0.070938 -0.27272 -0.233845
0.135375 -0.231314 -0.000947 0.016071 -0.016043
0.123735 -0.311214 -0.010012 0.334142 0.39059
0.123735 -0.311214 -0.010012 0.334142 0.39059
0.100618 -0.26312 -0.080068 -0.194556 0.214124
0.100618 -0.26312 -0.080068 -0.194556 0.214124
0.140891 -0.270148 -0.069823 -0.353509 0.084207
0.140891 -0.270148 -0.069823 -0.353509 0.084207
0.140891 -0.270148 -0.069823 -0.353509 0.084207
0.193828 -0.116811 0.024196 -0.303674 -0.113457
0.193828 -0.116811 0.024196 -0.303674 -0.113457
0.182285 -0.149228 -0.028036 -0.256356 -0.035525
0.191073 -0.148132 0.01576 -0.273901 -0.228645
0.191073 -0.148132 0.01576 -0.273901 -0.228645
0.191073 -0.148132 0.01576 -0.273901 -0.228645
0.182535 -0.123868 0.052114 0.05421 0.12075
0.182535 -0.123868 0.052114 0.05421 0.12075
0.182535 -0.123868 0.052114 0.05421 0.12075
0.182535 -0.123868 0.052114 0.05421 0.12075
0.191402 -0.196175 0.059707 0.044166 0.120799
0.135046 -0.15324 -0.000475 -0.026587 0.221902
0.135046 -0.15324 -0.000475 -0.026587 0.221902
0.216243 -0.122779 0.015514 -0.192174 0.041864
0.169968 -0.218196 0.005024 -0.065896 0.148277
0.235502 -0.13298 -0.019594 -0.396517 -0.195912
0.235502 -0.13298 -0.019594 -0.396517 -0.195912
0.235502 -0.13298 -0.019594 -0.396517 -0.195912
0.25806 -0.080021 0.011302 -0.326003 -0.13343
0.230986 -0.103725 -0.001707 -0.370571 -0.194538
0.225224 -0.10256 0.058832 -0.146742 -0.203282
0.225224 -0.10256 0.058832 -0.146742 -0.203282
0.20835 -0.123301 0.06845 0.1095 0.041278
0.156768 -0.265296 -0.007643 -0.221038 -0.029206
0.169858 -0.152769 -0.001685 -0.244264 -0.008446
0.073087 -0.284151 -0.079409 -0.504865 -0.08178
0.073087 -0.284151 -0.079409 -0.504865 -0.08178
0.073087 -0.284151 -0.079409 -0.504865 -0.08178
0.073087 -0.284151 -0.079409 -0.504865 -0.08178
0.073087 -0.284151 -0.079409 -0.504865 -0.08178
0.110574 -0.24707 -0.025643 -0.131678 0.088109
0.110574 -0.24707 -0.025643 -0.131678 0.088109
0.131153 -0.269306 -0.026383 -0.280342 -0.048872
0.09929 -0.219971 -0.025773 -0.229729 -0.118822
0.158747 -0.16786 -0.040629 -0.166874 0.088565
0.158747 -0.16786 -0.040629 -0.166874 0.088565
0.183748 -0.084961 0.014435 -0.058328 0.083185
0.169944 -0.11714 0.002339 -0.121229 0.002969
0.290358 0.021227 0.079827 -0.092091 -0.050577
0.238972 -0.054291 0.112533 -0.07406 -0.216946
0.235639 -0.061134 0.142929 0.130401 -0.181021
0.235639 -0.061134 0.142929 0.130401 -0.181021
0.18887 -0.190473 0.054582 -0.093378 -0.243373
0.077334 -0.258463 -0.041496 -0.014611 0.051818
0.081814 -0.218899 -0.038107 -0.2361 -0.069709
0.081814 -0.218899 -0.038107 -0.2361 -0.069709
0.145675 -0.185044 -0.031182 -0.223563 0.036776
0.243641 -0.123301 0.041585 -0.24116 -0.109166
0.243641 -0.123301 0.041585 -0.24116 -0.109166
0.124983 -0.252499 0.031998 0.282418 0.199462
0.144424 -0.261358 0.007431 -0.069428 -0.035453
0.119365 -0.30174 -0.030791 -0.113073 -0.015494
0.140157 -0.267397 -0.014398 -0.189316 -0.141097
0.140157 -0.267397 -0.014398 -0.189316 -0.141097
0.157112 -0.168302 -0.012331 -0.133815 0.014618
0.133899 -0.19637 -0.076939 -0.094873 0.296193
0.266823 -0.011581 0.041657 -0.102753 0.068163
0.199103 -0.132078 0.033535 0.128231 0.153158
0.285038 0.018509 0.14971 0.138414 -0.042003
0.317186 0.038748 0.184664 0.163732 -0.03785
0.317186 0.038748 0.184664 0.163732 -0.03785
0.313586 -0.045719 0.081284 -0.067033 -0.014805
0.236178 -0.146879 0.034116 -0.071374 -0.018471
0.203045 -0.160501 0.05375 -0.380613 -0.399269
0.203045 -0.160501 0.05375 -0.380613 -0.399269
0.203045 -0.160501 0.05375 -0.380613 -0.399269
0.267289 -0.073129 0.065784 -0.257393 -0.139842
0.267289 -0.073129 0.065784 -0.257393 -0.139842
0.187518 -0.164759 0.021507 -0.130521 0.011738
0.111945 -0.247662 -0.02644 0.184402 0.340286
0.111945 -0.247662 -0.02644 0.184402 0.340286
0.102798 -0.272786 -0.020207 -0.123947 0.083429
0.09836 -0.285757 -0.000942 0.182739 0.250133
0.254661 -0.036485 0.140884 0.160008 0.01395
0.184593 -0.188931 0.043778 0.088301 0.002752
0.19432 -0.172084 0.054596 0.020027 0.001799
0.210773 -0.075612 0.04408 -0.285981 -0.162915
0.210773 -0.075612 0.04408 -0.285981 -0.162915
0.135698 -0.181092 -0.053718 -0.103118 0.153727
0.135698 -0.181092 -0.053718 -0.103118 0.153727
0.236034 -0.139035 0.044865 0.050843 -0.030886
0.25325 -0.112038 0.035135 -0.099153 -0.016881
0.243837 -0.11453 0.044376 -0.462092 -0.342603
0.243837 -0.11453 0.044376 -0.462092 -0.342603
0.176485 -0.238541 -0.043116 -0.438022 -0.105836
0.176485 -0.238541 -0.043116 -0.438022 -0.105836
0.176485 -0.238541 -0.043116 -0.438022 -0.105836
0.176485 -0.238541 -0.043116 -0.438022 -0.105836
0.176485 -0.238541 -0.043116 -0.438022 -0.105836
0.176485 -0.238541 -0.043116 -0.438022 -0.105836
0.176485 -0.238541 -0.043116 -0.438022 -0.105836
0.176485 -0.238541 -0.043116 -0.438022 -0.105836
0.176485 -0.238541 -0.043116 -0.438022 -0.105836
0.176485 -0.238541 -0.043116 -0.438022 -0.105836
0.176485 -0.238541 -0.043116 -0.438022 -0.105836
0.176485 -0.238541 -0.043116 -0.438022 -0.105836
0.142561 -0.371591 -0.02138 -0.082254 0.072362
0.199637 -0.252829 0.071656 0.152621 0.098261
0.092523 -0.411033 -0.016547 0.042646 0.098017
0.203365 -0.264079 0.079844 0.145573 -0.04024
0.26849 -0.138915 0.083474 0.020146 -0.077623
0.120836 -0.293538 -0.035997 0.174369 0.309774
0.139777 -0.253308 -0.044914 -0.111542 0.062141
0.071812 -0.333537 -0.066434 -0.053235 0.088038
0.116491 -0.260931 -0.095519 -0.208148 0.183755
0.2034 -0.090894 0.019775 -0.010134 0.109229
0.2034 -0.090894 0.019775 -0.010134 0.109229
0.2034 -0.090894 0.019775 -0.010134 0.109229
0.2034 -0.090894 0.019775 -0.010134 0.109229
0.307609 0.038657 0.087789 -0.225986 -0.226728
0.310338 -0.008401 0.039991 -0.307934 -0.146994
0.210087 -0.109782 0.011749 0.026571 0.152449
0.23379 -0.118621 -0.002575 -0.316719 -0.11484
0.174216 -0.218783 -0.078779 -0.527343 -0.103749
0.155374 -0.309594 -0.038498 -0.3433 -0.114412
0.155374 -0.309594 -0.038498 -0.3433 -0.114412
0.155374 -0.309594 -0.038498 -0.3433 -0.114412
0.228877 -0.181291 0.016415 -0.331987 -0.160046
0.228877 -0.181291 0.016415 -0.331987 -0.160046
0.228877 -0.181291 0.016415 -0.331987 -0.160046
0.228877 -0.181291 0.016415 -0.331987 -0.160046
0.228877 -0.181291 0.016415 -0.331987 -0.160046
0.228877 -0.181291 0.016415 -0.331987 -0.160046
0.228877 -0.181291 0.016415 -0.331987 -0.160046
0.228877 -0.181291 0.016415 -0.331987 -0.160046
0.228877 -0.181291 0.016415 -0.331987 -0.160046
0.228877 -0.181291 0.016415 -0.331987 -0.160046
0.228877 -0.181291 0.016415 -0.331987 -0.160046
0.228877 -0.181291 0.016415 -0.331987 -0.160046
0.228877 -0.181291 0.016415 -0.331987 -0.160046
0.199309 -0.217062 0.032011 -0.101871 -0.061413
0.19773 -0.176321 0.036267 -0.082261 0.000995
0.210771 -0.167836 0.111436 0.28881 0.155324
0.137894 -0.318768 -0.066249 -0.453651 -0.097908
0.11024 -0.2995 -0.067391 -0.320315 0.045732
0.111261 -0.195371 -0.002405 -0.195402 -0.066244
0.090712 -0.23796 -0.01935 -0.138779 0.037196
0.086868 -0.179539 -0.012734 0.038012 0.09877
0.097044 -0.176064 -0.000403 0.015142 0.054934
0.12044 -0.218553 -0.003074 -0.066264 0.114036
0.120601 -0.24835 0.00155 -0.104325 0.019078
0.132123 -0.258406 -0.001489 0.04899 0.065838
0.130027 -0.240359 0.018896 -0.076021 -0.103119
0.109504 -0.344835 -0.039836 -0.022742 0.106956
0.167081 -0.242187 0.022063 0.058202 0.00437
0.167081 -0.242187 0.022063 0.058202 0.00437
0.129187 -0.310447 -0.039287 -0.288383 -0.132262
0.154208 -0.31958 -0.038247 -0.435481 -0.166667
0.272094 -0.147944 0.043614 -0.22067 -0.189462
0.272094 -0.147944 0.043614 -0.22067 -0.189462
0.180919 -0.22366 0.033655 -0.185472 -0.151886
0.180919 -0.22366 0.033655 -0.185472 -0.151886
0.192574 -0.15497 0.076318 -0.11851 -0.190804
0.147316 -0.13507 0.036819 0.037253 -0.03174
0.140522 -0.217398 -0.013032 -0.075635 0.048586
0.106219 -0.224566 -0.032198 -0.10407 0.071629
0.077432 -0.222775 -0.022739 -0.021496 0.133518
0.077432 -0.222775 -0.022739 -0.021496 0.133518
0.077432 -0.222775 -0.022739 -0.021496 0.133518
0.257979 -0.02992 0.118114 0.130472 0.016115
0.291968 -0.057515 0.0902 0.045801 0.017417
0.207265 -0.198135 -0.005623 -0.075905 0.143226
0.153464 -0.165717 -0.006564 -0.062387 0.032756
0.153464 -0.165717 -0.006564 -0.062387 0.032756
0.124136 -0.1553 -0.064352 -0.404693 -0.083109
0.070036 -0.304893 -0.094843 -0.070823 0.33995
0.049413 -0.292054 -0.07849 -0.182023 0.09225
0.049413 -0.292054 -0.07849 -0.182023 0.09225
0.128944 -0.284808 -0.040011 -0.111765 0.111214
0.128944 -0.284808 -0.040011 -0.111765 0.111214
0.128944 -0.284808 -0.040011 -0.111765 0.111214
0.176764 -0.270428 0.018592 -0.099632 -0.055648
0.163912 -0.328342 -0.044059 -0.175937 0.021592
0.160801 -0.2209 -0.077421 -0.266802 0.099155
0.203953 -0.193493 -0.048784 -0.04695 0.283384
0.203953 -0.193493 -0.048784 -0.04695 0.283384
0.203953 -0.193493 -0.048784 -0.04695 0.283384
0.268632 -0.102301 0.026819 0.000973 0.18852
0.18744 -0.189959 -0.011458 0.075223 0.332882
0.18744 -0.189959 -0.011458 0.075223 0.332882
0.229285 -0.150346 0.011015 -0.115487 0.149752
0.145257 -0.310476 -0.005835 -0.068172 0.136318
0.242007 -0.120466 0.092607 -0.086951 -0.159647
0.121204 -0.268437 -0.016776 -0.090028 0.080854
0.149951 -0.235903 0.012985 0.001968 0.112229
0.149951 -0.235903 0.012985 0.001968 0.112229
0.140723 -0.218698 0.025337 -0.219013 -0.158163
0.193597 -0.103875 0.052855 -0.169871 -0.109393
0.078815 -0.193318 -0.043089 -0.086163 0.064678
0.078815 -0.193318 -0.043089 -0.086163 0.064678
0.090121 -0.208423 -0.06767 -0.030913 0.189142
0.090121 -0.208423 -0.06767 -0.030913 0.189142
0.090121 -0.208423 -0.06767 -0.030913 0.189142
0.090121 -0.208423 -0.06767 -0.030913 0.189142
0.090121 -0.208423 -0.06767 -0.030913 0.189142
0.232759 -0.149198 0.030211 -0.240516 -0.191692
0.232759 -0.149198 0.030211 -0.240516 -0.191692
0.265016 -0.010762 0.110123 -0.229205 -0.348042
0.269231 0.054882 0.134727 -0.144204 -0.28678
0.271823 -0.005102 0.130297 -0.181715 -0.372846
0.271823 -0.005102 0.130297 -0.181715 -0.372846
0.171781 -0.230505 0.034237 -0.063248 -0.044866
0.171781 -0.230505 0.034237 -0.063248 -0.044866
0.238866 -0.186301 0.101413 -0.090809 -0.237036
0.238866 -0.186301 0.101413 -0.090809 -0.237036
0.278287 -0.039513 0.112247 -0.303176 -0.368215
0.278287 -0.039513 0.112247 -0.303176 -0.368215
0.278287 -0.039513 0.112247 -0.303176 -0.368215
0.278287 -0.039513 0.112247 -0.303176 -0.368215
0.14152 -0.190057 -0.042344 -0.41048 -0.174508
0.131782 -0.219943 -0.044756 -0.355013 -0.177451
0.131782 -0.219943 -0.044756 -0.355013 -0.177451
0.131782 -0.219943 -0.044756 -0.355013 -0.177451
0.131519 -0.246626 -0.041204 -0.34796 -0.120533
0.11287 -0.343805 -0.092766 -0.193134 0.224243
0.162063 -0.186474 0.055193 0.160527 0.110818
0.162063 -0.186474 0.055193 0.160527 0.110818
0.205897 -0.109664 0.087061 0.203332 0.08799
0.156603 -0.159228 0.052203 0.236877 0.209011
0.156603 -0.159228 0.052203 0.236877 0.209011
0.126015 -0.235955 -0.006676 -0.033347 0.109719
0.067667 -0.316701 -0.099555 -0.198642 0.208271
0.123396 -0.291175 -0.070753 0.044045 0.356409
0.149721 -0.220951 -0.010741 -0.039105 0.084579
0.132565 -0.263682 -0.004792 0.034075 0.126147
0.156398 -0.222764 0.005127 -0.172247 -0.056779
0.201019 -0.206877 0.030163 -0.362251 -0.345934
0.182938 -0.200848 -0.001656 -0.302008 -0.177026
0.182938 -0.200848 -0.001656 -0.302008 -0.177026
0.231996 -0.15079 0.065501 -0.223063 -0.281429
0.187391 -0.174129 0.016379 -0.245275 -0.080823
0.22648 -0.102137 0.037446 -0.343909 -0.172519
0.22648 -0.102137 0.037446 -0.343909 -0.172519
0.22648 -0.102137 0.037446 -0.343909 -0.172519
0.22648 -0.102137 0.037446 -0.343909 -0.172519
0.22648 -0.102137 0.037446 -0.343909 -0.172519
0.22648 -0.102137 0.037446 -0.343909 -0.172519
0.22648 -0.102137 0.037446 -0.343909 -0.172519
0.22648 -0.102137 0.037446 -0.343909 -0.172519
0.201202 -0.179775 -0.04127 -0.311972 0.081879
0.172986 -0.226488 -0.033183 -0.208814 0.036389
0.16112 -0.19761 0.009936 -0.254816 -0.26924
0.16112 -0.19761 0.009936 -0.254816 -0.26924
0.247956 -0.122119 0.070674 -0.187912 -0.13769
0.291545 -0.083292 0.093662 0.035266 0.07898
0.250972 -0.111216 0.084283 0.010827 0.034493
0.250972 -0.111216 0.084283 0.010827 0.034493
0.250972 -0.111216 0.084283 0.010827 0.034493
0.250972 -0.111216 0.084283 0.010827 0.034493
0.250972 -0.111216 0.084283 0.010827 0.034493
0.256243 -0.049434 0.110275 0.05699 0.005572
0.256243 -0.049434 0.110275 0.05699 0.005572
0.18022 -0.13251 0.025033 -0.101569 -0.061084
0.094176 -0.247672 -0.010166 0.116256 0.103162
0.122625 -0.228374 -0.011843 -0.26027 -0.083282
0.12977 -0.167874 0.008884 -0.11541 0.034375
0.167783 -0.208993 0.041977 0.150584 0.05585
0.167783 -0.208993 0.041977 0.150584 0.05585
0.162063 -0.187223 0.000472 -0.104188 0.033573
0.162063 -0.187223 0.000472 -0.104188 0.033573
0.229038 -0.137934 0.063408 0.071464 0.026752
0.205407 -0.215191 0.006918 -0.088851 -0.032249
0.178788 -0.245467 -0.020824 -0.206528 -0.086555
0.155345 -0.251094 0.006611 0.065791 0.067174
0.246446 -0.016472 0.109132 -0.043321 -0.127107
0.150883 -0.119864 0.022407 -0.121333 -0.106364
0.178276 -0.120307 0.044791 -0.112812 -0.183877
0.178276 -0.120307 0.044791 -0.112812 -0.183877
0.178276 -0.120307 0.044791 -0.112812 -0.183877
0.173029 -0.080844 0.102256 0.212657 -0.155442
0.129827 -0.27729 -0.027056 -0.058446 -0.039072
0.096689 -0.210202 -0.053423 0.064179 0.32982
-0.064408 -0.43826 -0.139611 0.039137 0.311236
0.168343 -0.199397 0.020392 0.168994 0.260979
0.168343 -0.199397 0.020392 0.168994 0.260979
0.07237 -0.245689 -0.060097 -0.069539 0.15477
0.11831 -0.261285 -0.075274 -0.215054 0.105259
0.141513 -0.292916 -0.066477 -0.178077 0.151058
0.203281 -0.160841 0.051834 0.12085 0.148744
0.273674 -0.112133 0.105174 -0.003629 -0.130147
0.219037 -0.179574 -0.050366 -0.189737 0.207748
0.219037 -0.179574 -0.050366 -0.189737 0.207748
0.321762 -0.049231 0.080822 -0.146645 -0.104071
0.298261 -0.117011 0.070408 -0.125882 -0.148845
0.313953 -0.002666 0.086582 -0.237928 -0.214402
0.249519 -0.028922 0.079871 -0.213524 -0.32285
0.249519 -0.028922 0.079871 -0.213524 -0.32285
0.272806 -0.000857 0.122665 0.004892 -0.246568
0.25136 0.015408 0.132528 0.046295 -0.209251
0.207027 -0.005061 0.110173 0.238591 0.026707
0.099707 -0.178015 -0.032227 0.198824 0.374354
0.208975 -0.051509 0.097205 0.026598 -0.089514
0.209158 -0.151641 0.040926 -0.074337 -0.005402
0.209158 -0.151641 0.040926 -0.074337 -0.005402
0.183089 -0.148874 -0.00766 -0.181967 -0.011925
0.183089 -0.148874 -0.00766 -0.181967 -0.011925
0.183089 -0.148874 -0.00766 -0.181967 -0.011925
0.090294 -0.252445 -0.113285 -0.434356 0.040468
0.090294 -0.252445 -0.113285 -0.434356 0.040468
0.230544 -0.120595 0.034761 -0.079131 0.080653
0.243391 -0.022062 0.083707 0.031617 0.061029
0.240277 -0.082954 0.042404 0.131261 0.170393
0.240277 -0.082954 0.042404 0.131261 0.170393
0.240277 -0.082954 0.042404 0.131261 0.170393
0.223795 -0.081997 0.01586 0.171377 0.309763
0.206862 -0.07043 0.029803 -0.121827 -0.095041
0.164137 -0.045645 0.082744 -0.10048 -0.257542
0.09762 -0.167921 -0.051497 -0.430149 -0.218172
0.14363 -0.141238 0.007433 -0.367716 -0.310871
0.238022 -0.06199 0.105638 -0.07791 -0.286648
0.238022 -0.06199 0.105638 -0.07791 -0.286648
0.253433 -0.064335 0.04967 -0.15439 -0.193705
0.318351 0.036122 0.156159 -0.25567 -0.593544
0.318351 0.036122 0.156159 -0.25567 -0.593544
0.265061 -0.113375 0.133385 -0.063123 -0.323991
0.265061 -0.113375 0.133385 -0.063123 -0.323991
0.21979 -0.022159 0.130451 0.086076 -0.166995
0.178392 -0.039693 0.103616 -0.002491 -0.170246
0.193685 -0.078299 0.046716 -0.172886 -0.124555
0.186014 -0.176045 0.027144 -0.00969 -0.041655
0.19813 -0.163558 0.036381 -0.177361 -0.162384
0.113732 -0.253737 -0.044614 -0.340425 -0.115683
0.14736 -0.284677 -0.010329 -0.238429 -0.083929
0.200871 -0.195149 0.027723 0.003363 0.055928
0.297161 -0.121822 0.070713 0.018111 0.031149
0.297161 -0.121822 0.070713 0.018111 0.031149
0.160435 -0.14724 -0.026248 0.113177 0.335583
0.160435 -0.14724 -0.026248 0.113177 0.335583
0.160435 -0.14724 -0.026248 0.113177 0.335583
0.098488 -0.24857 -0.08424 0.03734 0.370497
0.120198 -0.170836 -0.024428 -0.372566 -0.200516
0.150187 -0.102034 0.064674 -0.029874 0.018573
0.150187 -0.102034 0.064674 -0.029874 0.018573
0.181277 -0.15893 0.074413 0.100248 0.207204
0.229662 -0.043881 0.17663 0.334032 0.067933
0.142819 -0.141319 0.001241 -0.032041 0.153299
0.142819 -0.141319 0.001241 -0.032041 0.153299
0.142819 -0.141319 0.001241 -0.032041 0.153299
0.142819 -0.141319 0.001241 -0.032041 0.153299
0.145057 -0.217104 0.004861 -0.059878 0.054216
0.248208 -0.146064 0.090668 -0.035027 -0.088067
0.14446 -0.195058 -0.029155 -0.107441 0.141394
0.14446 -0.195058 -0.029155 -0.107441 0.141394
0.131668 -0.229475 -0.064737 -0.30129 0.10515
0.131668 -0.229475 -0.064737 -0.30129 0.10515
0.155492 -0.225917 -0.035483 -0.400922 -0.044467
0.215609 -0.121637 0.007632 -0.30351 -0.083918
0.215609 -0.121637 0.007632 -0.30351 -0.083918
0.215609 -0.121637 0.007632 -0.30351 -0.083918
0.215609 -0.121637 0.007632 -0.30351 -0.083918
0.213964 -0.087068 0.067772 -0.125399 -0.154788
0.194291 -0.062391 -0.00179 -0.421849 -0.085113
0.246341 -0.047999 0.028237 -0.492899 -0.187527
0.246341 -0.047999 0.028237 -0.492899 -0.187527
0.246341 -0.047999 0.028237 -0.492899 -0.187527
0.250054 -0.077056 0.112911 -0.110234 -0.198451
0.250054 -0.077056 0.112911 -0.110234 -0.198451
0.250054 -0.077056 0.112911 -0.110234 -0.198451
0.187376 -0.184889 0.077651 0.213819 0.165179
0.181842 -0.172337 0.076085 0.261321 0.219538
0.223221 -0.179446 0.073422 0.171493 0.154793
0.242886 -0.195298 0.072314 0.036136 0.039407
0.224351 -0.181329 0.070261 0.101076 0.089873
0.284303 0.034859 0.236502 0.399128 -0.053181
0.29779 -0.041822 0.203612 0.162639 -0.083172
0.215574 -0.177233 0.070609 -0.045791 -0.033304
0.122306 -0.19832 0.010322 0.056612 0.19911
0.154502 -0.147709 0.029399 -0.030241 0.15192
0.154502 -0.147709 0.029399 -0.030241 0.15192
0.157618 -0.198593 0.008399 0.25533 0.452692
0.210767 -0.127547 0.087878 0.186118 0.176812
0.206899 -0.205218 0.054433 0.271751 0.281077
0.206899 -0.205218 0.054433 0.271751 0.281077
0.190079 -0.266243 -0.015728 0.064591 0.156152
0.07122 -0.349513 -0.134136 -0.124436 0.2887
0.171937 -0.179311 -0.046682 -0.091908 0.121252
0.169363 -0.093386 -0.013041 -0.265993 -0.140157
0.135371 -0.114232 -0.005143 -0.179877 -0.088439
0.135371 -0.114232 -0.005143 -0.179877 -0.088439
0.146567 -0.261576 -0.053896 -0.4128 -0.094649
0.146567 -0.261576 -0.053896 -0.4128 -0.094649
0.146567 -0.261576 -0.053896 -0.4128 -0.094649
0.146567 -0.261576 -0.053896 -0.4128 -0.094649
0.146567 -0.261576 -0.053896 -0.4128 -0.094649
0.146567 -0.261576 -0.053896 -0.4128 -0.094649
0.166473 -0.122236 0.012297 -0.262929 -0.093916
0.166473 -0.122236 0.012297 -0.262929 -0.093916
0.085428 -0.217348 -0.034748 -0.232049 -0.121073
0.2076 -0.126017 0.055811 -0.044122 -0.047881
0.2076 -0.126017 0.055811 -0.044122 -0.047881
0.2076 -0.126017 0.055811 -0.044122 -0.047881
0.15407 -0.154139 -0.022347 -0.269458 -0.105251
0.208075 -0.22598 0.002513 0.082478 0.117797
0.163647 -0.235297 -0.036647 -0.161247 0.071829
0.173639 -0.243107 -0.019104 -0.220574 0.010784
0.142589 -0.314712 -0.076765 -0.582141 -0.227249
0.245116 -0.170694 0.01613 -0.248528 -0.139969
0.227502 -0.163969 0.012704 -0.350332 -0.269483
0.277962 -0.151434 0.062324 -0.275546 -0.239268
0.155473 -0.340173 -0.037701 -0.225679 -0.041955
0.155473 -0.340173 -0.037701 -0.225679 -0.041955
0.141296 -0.169263 -0.010985 -0.222502 -0.082067
0.137073 -0.182007 -0.046005 -0.350334 -0.106907
0.137073 -0.182007 -0.046005 -0.350334 -0.106907
0.14769 -0.19489 -0.019146 -0.325806 -0.212525
0.149418 -0.259688 -0.032603 0.008531 0.16088
0.12633 -0.252032 -0.054418 -0.11104 0.126241
0.160518 -0.200108 -0.01822 -0.157183 0.006455
0.160518 -0.200108 -0.01822 -0.157183 0.006455
0.137526 -0.151722 -0.025768 -0.15693 0.030614
0.205941 -0.062551 0.033492 -0.191414 -0.107997
0.205941 -0.062551 0.033492 -0.191414 -0.107997
0.221178 -0.083387 0.068653 -0.144936 -0.162283
0.118369 -0.131522 -0.025995 -0.240344 -0.042096
0.127947 -0.175835 -0.02892 -0.346678 -0.115857
0.117679 -0.288059 -0.016562 -0.018104 0.013308
0.152518 -0.309669 -0.021206 -0.041154 0.098883
0.2157 -0.248033 0.045688 -0.027784 -0.054431
0.2157 -0.248033 0.045688 -0.027784 -0.054431
0.133375 -0.240441 -0.075429 -0.116919 0.191368
0.254029 -0.12235 0.007168 -0.093077 0.094157
0.254029 -0.12235 0.007168 -0.093077 0.094157
0.177162 -0.220906 0.042728 0.042551 0.039891
0.234597 -0.184294 0.142355 0.345819 0.069136
0.313901 -0.104221 0.151118 0.142192 -0.028254
0.313901 -0.104221 0.151118 0.142192 -0.028254
0.259629 -0.190836 0.101596 0.17169 0.018162
0.175412 -0.277815 0.007262 0.029676 0.225926
0.175412 -0.277815 0.007262 0.029676 0.225926
0.215291 -0.116698 0.075131 -0.15245 -0.22981
0.165058 -0.169924 0.056704 -0.1258 -0.224062
0.130956 -0.204253 -0.009052 -0.162557 -0.114779
0.130956 -0.204253 -0.009052 -0.162557 -0.114779
0.075527 -0.30227 -0.065681 -0.192163 0.073026
0.074884 -0.335147 -0.073428 -0.208812 0.009397
0.074884 -0.335147 -0.073428 -0.208812 0.009397
0.16023 -0.230738 0.004196 -0.114875 -0.000721
0.16023 -0.230738 0.004196 -0.114875 -0.000721
0.209831 -0.065431 0.053708 -0.107012 -0.066306
0.209831 -0.065431 0.053708 -0.107012 -0.066306
0.201612 -0.08954 0.064327 0.013118 0.031851
0.201612 -0.08954 0.064327 0.013118 0.031851
0.217473 -0.107837 0.07646 -0.19019 -0.178167
0.217473 -0.107837 0.07646 -0.19019 -0.178167
0.135798 -0.191963 -0.030755 -0.154561 -0.010987
0.15711 -0.143545 -0.009525 -0.2764 -0.070784
0.15711 -0.143545 -0.009525 -0.2764 -0.070784
0.087516 -0.257 -0.082017 -0.300868 0.093896
0.159672 -0.200216 -0.093915 -0.411604 0.104921
0.199078 -0.106616 -0.028507 -0.493371 -0.098705
0.199078 -0.106616 -0.028507 -0.493371 -0.098705
0.199078 -0.106616 -0.028507 -0.493371 -0.098705
0.199078 -0.106616 -0.028507 -0.493371 -0.098705
0.199078 -0.106616 -0.028507 -0.493371 -0.098705
0.199078 -0.106616 -0.028507 -0.493371 -0.098705
0.270319 -0.03087 0.048317 -0.377869 -0.135452
0.289675 0.003577 0.181166 -0.210545 -0.381827
0.262594 -0.035602 0.153592 -0.213583 -0.418933
0.262594 -0.035602 0.153592 -0.213583 -0.418933
0.262594 -0.035602 0.153592 -0.213583 -0.418933
0.262594 -0.035602 0.153592 -0.213583 -0.418933
0.262594 -0.035602 0.153592 -0.213583 -0.418933
0.262594 -0.035602 0.153592 -0.213583 -0.418933
0.262594 -0.035602 0.153592 -0.213583 -0.418933
0.16177 -0.108214 0.089411 -0.128152 -0.301103
0.16177 -0.108214 0.089411 -0.128152 -0.301103
0.153291 -0.092226 0.112419 0.108018 -0.129703
0.106189 -0.15553 0.01794 0.024742 0.081696
0.081913 -0.288152 -0.056938 -0.14305 0.106183
0.081913 -0.288152 -0.056938 -0.14305 0.106183
0.048221 -0.341276 -0.103307 -0.22389 0.10818
0.119691 -0.30638 0.034947 -0.011794 -0.023758
0.08366 -0.393585 -0.042129 -0.126314 0.081688
0.141727 -0.295091 -0.03772 -0.356566 -0.021107
0.156908 -0.168603 0.008147 -0.367168 -0.230976
0.156908 -0.168603 0.008147 -0.367168 -0.230976
0.138637 -0.252733 0.042392 0.019747 0.02653
0.159231 -0.185809 -0.018632 -0.139095 0.14836
0.166144 -0.171942 -0.00739 -0.23557 0.048184
0.166144 -0.171942 -0.00739 -0.23557 0.048184
0.238591 -0.081674 0.081958 0.163776 0.197663
0.238591 -0.081674 0.081958 0.163776 0.197663
0.254413 -0.149584 0.04609 -0.205963 -0.111922
0.254413 -0.149584 0.04609 -0.205963 -0.111922
0.265333 -0.181566 0.052261 -0.14901 -0.121252
0.120085 -0.308872 -0.055382 -0.206705 0.025924
0.120085 -0.308872 -0.055382 -0.206705 0.025924
0.159108 -0.172554 -0.017241 -0.290769 -0.075711
0.159108 -0.172554 -0.017241 -0.290769 -0.075711
0.229611 -0.083213 0.058526 0.120492 0.189061
0.179979 -0.086959 0.066433 0.205066 0.230409
0.177913 -0.056246 0.094171 0.022016 -0.007821
0.231222 -0.14447 0.123087 0.003545 -0.155708
0.201083 -0.178475 -0.002417 -0.175555 0.088642
0.143818 -0.185615 -0.021438 -0.133215 0.161609
0.205588 -0.167955 -0.032963 -0.337782 0.039721
0.267972 -0.10357 0.080872 -0.076861 -0.05536
0.19014 -0.252747 0.000503 -0.291357 -0.096783
0.156477 -0.257942 -0.008776 0.012615 0.102715
0.109851 -0.254943 -0.060568 -0.296869 -0.023897
0.109851 -0.254943 -0.060568 -0.296869 -0.023897
0.109851 -0.254943 -0.060568 -0.296869 -0.023897
0.286211 -0.065728 0.041342 -0.4099 -0.260146
0.316057 0.085794 0.157362 -0.073373 -0.207869
0.23679 -0.092845 0.137909 0.348679 0.09555
0.151518 -0.170502 -0.052266 -0.230049 0.108838
0.209423 -0.168458 0.023947 -0.135723 -0.083511
0.102677 -0.230782 -0.012053 -0.191999 -0.059374
0.13245 -0.251752 -0.058809 -0.104039 0.151205
0.204457 -0.138774 0.046546 0.165235 0.26252
0.169029 -0.212347 -0.076978 -0.265186 0.169805
0.169029 -0.212347 -0.076978 -0.265186 0.169805
0.275378 -0.219396 0.040892 -0.05921 0.016894
0.226866 -0.182514 0.07525 0.195599 0.138522
0.312292 -0.016729 0.127783 0.058359 -0.040328
0.243267 -0.075942 0.061209 -0.226879 -0.275556
0.243267 -0.075942 0.061209 -0.226879 -0.275556
0.243267 -0.075942 0.061209 -0.226879 -0.275556
0.137104 -0.129311 -0.001411 -0.016115 -0.016365
0.085235 -0.233099 -0.053105 -0.079188 0.007154
0.108482 -0.22537 -0.077081 -0.148019 0.083554
0.108482 -0.22537 -0.077081 -0.148019 0.083554
0.149471 -0.144986 -0.013046 -0.204642 -0.13208
0.035577 -0.249434 -0.148671 -0.234662 0.220437
0.035577 -0.249434 -0.148671 -0.234662 0.220437
0.035577 -0.249434 -0.148671 -0.234662 0.220437
0.106323 -0.179047 -0.056824 -0.064711 0.15265
0.106323 -0.179047 -0.056824 -0.064711 0.15265
0.188863 -0.101004 0.053445 0.207358 0.056207
0.290137 -0.100539 0.073498 -0.144831 -0.156885
0.345097 -0.027098 0.122212 -0.1049 -0.14234
0.298579 -0.055673 0.031948 -0.357634 -0.115679
0.298579 -0.055673 0.031948 -0.357634 -0.115679
0.298579 -0.055673 0.031948 -0.357634 -0.115679
0.298579 -0.055673 0.031948 -0.357634 -0.115679
0.181585 -0.154369 -0.043149 -0.392271 -0.010299
0.181585 -0.154369 -0.043149 -0.392271 -0.010299
0.181585 -0.154369 -0.043149 -0.392271 -0.010299
0.181585 -0.154369 -0.043149 -0.392271 -0.010299
0.09703 -0.183101 -0.099291 -0.33427 0.163752
0.138157 -0.221675 -0.064349 -0.302265 0.003779
0.138482 -0.179519 -0.046736 -0.143816 0.085914
0.136404 -0.169522 -0.046431 -0.255443 0.025993
0.134155 -0.288539 -0.041608 -0.47847 -0.190154
0.134155 -0.288539 -0.041608 -0.47847 -0.190154
0.134155 -0.288539 -0.041608 -0.47847 -0.190154
0.058425 -0.396245 -0.082618 -0.253727 0.092277
0.047861 -0.411992 -0.098307 -0.322233 0.042975
0.047861 -0.411992 -0.098307 -0.322233 0.042975
0.1082 -0.288557 -0.088036 -0.403635 0.024081
0.205917 -0.197128 -0.019024 -0.406479 -0.092787
0.215025 -0.189896 0.037475 -0.20039 -0.06014
0.215025 -0.189896 0.037475 -0.20039 -0.06014
0.171454 -0.168163 0.055332 -0.06977 -0.066359
0.171454 -0.168163 0.055332 -0.06977 -0.066359
0.187617 -0.214472 0.066589 0.088762 -0.04901
0.15761 -0.180006 0.086312 0.136315 -0.187669
0.244674 -0.092223 0.10812 0.222734 -0.091007
0.182648 -0.063282 0.011539 -0.103155 0.067123
0.129846 -0.069764 -0.009731 -0.23395 -0.083726
0.136961 -0.101755 -0.015363 -0.463726 -0.223154
0.224954 -0.049497 0.062658 -0.294131 -0.230354
0.224954 -0.049497 0.062658 -0.294131 -0.230354
0.12662 -0.280818 -0.049252 -0.163279 0.036817
0.12662 -0.280818 -0.049252 -0.163279 0.036817
0.12662 -0.280818 -0.049252 -0.163279 0.036817
0.12662 -0.280818 -0.049252 -0.163279 0.036817
0.21208 -0.106827 0.037181 -0.098037 -0.005403
0.155428 -0.165089 0.014513 0.062239 0.207413
0.291329 -0.157749 0.088112 0.100855 0.074976
0.276368 0.023123 0.108462 0.076497 0.0144
0.110976 -0.120317 0.044221 0.143549 0.075018
0.283832 0.040948 0.158268 0.153626 -0.019038
0.228808 -0.018079 0.141959 -0.155134 -0.424747
0.176608 -0.125237 0.078089 -0.13397 -0.167002
0.142416 -0.342344 0.043423 0.131536 0.067187
0.236297 -0.236388 0.026895 -0.188848 -0.053919
0.241685 -0.143389 0.017316 -0.051983 0.166208
0.241685 -0.143389 0.017316 -0.051983 0.166208
0.241685 -0.143389 0.017316 -0.051983 0.166208
0.195405 -0.206447 0.072219 0.18687 0.133356
0.195405 -0.206447 0.072219 0.18687 0.133356
0.192939 -0.15883 0.097424 0.352016 0.172884
0.232639 0.000639 0.078953 0.131304 0.190496
0.202038 -0.07301 0.095277 0.103756 0.017695
0.202038 -0.07301 0.095277 0.103756 0.017695
0.202038 -0.07301 0.095277 0.103756 0.017695
0.191816 -0.113805 0.060901 -0.162785 -0.125376
0.301283 -0.002481 0.134586 0.025178 -0.040896
0.280925 -0.022277 0.152407 -0.053248 -0.300158
0.280925 -0.022277 0.152407 -0.053248 -0.300158
0.280925 -0.022277 0.152407 -0.053248 -0.300158
0.138638 -0.119085 0.007362 -0.189222 -0.079015
0.058302 -0.246351 -0.074501 -0.169947 0.129023
0.13269 -0.125759 -0.059207 -0.228349 0.133137
0.13269 -0.125759 -0.059207 -0.228349 0.133137
0.145722 -0.1468 -0.040148 -0.296437 -0.007088
0.100698 -0.264784 -0.07223 0.120032 0.458665
0.100698 -0.264784 -0.07223 0.120032 0.458665
0.100698 -0.264784 -0.07223 0.120032 0.458665
0.121694 -0.325815 -0.089542 -0.250303 0.126813
0.121694 -0.325815 -0.089542 -0.250303 0.126813
0.226341 -0.169804 -0.007327 -0.146023 0.109158
0.226341 -0.169804 -0.007327 -0.146023 0.109158
0.226341 -0.169804 -0.007327 -0.146023 0.109158
0.133374 -0.24918 -0.026572 -0.296552 -0.072418
0.133374 -0.24918 -0.026572 -0.296552 -0.072418
0.133374 -0.24918 -0.026572 -0.296552 -0.072418
0.133374 -0.24918 -0.026572 -0.296552 -0.072418
0.146518 -0.181279 0.085005 0.394369 0.288126
0.146518 -0.181279 0.085005 0.394369 0.288126
0.211391 -0.154146 0.0961 0.240554 0.144685
0.168625 -0.214749 0.064917 0.347892 0.221771
0.189975 -0.182081 0.053523 0.223194 0.122975
0.133762 -0.315576 -0.035261 0.1884 0.367026
0.133762 -0.315576 -0.035261 0.1884 0.367026
0.133762 -0.315576 -0.035261 0.1884 0.367026
0.185856 -0.256266 -0.006671 0.166753 0.313242
0.145233 -0.2822 -0.041992 0.046308 0.198116
0.080424 -0.244515 -0.012604 0.132298 0.221577
0.043839 -0.272677 -0.030777 -0.045079 0.104242
0.046135 -0.415427 -0.050274 0.142295 0.325238
0.046135 -0.415427 -0.050274 0.142295 0.325238
0.046135 -0.415427 -0.050274 0.142295 0.325238
-0.012513 -0.41527 -0.022459 0.297876 0.238368
-0.012513 -0.41527 -0.022459 0.297876 0.238368
0.060752 -0.292285 0.00876 0.216643 0.064076
0.037625 -0.342467 -0.022255 0.443827 0.361908
0.037625 -0.342467 -0.022255 0.443827 0.361908
0.037625 -0.342467 -0.022255 0.443827 0.361908
0.100425 -0.260637 0.030402 0.249256 0.2277
0.146663 -0.190709 0.009315 0.099108 0.155526
0.146663 -0.190709 0.009315 0.099108 0.155526
0.146663 -0.190709 0.009315 0.099108 0.155526
0.167222 -0.128112 -0.021718 -0.273347 0.001206
