-996.1144
-722.0225
-722.7309
-722.7309
-722.7309
-721.0742
-721.0742
-721.0742
-720.6969
-719.4738
-719.4738
-719.3709
-720.0373
-720.1024
-719.8211
-719.6731
-719.7557
-719.8772
-720.0869
-719.764
-719.3548
-720.0989
-720.0989
-720.5239
-720.8745
-719.6906
-719.8009
-719.8009
-719.9088
-719.7966
-719.6433
-719.6433
-721.1216
-720.0512
-720.0512
-719.7202
-719.7202
-719.7202
-719.408
-719.408
-719.408
-719.408
-719.408
-719.408
-719.4718
-719.4718
-719.4718
-720.4382
-720.1162
-720.1162
-720.1162
-720.4707
-720.4707
-720.4707
-720.7798
-720.7798
-720.7798
-720.0834
-720.0834
-720.1183
-719.4653
-719.8689
-720.139
-721.0243
-719.836
-719.9888
-721.5421
-721.5421
-722.3702
-722.3702
-723.0356
-721.2117
-720.4889
-719.4276
-721.3002
-720.035
-720.035
-720.035
-720.4879
-720.4689
-720.009
-720.0963
-720.0963
-721.935
-721.935
-722.5795
-720.3407
-720.3407
-720.3407
-720.3407
-720.3407
-720.3407
-720.3407
-720.3407
-720.3407
-720.3407
-719.6645
-719.6645
-720.4192
-720.3273
-720.3273
-720.3991
-719.8834
-720.6519
-720.6519
-721.0777
-721.614
-723.102
-720.9796
-720.9796
-720.3096
-720.3096
-721.0506
-720.5518
-720.5518
-720.909
-720.909
-720.909
-722.1071
-722.5396
-720.2601
-719.9377
-721.189
-720.1512
-720.2911
-723.4182
-723.6048
-722.9196
-722.9283
-722.9283
-721.942
-721.6326
-721.2686
-721.2686
-721.2686
-720.7297
-720.772
-720.4775
-720.4775
-720.4775
-720.8294
-721.0501
-719.9195
-721.4442
-720.6936
-721.1178
-721.1178
-721.1178
-721.1178
-721.1178
-721.1178
-719.9718
-723.1201
-720.9718
-721.0723
-721.0723
-721.0723
-722.4017
-719.9766
-719.9766
-719.56
-719.56
-719.5947
-720.8317
-719.8386
-719.8386
-719.9974
-719.4408
-719.4408
-719.4408
-720.4624
-719.9391
-719.9391
-719.9834
-720.5007
-720.5007
-720.5007
-719.1276
-719.1276
-719.1276
-719.1276
-719.7784
-719.7784
-723.8272
-722.584
-721.6884
-721.3177
-721.3097
-721.2517
-720.8905
-719.5798
-719.5798
-720.2198
-720.2198
-720.2198
-720.2198
-720.2198
-720.2198
-720.2198
-719.7387
-719.7387
-720.3701
-721.1578
-719.8816
-719.0921
-719.0921
-719.0921
-719.0921
-719.0921
-719.8881
-719.8881
-719.8881
-719.8881
-719.8881
-719.8881
-720.1294
-720.1294
-722.2876
-725.4127
-723.8936
-724.1506
-724.1506
-720.9863
-720.0413
-719.8083
-719.8083
-720.902
-721.6698
-721.6698
-721.6698
-721.6698
-721.6698
-720.9047
-720.0905
-720.4151
-720.7927
-720.7927
-720.7927
-720.7927
-719.5592
-719.5592
-720.1762
-720.237
-719.8967
-719.8967
-719.8967
-721.1144
-721.1144
-721.1144
-721.9391
-721.6174
-721.3705
-721.3705
-720.6498
-720.6498
-719.7969
-719.7969
-720.0102
-720.0121
-720.0121
-720.9114
-721.4201
-721.4201
-721.2208
-721.1153
-720.3008
-720.0042
-719.7533
-719.5732
-719.5732
-720.9255
-720.7164
-720.7164
-720.5786
-724.5275
-721.1379
-721.3364
-720.1861
-721.7114
-721.7114
-720.7381
-720.7381
-721.2773
-721.2675
-721.2675
-721.2675
-721.2675
-721.282
-719.8369
-719.8369
-721.0408
-720.0176
-720.3926
-720.3926
-720.3926
-720.3926
-720.3926
-720.7723
-720.7723
-721.5789
-719.8321
-720.4708
-720.3077
-719.8084
-719.9838
-719.9838
-719.5776
-719.8256
-719.7457
-721.1684
-721.2974
-720.9242
-720.9242
-720.618
-720.8321
-720.8321
-719.8821
-719.8821
-720.6772
-720.2594
-720.2594
-720.2594
-720.2594
-722.3541
-724.1327
-722.434
-720.9444
-720.9444
-721.2513
-721.2513
-721.2513
-721.2513
-721.239
-720.2574
-720.9448
-721.6585
-720.5511
-720.5511
-720.5511
-719.8694
-719.8694
-720.8068
-720.8068
-721.2696
-721.2696
-721.2696
-721.2696
-721.2696
-721.5992
-720.3225
-720.6249
-720.6249
-720.267
-720.267
-722.8964
-721.6607
-720.4859
-720.4859
-720.7988
-720.5244
-722.0449
-720.1574
-720.1574
-722.1562
-720.5527
-721.4103
-722.4487
-722.4409
-721.5232
-722.4094
-719.1799
-719.1799
-719.1799
-719.1799
-719.1799
-720.9488
-723.1569
-723.1714
-723.3308
-722.3651
-719.5775
-719.5775
-719.9812
-721.9197
-722.0762
-719.3466
-719.3466
-719.3466
-719.3466
-719.9023
-719.8992
-719.8992
-719.9588
-719.6264
-719.6264
-719.6264
-719.7113
-719.7113
-719.7113
-719.7113
-719.6076
-720.2676
-720.2676
-719.7246
-721.1855
-722.2734
-722.3761
-722.3761
-721.6382
-721.6382
-721.6382
-723.7311
-723.0963
-721.9755
-720.1344
-719.709
-720.2454
-719.9514
-719.9514
-719.9514
-720.0805
-720.0805
-721.469
-721.469
-721.185
-722.5436
-722.9416
-721.6062
-721.1323
-719.6731
-719.5503
-719.5503
-719.5185
-719.5185
-720.1247
-720.1247
-720.0085
-719.7672
-719.7672
-719.7672
-719.7672
-719.7672
-719.8283
-720.3562
-719.4169
-720.173
-720.173
-720.173
-719.7379
-719.7379
-719.7379
-720.0914
-721.0445
-720.2957
-719.1189
-719.94
-720.0741
-721.165
-720.1009
-720.1009
-720.1009
-721.5107
-721.5107
-721.5107
-720.8366
-721.9072
-722.2976
-726.1223
-722.6902
-722.6902
-720.4481
-720.4481
-720.4481
-720.4481
-720.4662
-720.4662
-721.0611
-721.0611
-719.5037
-719.4562
-719.3199
-719.3552
-721.8213
-721.8213
-722.2574
-724.0935
-722.876
-722.876
-721.6109
-719.8423
-719.8423
-720.2483
-720.2483
-720.2483
-719.6822
-720.0064
-720.0064
-719.5659
-719.5659
-719.5659
-720.1912
-720.7697
-721.0461
-721.0461
-720.2176
-720.2176
-720.2176
-720.2176
-720.7826
-720.1895
-720.1895
-720.1895
-719.8604
-719.8604
-719.9595
-719.9395
-720.5885
-719.9265
-719.7593
-720.4539
-720.5047
-719.1586
-721.5644
-721.7784
-721.7784
-720.4851
-719.7588
-719.7588
-719.7588
-719.7588
-719.907
-720.1902
-719.8573
-720.0757
-720.0757
-719.3133
-719.8665
-719.8665
-719.8665
-719.8665
-721.1495
-721.2557
-722.0256
-722.0256
-722.0256
-722.0256
-721.2489
-721.3665
-719.9942
-721.1836
-721.1836
-721.1836
-721.1836
-721.1836
-721.1836
-721.1836
-721.1836
-719.8475
-721.3253
-719.5375
-719.5375
-719.5375
-719.5375
-723.0853
-723.3037
-720.2025
-721.91
-720.0949
-719.8526
-720.2078
-720.2078
-720.2078
-720.4164
-720.6509
-723.8845
-721.4124
-721.4124
-721.4124
-721.4124
-721.2982
-719.6068
-719.6068
-719.6068
-720.1918
-719.7868
-720.1389
-719.9891
-719.9917
-719.5533
-719.5533
-719.3831
-721.4127
-723.1336
-723.1336
-723.1336
-723.1336
-721.218
-721.218
-720.2194
-719.6581
-719.6581
-719.6581
-719.6581
-719.6581
-719.6581
-719.6581
-719.6581
-719.6581
-719.6581
-720.9937
-720.9937
-720.9937
-719.772
-719.8472
-719.8725
-719.1313
-719.2107
-719.9824
-719.9824
-719.6183
-719.9045
-719.6312
-719.6312
-720.2302
-720.4717
-720.9158
-720.9543
-721.218
-722.6067
-722.6067
-721.6039
-721.312
-721.787
-721.787
-720.345
-720.345
-720.9377
-719.8005
-719.6479
-719.9928
-719.9928
-720.7647
-719.7703
-720.3561
-720.3561
-720.5523
-720.5523
-721.3204
-721.3204
-720.4523
-721.1629
-721.1629
-720.8201
-720.8201
-719.9213
-719.9213
-719.7445
-719.7445
-720.2045
-719.4489
-719.4489
-721.1764
-720.1945
-719.4793
-719.3426
-719.7205
-719.7205
-720.0121
-720.0121
-721.0458
-720.6696
-720.2259
-720.0017
-720.0017
-720.0017
-720.0017
-719.6829
-719.6938
-719.7865
-720.4443
-719.9352
-720.7557
-721.0714
-719.4211
-721.1808
-722.6778
-721.7911
-722.5964
-721.8768
-719.6427
-721.263
-721.263
-719.6875
-719.6875
-719.6875
-719.6875
-719.8605
-719.9948
-719.9948
-719.9948
-720.5331
-719.557
-724.6072
-725.029
-722.7453
-721.4644
-722.8289
-721.7377
-721.7377
-720.5038
-720.1912
-720.1912
-719.9289
-720.4873
-720.5185
-719.9795
-720.0473
-719.6363
-719.6363
-719.6363
-721.5853
-721.5853
-721.1434
-721.1434
-721.0808
-720.7552
-720.7552
-720.5279
-720.6008
-719.9419
-719.9419
-720.674
-719.8907
-719.8907
-719.7078
-719.7078
-719.7078
-719.9324
-721.0545
-720.5333
-719.5791
-720.2267
-721.6854
-721.7636
-721.1568
-720.0204
-719.9721
-719.9721
-719.4643
-719.4643
-719.4643
-719.3801
-719.9855
-722.0127
-722.6907
-722.034
-719.9901
-719.5563
-719.5563
-719.9142
-720.3717
-720.122
-719.4848
-719.1099
-719.1099
-719.1099
-719.1099
-719.1099
-719.4662
-719.4662
-719.4662
-719.4662
-719.4662
-719.4662
-719.6487
-719.6487
-719.6487
-719.8158
-719.8158
-719.4039
-719.7471
-719.7471
-719.7471
-719.7471
-719.8198
-719.8198
-721.8667
-720.6167
-720.6167
-720.6167
-719.8724
-722.1405
-721.4904
-721.4904
-722.8278
-723.6173
-720.1367
-719.7222
-719.7222
-719.7222
-722.2308
-720.0947
-720.0947
-720.0947
-720.0947
-720.4256
-720.4256
-720.4441
-720.0626
-720.0626
-720.0626
-720.0626
-719.6715
-719.6715
-719.6715
-719.6715
-720.2383
-720.065
-721.329
-719.7621
-719.7621
-719.7621
-719.6453
-719.6453
-720.3285
-720.7351
-720.3967
-720.3967
-719.502
-719.502
-720.1695
-721.3892
-721.3892
-722.2711
-721.5937
-721.5937
-721.2355
-720.7413
-721.374
-721.374
-721.374
-721.1476
-719.9621
-719.9621
-719.9008
-721.3882
-720.1047
-722.8031
-721.0173
-720.6348
-721.2899
-719.4559
-721.0922
-721.0922
-720.6208
-720.6208
-720.6208
-720.6208
-720.6208
-720.6691
-720.9277
-721.4809
-723.1843
-721.8765
-721.2463
-721.0948
-721.0948
-721.0948
-720.9583
-721.8951
-721.8951
-722.3218
-722.4384
-722.0281
-722.0281
-721.4298
-723.1293
-721.585
-721.585
-722.5446
-722.5446
-723.0602
-723.0602
-722.8121
-720.3953
-720.3953
-723.2636
-723.2636
-723.2636
-720.439
-720.439
-719.4585
-719.4585
-720.0546
-720.0546
-720.7527
-720.6586
-721.2606
-722.4781
-721.7203
-721.7421
-722.43
-720.8081
-720.8081
-720.8081
-719.7458
-721.8971
-721.7561
-721.7561
-721.7561
-721.7561
-721.7561
-721.5368
-721.5368
-721.0496
-721.0496
-721.3844
-721.3844
-719.9233
-720.187
-719.5315
-719.4942
-719.4942
-719.4942
-719.4942
-719.2324
-721.0351
-720.013
-720.0431
-721.2247
-721.2247
-720.0315
-719.5181
-720.5894
-719.3891
-719.3891
-719.3891
-720.6067
-721.2823
-721.2823
-720.4605
-720.4605
-720.4605
-720.4605
-720.3607
-720.3607
-719.707
-721.0128
-720.2478
-722.0691
-720.4078
-720.2798
-720.1982
-721.9935
-721.0606
-721.0606
-721.0606
-721.0606
-721.0045
-720.45
-719.3077
-720.4053
-720.2109
-720.1745
-720.1745
-720.8163
-719.8029
-720.8893
-719.4293
-720.0891
-719.9635
-721.1441
-720.8791
-721.2062
-719.289
-720.7064
-721.1557
-721.1557
-720.1852
-720.1674
-720.1674
-720.1674
-719.5791
-719.5791
-719.8002
-719.8002
-719.9681
-719.7822
-719.7822
-719.7822
-719.7822
-720.7522
-720.0818
-720.0818
-720.0818
-720.5346
-720.5346
-719.867
-719.867
-719.7907
-720.6978
-719.6682
-720.4382
-720.3868
-720.3868
-720.8898
-721.754
-721.754
-721.754
-720.1263
-720.1263
-720.1263
-720.1263
-720.8241
-721.7397
-719.4137
-719.4137
-719.4137
-719.4137
-719.4137
-719.4137
-719.4137
-719.4137
-719.7694
-719.7694
-719.7694
-719.7694
-720.6706
-720.492
-720.0044
-720.0044
-720.9502
-719.3543
-719.3543
-719.3543
-719.7061
-719.4908
-719.4908
-720.1727
-720.1727
-719.1827
-719.1827
-720.2284
-721.5253
-722.2449
-720.1224
-720.0782
-721.0866
-721.0866
-719.5994
-719.5994
-720.6481
-720.7513
-720.7513
-720.7513
-721.266
-720.7927
-720.7927
-720.7927
-720.9103
-720.9103
-719.8061
-721.5194
-721.5194
-720.6903
-720.6903
-720.6903
-720.8069
-720.4478
-719.8931
-719.8931
-719.3445
-721.906
-720.6664
-720.6664
-719.1725
-719.1725
-720.0505
-720.0505
-720.0505
-720.0505
-719.6252
-719.6252
-720.7906
-719.8935
-719.8935
-720.381
-720.381
-719.5433
-719.5433
-719.5433
-719.5433
-719.4333
-719.4073
-719.8653
-719.8653
-719.9274
-720.153
-720.153
-720.2212
-719.8123
-719.9933
-723.5464
-723.5464
-722.6027
-722.6027
-721.3373
-720.7495
-722.0903
-720.755
-720.755
-720.3506
-719.2086
-719.2086
-721.0174
-721.0174
-720.7018
-720.7018
-720.7018
-722.8212
-721.0998
-721.9293
-722.6797
-721.7309
-720.3223
-720.0734
-720.0734
-719.9657
-719.9657
-719.1214
-719.1214
-719.1214
-721.8777
-722.339
-720.6357
-720.6357
-720.6357
-720.6357
-719.4455
-719.2524
-719.2524
-719.2524
-719.5905
-720.088
-720.7037
-720.4718
-719.9052
-719.6076
-719.6076
-719.8617
-720.8102
-720.8102
-720.8102
-720.0547
-719.9896
-720.0353
-720.7857
-720.7857
-720.7857
-720.7857
-720.7857
-720.8647
-719.1378
-719.1378
-719.1378
-719.1378
-720.1952
-719.2657
-719.9556
-719.9556
-721.1775
-720.2659
-719.8458
-720.2404
-720.1787
-719.9852
-719.8918
-719.5302
-719.7367
-721.1632
-720.2568
-725.5227
-722.6595
-722.6595
-719.8781
-719.8781
-720.969
-720.969
-719.8525
-720.5133
-723.2933
-723.2933
-723.2933
-723.2933
-720.1968
-720.1968
-720.1968
-720.251
-719.8002
-719.8002
-719.8002
-719.9258
-720.1369
-720.1369
-720.1732
-719.931
-719.5108
-719.6964
-719.6643
-720.5345
-720.1252
-720.1527
-722.7245
-723.7558
-722.2904
-720.0764
-719.4792
-719.4792
-719.4792
-719.219
-719.6168
-719.6168
-719.8244
-719.8244
-719.7441
-719.7441
-719.7441
-719.5262
-720.0884
-719.6654
-719.6654
-719.2886
-719.7306
-719.7306
-719.5932
-720.4115
-720.7129
-719.4427
-719.3617
-720.3804
-720.7731
-720.7731
-720.5332
-723.8161
-719.8457
-719.3009
-719.3009
-719.6464
-721.011
-720.6908
-720.6908
-720.631
