-0.792478 0.047151 0.017286 -0.26349 -0.292021
0.135658 -0.123567 0.009258 -0.334273 -0.24724
0.111739 -0.18849 -0.021823 -0.373787 -0.250004
0.235259 -0.096985 0.090829 -0.151055 -0.15305
0.164633 -0.079777 0.086714 0.107232 0.055783
0.052388 -0.299572 -0.094534 -0.113163 0.196038
0.052388 -0.299572 -0.094534 -0.113163 0.196038
0.052388 -0.299572 -0.094534 -0.113163 0.196038
0.13507 -0.24728 -0.061296 -0.114509 0.120992
0.13507 -0.24728 -0.061296 -0.114509 0.120992
0.142473 -0.236916 -0.048363 -0.138828 0.039976
0.256353 -0.120962 0.068997 -0.029491 -0.059081
0.256353 -0.120962 0.068997 -0.029491 -0.059081
0.212997 -0.176668 0.000538 -0.097395 0.182771
0.148685 -0.262598 -0.065024 -0.087696 0.167027
0.117259 -0.28975 -0.102615 -0.068772 0.256226
0.093354 -0.325103 -0.067941 0.128293 0.316917
0.093354 -0.325103 -0.067941 0.128293 0.316917
0.099593 -0.235091 -0.017522 0.01472 0.111786
0.023914 -0.349175 -0.098299 -0.162563 0.103495
0.152413 -0.2431 0.000541 0.049961 0.009794
0.152413 -0.2431 0.000541 0.049961 0.009794
0.17905 -0.115392 0.061516 -0.224218 -0.236718
0.224114 -0.103715 0.078038 -0.191124 -0.301288
0.224114 -0.103715 0.078038 -0.191124 -0.301288
0.224114 -0.103715 0.078038 -0.191124 -0.301288
0.224114 -0.103715 0.078038 -0.191124 -0.301288
0.163447 -0.119013 0.0988 0.110073 -0.117412
-0.029063 -0.367711 -0.041147 -0.049167 0.032692
0.10505 -0.250025 -0.003384 0.155661 0.205338
0.145581 -0.215059 0.025674 0.162861 0.078802
0.074592 -0.236902 -0.010004 0.020052 0.026366
0.122424 -0.169556 0.015707 -0.071172 -0.038746
0.122424 -0.169556 0.015707 -0.071172 -0.038746
0.122424 -0.169556 0.015707 -0.071172 -0.038746
0.122424 -0.169556 0.015707 -0.071172 -0.038746
0.122424 -0.169556 0.015707 -0.071172 -0.038746
0.156587 -0.170576 -0.001178 -0.236055 -0.143953
0.191094 -0.079661 0.050621 -0.201345 -0.122385
0.191094 -0.079661 0.050621 -0.201345 -0.122385
0.18488 -0.196771 -0.007937 -0.230232 0.011005
0.18488 -0.196771 -0.007937 -0.230232 0.011005
0.18488 -0.196771 -0.007937 -0.230232 0.011005
0.246696 -0.070778 0.001683 -0.349932 -0.04223
0.124129 -0.251229 -0.077638 -0.089245 0.307312
0.046196 -0.374776 -0.114271 0.111283 0.460043
0.046196 -0.374776 -0.114271 0.111283 0.460043
0.046196 -0.374776 -0.114271 0.111283 0.460043
0.073156 -0.379948 -0.122344 -0.01422 0.401603
0.058586 -0.303998 -0.095977 -0.049758 0.274829
0.088621 -0.19271 -0.088393 -0.227052 0.163171
0.149532 -0.18136 -0.016897 -0.257277 -0.116032
0.229427 -0.141234 0.04699 -0.413181 -0.460611
0.229427 -0.141234 0.04699 -0.413181 -0.460611
0.288001 -0.124022 0.008457 -0.063504 0.10294
0.341157 0.042397 0.140884 0.032913 -0.194705
0.199868 -0.154291 0.026206 -0.138942 -0.138689
0.191399 -0.201881 0.063728 -0.073822 -0.197346
0.191399 -0.201881 0.063728 -0.073822 -0.197346
0.224106 -0.137511 0.111714 -0.158049 -0.296131
0.218435 -0.214339 0.063558 0.072112 -0.085762
0.218435 -0.214339 0.063558 0.072112 -0.085762
0.221121 -0.287056 0.012008 -0.002477 0.062933
0.151725 -0.332235 -0.004566 -0.039866 0.139754
0.125261 -0.311472 -0.084209 -0.196417 0.10792
0.122658 -0.218142 -0.080676 -0.365944 -0.01412
0.122658 -0.218142 -0.080676 -0.365944 -0.01412
0.126998 -0.201424 0.002297 -0.009545 0.150002
0.126998 -0.201424 0.002297 -0.009545 0.150002
0.147215 -0.135151 0.02822 -0.033021 0.079848
0.169284 -0.130169 0.05491 0.095977 0.067921
0.14835 -0.18669 -0.021023 -0.290294 -0.100509
0.199183 -0.125783 0.076533 -0.181761 -0.316657
0.199183 -0.125783 0.076533 -0.181761 -0.316657
0.205354 -0.200438 0.068531 0.045525 -0.114696
0.091956 -0.25727 -0.060298 -0.16302 0.07366
0.091956 -0.25727 -0.060298 -0.16302 0.07366
0.091956 -0.25727 -0.060298 -0.16302 0.07366
0.069561 -0.187354 -0.046812 -0.131938 0.045846
0.045792 -0.293636 -0.076462 -0.004198 0.161192
0.107252 -0.294672 -0.019984 0.045076 0.06706
0.210005 -0.185117 0.064254 0.058912 -0.015276
0.261291 -0.094549 0.1042 -0.023773 -0.079862
0.261291 -0.094549 0.1042 -0.023773 -0.079862
0.17503 -0.217629 0.017148 -0.3473 -0.147446
0.17503 -0.217629 0.017148 -0.3473 -0.147446
0.17503 -0.217629 0.017148 -0.3473 -0.147446
0.17503 -0.217629 0.017148 -0.3473 -0.147446
0.185138 -0.187663 0.056853 -0.169243 -0.08308
0.175626 -0.247859 0.03765 -0.054068 -0.034996
0.175626 -0.247859 0.03765 -0.054068 -0.034996
0.175626 -0.247859 0.03765 -0.054068 -0.034996
0.154309 -0.246471 0.028677 -0.147944 -0.098009
0.128475 -0.220563 0.016604 -0.086588 0.007308
0.128475 -0.220563 0.016604 -0.086588 0.007308
0.170708 -0.119777 0.099074 0.27703 0.109803
0.170708 -0.119777 0.099074 0.27703 0.109803
0.170708 -0.119777 0.099074 0.27703 0.109803
0.170708 -0.119777 0.099074 0.27703 0.109803
0.170708 -0.119777 0.099074 0.27703 0.109803
0.173442 -0.113972 0.044939 -0.205264 -0.081911
0.195 -0.135452 0.093369 -0.010282 -0.093357
0.195 -0.135452 0.093369 -0.010282 -0.093357
0.173575 -0.342207 0.075846 0.162613 -0.001031
0.178518 -0.266876 0.083009 0.138912 0.044997
0.21112 -0.177764 0.123355 0.277952 0.141423
0.288558 -0.063518 0.124616 -0.129682 -0.214063
0.288558 -0.063518 0.124616 -0.129682 -0.214063
0.213408 -0.181236 0.044466 -0.31872 -0.22645
0.213408 -0.181236 0.044466 -0.31872 -0.22645
0.213408 -0.181236 0.044466 -0.31872 -0.22645
0.169238 -0.224511 -0.017064 -0.339544 -0.11902
0.169238 -0.224511 -0.017064 -0.339544 -0.11902
0.193878 -0.204568 0.017014 -0.101929 0.024459
0.090441 -0.356111 -0.071188 0.051843 0.259239
0.090441 -0.356111 -0.071188 0.051843 0.259239
0.148032 -0.313068 -0.060392 -0.182006 0.089547
0.158878 -0.189243 -0.006117 -0.130764 -0.034434
0.152643 -0.213312 -0.02843 -0.152094 0.010303
0.180989 -0.226058 -0.003764 -0.033288 0.091751
0.1334 -0.265007 -0.023574 0.063956 0.178227
0.1334 -0.265007 -0.023574 0.063956 0.178227
0.201855 -0.171303 -0.002511 -0.336462 -0.10901
0.168374 -0.21893 0.023506 0.005767 0.137057
0.122074 -0.362947 -0.046978 -0.063127 0.188155
0.166662 -0.240576 0.006727 -0.079924 -0.050269
0.170926 -0.214776 0.038746 0.05515 0.0046
0.275276 -0.096447 0.109951 -0.219917 -0.358645
0.275276 -0.096447 0.109951 -0.219917 -0.358645
0.275276 -0.096447 0.109951 -0.219917 -0.358645
0.275276 -0.096447 0.109951 -0.219917 -0.358645
0.275276 -0.096447 0.109951 -0.219917 -0.358645
0.203259 -0.252242 -0.004179 -0.12015 -0.031142
0.203259 -0.252242 -0.004179 -0.12015 -0.031142
0.19972 -0.21223 -0.022376 0.026986 0.244297
0.19972 -0.21223 -0.022376 0.026986 0.244297
0.278889 -0.108184 0.123555 0.278908 0.140844
0.302517 -0.09974 0.102245 -0.015912 -0.052256
0.326423 -0.07634 0.127378 -0.064926 -0.10137
0.267843 -0.129626 0.058395 -0.501733 -0.404698
0.267843 -0.129626 0.058395 -0.501733 -0.404698
0.267843 -0.129626 0.058395 -0.501733 -0.404698
0.267843 -0.129626 0.058395 -0.501733 -0.404698
0.267843 -0.129626 0.058395 -0.501733 -0.404698
0.267843 -0.129626 0.058395 -0.501733 -0.404698
0.24627 -0.143858 0.015999 -0.418789 -0.162236
0.24627 -0.143858 0.015999 -0.418789 -0.162236
0.12337 -0.307662 -0.071877 -0.232255 0.05771
0.088049 -0.254886 -0.039758 0.119775 0.279298
0.240684 -0.120429 0.082966 0.017069 -0.056598
0.240684 -0.120429 0.082966 0.017069 -0.056598
0.244016 -0.139811 0.065324 -0.008782 0.049233
0.231417 -0.138364 0.088082 0.256562 0.187764
0.169339 -0.223484 0.019356 0.078337 0.127272
0.239842 -0.074139 0.109616 0.146374 0.021314
0.163918 -0.283488 0.038533 0.121119 0.022528
0.138039 -0.276222 -0.015719 -0.215082 -0.154779
0.138039 -0.276222 -0.015719 -0.215082 -0.154779
0.138039 -0.276222 -0.015719 -0.215082 -0.154779
0.150922 -0.362239 0.008566 -0.0173 -0.077149
0.131252 -0.251183 0.01317 -0.102962 -0.075621
0.126266 -0.123096 -0.029982 -0.308425 -0.056633
0.126266 -0.123096 -0.029982 -0.308425 -0.056633
0.126266 -0.123096 -0.029982 -0.308425 -0.056633
0.107374 -0.240885 -0.086545 -0.312516 0.070995
0.198728 -0.282995 -0.057542 -0.386163 -0.0278
0.088935 -0.362343 -0.081021 0.08977 0.298188
0.088935 -0.362343 -0.081021 0.08977 0.298188
0.097282 -0.322306 -0.101499 -0.025534 0.330991
0.097282 -0.322306 -0.101499 -0.025534 0.330991
0.097282 -0.322306 -0.101499 -0.025534 0.330991
0.097282 -0.322306 -0.101499 -0.025534 0.330991
0.097282 -0.322306 -0.101499 -0.025534 0.330991
0.275426 -0.084154 0.058556 -0.05526 -0.016112
0.189112 -0.194037 0.009619 0.033728 0.135027
0.189112 -0.194037 0.009619 0.033728 0.135027
0.127683 -0.293332 -0.032231 0.068475 0.240856
0.260036 -0.096151 0.082679 0.109232 0.19161
0.260036 -0.096151 0.082679 0.109232 0.19161
0.260036 -0.096151 0.082679 0.109232 0.19161
0.260036 -0.096151 0.082679 0.109232 0.19161
0.078516 -0.213083 -0.010457 0.202321 0.313264
0.162726 -0.153581 0.042393 0.117956 0.165573
0.162726 -0.153581 0.042393 0.117956 0.165573
0.252228 -0.023592 0.183156 0.279829 0.020927
0.307758 -0.100051 0.125519 0.010874 -0.024514
0.182822 -0.14564 0.10247 -0.076846 -0.222517
0.213675 -0.123859 0.056213 -0.419835 -0.433968
0.213675 -0.123859 0.056213 -0.419835 -0.433968
0.201666 -0.167818 0.009195 -0.24144 -0.109226
0.060375 -0.281646 -0.062232 -0.051307 0.185383
0.109564 -0.233188 0.021967 0.066067 0.088409
0.215719 -0.097695 0.128694 0.147389 0.039303
0.167761 -0.100407 0.092186 0.270158 0.143479
0.182629 -0.108171 0.028316 -0.075159 0.044957
0.224975 -0.092613 0.055142 -0.182902 -0.134328
0.114422 -0.287424 -0.054405 -0.250941 -0.113091
0.114422 -0.287424 -0.054405 -0.250941 -0.113091
0.114422 -0.287424 -0.054405 -0.250941 -0.113091
0.146716 -0.124967 -0.023998 0.10213 0.188135
0.063551 -0.385565 -0.107178 -0.037844 0.241668
0.093897 -0.30967 -0.118932 -0.255198 0.147276
0.186414 -0.269436 -0.026665 -0.103706 -0.002636
0.186414 -0.269436 -0.026665 -0.103706 -0.002636
0.146396 -0.345105 -0.041746 -0.098377 0.021182
0.264073 -0.160574 0.047657 -0.241791 -0.228836
0.238125 -0.209852 0.049353 -0.053166 -0.040908
0.172477 -0.372008 -0.013369 0.070302 0.187367
0.149817 -0.363858 0.008344 0.150427 0.162118
0.110561 -0.375544 -0.077733 -0.176538 0.113889
0.149297 -0.117783 -0.023496 0.112959 0.275583
0.253489 -0.232461 0.026371 -0.14671 -0.028613
0.265068 -0.21576 -0.030568 -0.389436 -0.059655
0.228959 -0.155466 -0.047643 -0.451115 -0.065606
0.222921 -0.235105 -0.024103 -0.218934 0.015461
0.194065 -0.193239 -0.024074 -0.211247 -0.007099
0.194065 -0.193239 -0.024074 -0.211247 -0.007099
0.190243 -0.167151 -0.02715 -0.224885 0.025423
0.212791 -0.110819 0.019126 -0.147657 0.052842
0.212791 -0.110819 0.019126 -0.147657 0.052842
0.212791 -0.110819 0.019126 -0.147657 0.052842
0.212791 -0.110819 0.019126 -0.147657 0.052842
0.212791 -0.110819 0.019126 -0.147657 0.052842
0.212791 -0.110819 0.019126 -0.147657 0.052842
0.153394 -0.219092 -0.041906 -0.219125 0.060908
0.181159 -0.151969 -0.014206 0.02271 0.207008
0.181159 -0.151969 -0.014206 0.02271 0.207008
0.182985 -0.074221 0.023887 0.011785 0.135821
0.152527 -0.192058 0.017778 0.25838 0.30363
0.043613 -0.322124 -0.127324 -0.102278 0.427396
0.18171 -0.110425 0.028113 -0.404334 -0.146691
0.203676 -0.098446 0.116415 -0.020541 -0.095585
0.16957 -0.073058 0.129286 0.005075 -0.218677
0.030705 -0.275498 0.024765 0.054264 -0.028984
0.102045 -0.263269 0.074402 -0.23337 -0.446412
0.102045 -0.263269 0.074402 -0.23337 -0.446412
-0.030408 -0.469737 -0.096463 -0.355309 -0.158251
-0.030408 -0.469737 -0.096463 -0.355309 -0.158251
0.125642 -0.099662 0.015071 -0.291997 -0.229983
0.11612 -0.215418 -0.100348 -0.340713 0.096599
0.11612 -0.215418 -0.100348 -0.340713 0.096599
0.11612 -0.215418 -0.100348 -0.340713 0.096599
0.11612 -0.215418 -0.100348 -0.340713 0.096599
0.179532 -0.159243 -0.033613 -0.399198 -0.100613
0.178751 -0.189184 0.025465 -0.172705 -0.166653
0.178751 -0.189184 0.025465 -0.172705 -0.166653
0.178751 -0.189184 0.025465 -0.172705 -0.166653
0.134761 -0.207279 0.004605 -0.194882 -0.167498
0.077025 -0.158241 0.019779 -0.010593 -0.020956
0.094872 -0.178184 -0.008405 -0.21178 -0.112817
0.094872 -0.178184 -0.008405 -0.21178 -0.112817
0.094872 -0.178184 -0.008405 -0.21178 -0.112817
0.202485 -0.206291 0.028845 -0.146463 -0.056701
0.194128 -0.083486 0.027411 -0.101645 0.039702
0.158152 -0.118691 -0.017668 -0.042251 0.210223
0.158152 -0.118691 -0.017668 -0.042251 0.210223
0.113463 -0.223473 -0.011369 0.166286 0.337889
0.150121 -0.175547 -0.027787 -0.26428 0.099416
0.129103 -0.177188 -0.056085 -0.524562 -0.07498
0.158202 -0.196589 -0.084568 -0.70006 -0.169472
0.158202 -0.196589 -0.084568 -0.70006 -0.169472
0.158202 -0.196589 -0.084568 -0.70006 -0.169472
0.161065 -0.240576 -0.051947 -0.542541 -0.080619
0.161065 -0.240576 -0.051947 -0.542541 -0.080619
0.161065 -0.240576 -0.051947 -0.542541 -0.080619
0.161065 -0.240576 -0.051947 -0.542541 -0.080619
0.174489 -0.204356 -0.042782 -0.337255 -0.00484
0.139196 -0.281862 -0.061937 -0.126382 0.135219
0.216172 -0.172314 -0.017927 -0.131809 0.10395
0.234511 -0.221886 0.014764 0.022215 0.148748
0.186706 -0.151726 -0.01583 -0.266699 -0.00021
0.247766 -0.131802 0.003336 -0.029864 0.144104
0.290096 -0.093961 0.025126 -0.043967 0.155171
0.247123 -0.205025 0.050653 -0.069866 -0.141175
0.220905 -0.13878 0.069684 -0.000124 -0.132482
0.220905 -0.13878 0.069684 -0.000124 -0.132482
0.216732 -0.114369 0.039201 -0.349313 -0.262859
0.216732 -0.114369 0.039201 -0.349313 -0.262859
0.216732 -0.114369 0.039201 -0.349313 -0.262859
0.216732 -0.114369 0.039201 -0.349313 -0.262859
0.216732 -0.114369 0.039201 -0.349313 -0.262859
0.216732 -0.114369 0.039201 -0.349313 -0.262859
0.216732 -0.114369 0.039201 -0.349313 -0.262859
0.235177 -0.170876 0.020789 -0.569589 -0.379132
0.235177 -0.170876 0.020789 -0.569589 -0.379132
0.131628 -0.120686 -0.0275 -0.371469 -0.107048
0.155807 -0.209491 -0.033945 -0.158003 0.020581
0.179051 -0.097158 0.030791 0.003763 0.03539
0.108313 -0.207037 -0.054923 -0.175947 0.027373
0.165062 -0.14812 0.016421 -0.132549 -0.095367
0.239558 -0.175765 0.084129 -0.146196 -0.205078
0.247497 -0.095588 0.079573 0.076607 0.121725
0.196642 -0.119074 0.018638 -0.375022 -0.126824
0.376089 0.038456 0.183887 -0.044482 -0.225275
0.376089 0.038456 0.183887 -0.044482 -0.225275
0.376089 0.038456 0.183887 -0.044482 -0.225275
0.265931 -0.10066 0.166229 -0.068721 -0.316259
0.286366 -0.125798 0.166664 0.078869 -0.17372
0.286366 -0.125798 0.166664 0.078869 -0.17372
0.163546 -0.275553 -0.025566 -0.08466 0.031165
0.163546 -0.275553 -0.025566 -0.08466 0.031165
0.114437 -0.341316 -0.048663 -0.146031 0.087866
0.114437 -0.341316 -0.048663 -0.146031 0.087866
0.114437 -0.341316 -0.048663 -0.146031 0.087866
0.053442 -0.406688 -0.040593 -0.016513 0.126947
-0.085084 -0.516162 -0.166322 -0.115531 0.270048
-0.085084 -0.516162 -0.166322 -0.115531 0.270048
-0.085084 -0.516162 -0.166322 -0.115531 0.270048
-0.085084 -0.516162 -0.166322 -0.115531 0.270048
-0.085084 -0.516162 -0.166322 -0.115531 0.270048
-0.085084 -0.516162 -0.166322 -0.115531 0.270048
-0.066967 -0.489217 -0.134655 -0.152768 0.188807
0.151997 -0.247217 0.029225 0.394899 0.486633
0.151997 -0.247217 0.029225 0.394899 0.486633
0.151997 -0.247217 0.029225 0.394899 0.486633
0.151997 -0.247217 0.029225 0.394899 0.486633
0.151997 -0.247217 0.029225 0.394899 0.486633
0.214965 -0.140551 0.081524 0.18022 0.171283
0.252512 -0.135788 0.068405 0.031635 0.029362
0.252512 -0.135788 0.068405 0.031635 0.029362
0.252512 -0.135788 0.068405 0.031635 0.029362
0.245355 -0.15681 0.122649 0.261291 0.171474
0.150359 -0.304691 0.009586 0.025614 0.160971
0.150359 -0.304691 0.009586 0.025614 0.160971
0.243546 -0.270342 0.056156 0.046273 0.049986
0.224307 -0.18992 0.040132 -0.315721 -0.11943
0.266831 -0.148298 0.046483 -0.370864 -0.236738
0.266831 -0.148298 0.046483 -0.370864 -0.236738
0.266831 -0.148298 0.046483 -0.370864 -0.236738
0.175329 -0.109983 0.012404 -0.270598 -0.010331
0.175329 -0.109983 0.012404 -0.270598 -0.010331
0.087752 -0.269934 -0.037443 -0.290305 -0.038
-0.006777 -0.251933 -0.072973 -0.432942 -0.070312
0.055094 -0.195765 -0.024845 0.026739 0.207577
0.267659 0.041235 0.172269 0.178335 -0.066861
0.26848 -0.026549 0.111422 0.166006 0.167432
0.135137 -0.152505 0.080795 0.286122 0.133703
0.211456 -0.132508 0.08498 0.100602 0.041994
0.211456 -0.132508 0.08498 0.100602 0.041994
0.211456 -0.132508 0.08498 0.100602 0.041994
0.211456 -0.132508 0.08498 0.100602 0.041994
0.211456 -0.132508 0.08498 0.100602 0.041994
0.127438 -0.155003 0.059618 -0.047825 -0.048359
0.112272 -0.16936 0.033152 -0.143819 -0.086972
0.131025 -0.288287 -0.029132 -0.213916 0.032667
0.134901 -0.190825 0.034689 -0.022322 0.045983
0.099715 -0.245038 0.021694 0.045078 0.131069
0.09684 -0.179622 0.021788 0.005572 -0.027015
0.09684 -0.179622 0.021788 0.005572 -0.027015
0.191584 -0.005134 0.024228 -0.153692 0.057579
0.191584 -0.005134 0.024228 -0.153692 0.057579
0.191584 -0.005134 0.024228 -0.153692 0.057579
0.22194 -0.017501 0.04025 -0.110472 0.059138
0.17889 -0.166358 -0.017482 -0.290756 0.022246
0.17889 -0.166358 -0.017482 -0.290756 0.022246
0.160579 -0.171337 0.009472 -0.058272 0.143661
0.207458 -0.132319 0.017978 -0.247905 -0.029584
0.141586 -0.160435 -0.05473 -0.445898 -0.079023
0.141586 -0.160435 -0.05473 -0.445898 -0.079023
0.141586 -0.160435 -0.05473 -0.445898 -0.079023
0.141586 -0.160435 -0.05473 -0.445898 -0.079023
0.100963 -0.241561 -0.069196 -0.297261 0.000183
0.100963 -0.241561 -0.069196 -0.297261 0.000183
0.079989 -0.331678 -0.108412 -0.534575 -0.15733
0.079989 -0.331678 -0.108412 -0.534575 -0.15733
0.079989 -0.331678 -0.108412 -0.534575 -0.15733
0.079989 -0.331678 -0.108412 -0.534575 -0.15733
0.179133 -0.254595 -0.03761 -0.55487 -0.344286
0.179133 -0.254595 -0.03761 -0.55487 -0.344286
0.178436 -0.321098 -0.039087 -0.274454 -0.053599
0.178436 -0.321098 -0.039087 -0.274454 -0.053599
0.203802 -0.370183 -0.042064 -0.428632 -0.079653
0.065157 -0.434382 -0.123199 -0.493502 0.015705
0.065157 -0.434382 -0.123199 -0.493502 0.015705
0.065157 -0.434382 -0.123199 -0.493502 0.015705
-0.044676 -0.517282 -0.222008 -0.709705 0.066928
0.000717 -0.405363 -0.144055 -0.482314 0.046786
0.000717 -0.405363 -0.144055 -0.482314 0.046786
0.061873 -0.297953 -0.068062 -0.486894 -0.103087
0.167311 -0.244822 -0.002426 -0.442758 -0.256292
0.167311 -0.244822 -0.002426 -0.442758 -0.256292
0.167311 -0.244822 -0.002426 -0.442758 -0.256292
0.101669 -0.268069 -0.084297 -0.493049 -0.093871
0.223005 -0.085666 0.103424 -0.078721 -0.207239
0.223005 -0.085666 0.103424 -0.078721 -0.207239
0.260096 -0.002521 0.178975 -0.040961 -0.439747
0.260096 -0.002521 0.178975 -0.040961 -0.439747
0.106025 -0.275596 -0.009775 -0.182793 0.02044
0.064619 -0.300666 -0.085808 -0.216638 0.139004
0.024732 -0.319096 -0.109771 -0.323543 0.092977
0.024732 -0.319096 -0.109771 -0.323543 0.092977
-0.021579 -0.279109 -0.102073 -0.092554 0.275206
-0.049096 -0.347506 -0.124488 0.1423 0.434173
0.032355 -0.294255 -0.085151 0.027109 0.256325
0.065678 -0.237959 -0.08456 0.05903 0.315961
0.20141 -0.01507 0.030615 -0.135452 -0.053061
0.20141 -0.01507 0.030615 -0.135452 -0.053061
0.068277 -0.352658 -0.089603 -0.308477 0.011406
0.068277 -0.352658 -0.089603 -0.308477 0.011406
0.068277 -0.352658 -0.089603 -0.308477 0.011406
0.04618 -0.295892 -0.064769 -0.403089 -0.170764
0.04618 -0.295892 -0.064769 -0.403089 -0.170764
0.159823 -0.162315 0.063002 -0.031222 -0.063612
0.119695 -0.162751 0.052872 -0.022097 -0.034587
0.119695 -0.162751 0.052872 -0.022097 -0.034587
0.129959 -0.201397 0.041167 0.00467 0.098668
0.064421 -0.257771 -0.033304 -0.137089 0.03698
0.046869 -0.333086 -0.043605 0.000798 0.199437
0.016722 -0.344628 -0.083492 -0.171228 0.152366
0.100067 -0.232745 -0.008384 -0.140512 -0.023852
0.134832 -0.203028 0.008989 -0.048232 0.073104
0.200164 -0.16509 0.0362 -0.122492 -0.013351
0.164315 -0.094026 0.086643 -0.074663 -0.243711
0.209557 -0.0339 0.090365 -0.141074 -0.190275
0.288751 -5e-05 0.130405 0.104767 -0.025719
0.246733 -0.015521 0.074789 -0.07281 -0.036674
0.252762 -0.031333 0.079516 -0.212255 -0.19398
0.252762 -0.031333 0.079516 -0.212255 -0.19398
0.206563 -0.094284 0.073991 -0.087332 -0.087809
0.206563 -0.094284 0.073991 -0.087332 -0.087809
0.155273 -0.129283 0.066319 0.015589 -0.10693
0.155273 -0.129283 0.066319 0.015589 -0.10693
0.16848 -0.183709 0.004287 -0.250614 -0.175011
0.147386 -0.212432 0.042929 0.085462 -0.005363
0.166913 -0.101326 0.014702 -0.148294 0.005511
0.119706 -0.148904 -0.005694 -0.073631 0.057057
0.119706 -0.148904 -0.005694 -0.073631 0.057057
0.236703 -0.07046 0.102665 0.007895 -0.054374
0.236703 -0.07046 0.102665 0.007895 -0.054374
0.184903 -0.167286 -0.003045 -0.168488 -0.057462
0.184903 -0.167286 -0.003045 -0.168488 -0.057462
0.182597 -0.110005 0.02918 -0.111809 0.005823
0.182597 -0.110005 0.02918 -0.111809 0.005823
0.182597 -0.110005 0.02918 -0.111809 0.005823
0.182597 -0.110005 0.02918 -0.111809 0.005823
0.177974 -0.093324 0.049648 -0.211164 -0.141341
0.177974 -0.093324 0.049648 -0.211164 -0.141341
0.177974 -0.093324 0.049648 -0.211164 -0.141341
0.213359 -0.167366 0.080841 0.043716 -0.087653
0.147598 -0.279059 0.023257 0.168353 0.087147
0.186226 -0.148637 0.037972 0.057071 0.044965
0.186226 -0.148637 0.037972 0.057071 0.044965
0.210689 -0.204151 0.04257 0.052581 0.041416
0.243375 -0.207114 0.049615 0.347752 0.396204
0.243375 -0.207114 0.049615 0.347752 0.396204
0.243375 -0.207114 0.049615 0.347752 0.396204
0.243375 -0.207114 0.049615 0.347752 0.396204
0.243375 -0.207114 0.049615 0.347752 0.396204
0.293573 -0.069566 0.164641 0.326106 0.184279
0.282163 -0.046779 0.160621 0.253427 0.105557
0.282163 -0.046779 0.160621 0.253427 0.105557
0.291748 -0.033344 0.176843 0.094595 -0.099595
0.106236 -0.260806 -0.078869 -0.288828 0.062446
0.194598 -0.149064 -0.006475 -0.271619 -0.055461
0.194598 -0.149064 -0.006475 -0.271619 -0.055461
0.194598 -0.149064 -0.006475 -0.271619 -0.055461
0.194598 -0.149064 -0.006475 -0.271619 -0.055461
0.073844 -0.29425 -0.119789 -0.484313 -0.067859
0.038216 -0.386287 -0.151514 -0.373169 0.11201
0.038216 -0.386287 -0.151514 -0.373169 0.11201
0.104108 -0.357238 -0.091491 -0.110531 0.203935
0.104108 -0.357238 -0.091491 -0.110531 0.203935
0.081225 -0.39366 -0.072702 -0.242832 0.028187
0.22951 -0.082468 0.078068 -0.274645 -0.225042
0.16699 -0.109099 0.031944 -0.266199 -0.198912
0.16699 -0.109099 0.031944 -0.266199 -0.198912
0.16699 -0.109099 0.031944 -0.266199 -0.198912
0.16699 -0.109099 0.031944 -0.266199 -0.198912
0.16699 -0.109099 0.031944 -0.266199 -0.198912
0.204967 -0.062066 0.070169 -0.176615 -0.218579
0.221224 -0.154395 0.096174 0.096763 -0.137808
0.148926 -0.095351 0.032458 -0.208444 -0.248958
0.129134 -0.109895 0.015849 -0.245556 -0.194821
0.253733 0.076694 0.131883 -0.233045 -0.371694
0.156057 -0.025049 0.015539 -0.022501 -0.024412
0.156057 -0.025049 0.015539 -0.022501 -0.024412
-0.020937 -0.322488 -0.157331 0.072249 0.476101
0.215456 -0.06114 0.107121 0.233884 0.048502
0.165729 -0.123115 0.07502 0.110903 0.023929
0.205228 -0.145755 0.097282 0.188486 0.028009
0.205228 -0.145755 0.097282 0.188486 0.028009
0.23022 -0.144816 0.052236 -0.053826 0.013244
0.23022 -0.144816 0.052236 -0.053826 0.013244
0.232616 -0.130568 0.067746 -0.011351 -0.047631
0.20644 -0.165633 0.021036 -0.057441 0.000965
0.20644 -0.165633 0.021036 -0.057441 0.000965
0.185779 -0.165677 0.033254 0.063431 0.058019
0.235548 -0.167433 0.080871 -0.032558 -0.214635
0.061645 -0.403509 -0.092221 0.049239 0.234366
0.102407 -0.294525 -0.000214 0.369742 0.373
0.163828 -0.295508 -0.008232 0.081638 0.29705
0.188372 -0.252092 0.011506 0.164747 0.359362
0.188372 -0.252092 0.011506 0.164747 0.359362
0.188372 -0.252092 0.011506 0.164747 0.359362
0.224469 -0.256365 0.057115 0.247988 0.274059
0.170918 -0.29199 -0.000699 0.282723 0.401556
0.078297 -0.454569 -0.074667 0.277126 0.46156
0.078297 -0.454569 -0.074667 0.277126 0.46156
0.078297 -0.454569 -0.074667 0.277126 0.46156
0.113935 -0.352728 -0.062134 0.185784 0.414009
0.113935 -0.352728 -0.062134 0.185784 0.414009
0.070443 -0.336629 -0.105674 0.096632 0.412508
0.105547 -0.279119 -0.030214 0.180267 0.290837
0.207087 -0.167003 0.028473 -0.113823 -0.081434
0.187995 -0.151979 0.047084 0.110173 0.037401
0.221964 -0.178289 -0.01416 -0.211601 -0.066135
0.205042 -0.145225 -0.048512 -0.143581 0.218205
0.205042 -0.145225 -0.048512 -0.143581 0.218205
0.205042 -0.145225 -0.048512 -0.143581 0.218205
0.209999 -0.20515 0.0358 0.137026 0.157072
0.209999 -0.20515 0.0358 0.137026 0.157072
0.209999 -0.20515 0.0358 0.137026 0.157072
0.116231 -0.317493 -0.054634 -0.073697 0.143554
0.116231 -0.317493 -0.054634 -0.073697 0.143554
0.139805 -0.295034 -0.043536 -0.260064 -0.029301
0.139805 -0.295034 -0.043536 -0.260064 -0.029301
0.143939 -0.25863 0.001307 -0.117836 0.007567
0.143939 -0.25863 0.001307 -0.117836 0.007567
0.039283 -0.380398 -0.106167 -0.188177 0.137835
0.039283 -0.380398 -0.106167 -0.188177 0.137835
0.039283 -0.380398 -0.106167 -0.188177 0.137835
0.039283 -0.380398 -0.106167 -0.188177 0.137835
0.039283 -0.380398 -0.106167 -0.188177 0.137835
0.039283 -0.380398 -0.106167 -0.188177 0.137835
0.039283 -0.380398 -0.106167 -0.188177 0.137835
0.07527 -0.312743 -0.049799 -0.102994 0.119196
0.092285 -0.244533 -0.035022 -0.254795 -0.067073
0.092285 -0.244533 -0.035022 -0.254795 -0.067073
0.167707 -0.167904 -0.030505 -0.595505 -0.271868
0.167707 -0.167904 -0.030505 -0.595505 -0.271868
0.224896 -0.187161 -0.016965 -0.389746 -0.09345
0.061609 -0.28431 -0.094751 -0.246509 0.117802
0.028144 -0.388375 -0.139812 -0.575049 -0.087441
0.028144 -0.388375 -0.139812 -0.575049 -0.087441
0.038245 -0.34034 -0.143014 -0.344959 0.155985
0.109301 -0.221716 0.022652 -0.075124 -0.168793
0.140013 -0.048744 0.129107 0.314974 0.094155
0.140013 -0.048744 0.129107 0.314974 0.094155
0.313235 0.051428 0.23054 0.352558 0.043658
0.305375 0.012953 0.210745 0.227243 -0.025991
0.305375 0.012953 0.210745 0.227243 -0.025991
0.293189 -0.09585 0.105287 0.199811 0.131411
0.28139 -0.104981 0.026805 -0.144964 0.014544
0.28139 -0.104981 0.026805 -0.144964 0.014544
0.31631 -0.055331 0.109601 0.008768 -0.105016
0.224924 -0.049613 0.058039 -0.169362 -0.144333
0.224924 -0.049613 0.058039 -0.169362 -0.144333
0.224924 -0.049613 0.058039 -0.169362 -0.144333
0.19178 -0.156917 0.04234 -0.060692 -0.053844
0.135574 -0.175016 -0.029282 -0.185252 0.088357
0.168 -0.189005 -0.021397 -0.083888 0.164096
0.121979 -0.21704 0.023791 0.109346 0.172334
0.121979 -0.21704 0.023791 0.109346 0.172334
0.121979 -0.21704 0.023791 0.109346 0.172334
0.054129 -0.321464 -0.085908 -0.085353 0.240025
0.109849 -0.296459 -0.099493 -0.248083 0.192187
0.187758 -0.172477 0.058472 0.19245 0.167723
0.177866 -0.205548 0.051952 0.091702 0.053958
0.149178 -0.149426 0.023922 -0.100295 -0.019915
0.124727 -0.206274 -0.028146 -0.143535 0.045324
0.125648 -0.16167 -0.016393 -0.170912 0.045537
0.057403 -0.213424 -0.055511 -0.353402 -0.088441
0.057403 -0.213424 -0.055511 -0.353402 -0.088441
0.190284 -0.067973 0.02439 -0.574989 -0.422972
0.256 -0.088452 0.073374 0.060025 0.037003
0.190529 -0.214799 0.0543 0.103927 0.088392
0.191206 -0.172773 0.038999 -0.036578 -0.02916
0.191206 -0.172773 0.038999 -0.036578 -0.02916
0.191206 -0.172773 0.038999 -0.036578 -0.02916
0.191206 -0.172773 0.038999 -0.036578 -0.02916
0.200956 -0.189044 0.053535 -0.05286 -0.054731
0.200956 -0.189044 0.053535 -0.05286 -0.054731
0.26044 -0.16558 0.049492 -0.151018 -0.10906
0.247424 -0.125625 0.071997 0.175921 0.165443
0.226334 -0.116514 -0.025505 -0.282475 0.016168
0.22986 -0.156204 -0.031489 -0.136315 0.134316
0.22986 -0.156204 -0.031489 -0.136315 0.134316
0.218794 -0.231721 -0.004847 -0.109462 0.058259
0.063653 -0.394673 -0.11057 -0.04519 0.340249
0.063653 -0.394673 -0.11057 -0.04519 0.340249
0.063653 -0.394673 -0.11057 -0.04519 0.340249
0.055547 -0.342904 -0.118707 -0.067061 0.317902
0.069725 -0.321619 -0.04751 0.020067 0.282024
0.040569 -0.326897 -0.111116 -0.223544 0.19443
0.040569 -0.326897 -0.111116 -0.223544 0.19443
0.040569 -0.326897 -0.111116 -0.223544 0.19443
0.315899 0.055276 0.167917 -0.1044 -0.200906
0.30586 -0.025623 0.151292 -0.245272 -0.309684
0.30586 -0.025623 0.151292 -0.245272 -0.309684
0.252074 -0.081718 0.102046 -0.268039 -0.414149
0.252074 -0.081718 0.102046 -0.268039 -0.414149
0.25533 -0.112392 0.14769 0.126731 -0.162834
0.196133 -0.169222 0.077001 0.448671 0.386447
0.196133 -0.169222 0.077001 0.448671 0.386447
0.196133 -0.169222 0.077001 0.448671 0.386447
0.196133 -0.169222 0.077001 0.448671 0.386447
0.212649 -0.142187 0.057678 0.101223 0.204639
0.265934 -0.069946 0.106693 -0.02197 -0.013749
0.265934 -0.069946 0.106693 -0.02197 -0.013749
0.191137 -0.118904 0.024951 0.136842 0.174918
0.261475 -0.05833 0.149054 0.216959 0.035652
0.216029 -0.204956 0.022863 0.024437 0.205918
0.19449 -0.103611 0.023462 -0.049267 0.064088
0.209111 -0.122675 0.041205 -0.030011 -0.032156
0.142138 -0.236528 0.00962 0.013393 -0.076589
0.142138 -0.236528 0.00962 0.013393 -0.076589
0.135469 -0.28011 -0.010623 -0.064362 -0.068638
0.134851 -0.273086 -0.003713 -0.24405 -0.135005
0.134851 -0.273086 -0.003713 -0.24405 -0.135005
0.191356 -0.238472 0.023578 -0.097595 0.091533
0.07813 -0.421946 -0.110008 -0.336354 0.133925
0.145634 -0.326798 -0.083758 -0.345636 0.113894
0.230456 -0.181589 0.041595 -0.415191 -0.288327
0.207594 -0.182729 0.031144 -0.121933 -0.067581
0.218369 -0.166651 0.031192 -0.178184 -0.158036
0.218369 -0.166651 0.031192 -0.178184 -0.158036
0.218369 -0.166651 0.031192 -0.178184 -0.158036
0.141697 -0.206647 0.018586 0.175104 0.154695
0.141697 -0.206647 0.018586 0.175104 0.154695
0.141697 -0.206647 0.018586 0.175104 0.154695
0.141697 -0.206647 0.018586 0.175104 0.154695
0.141697 -0.206647 0.018586 0.175104 0.154695
0.086178 -0.291333 -0.034421 0.127284 0.193431
0.191138 -0.166413 0.081983 0.159792 -0.01434
0.20944 -0.074154 0.119629 0.021988 -0.149479
0.140948 -0.202876 0.013034 -0.039806 -0.03171
0.151187 -0.173171 -0.004714 0.000417 0.181729
0.151187 -0.173171 -0.004714 0.000417 0.181729
0.174816 -0.187166 0.026978 -0.003576 0.045786
0.24085 -0.076416 0.02433 -0.232591 -0.122609
0.222347 -0.179288 0.014434 0.10535 0.241779
0.129072 -0.183436 -0.071365 -0.109955 0.253797
0.156452 -0.146876 0.007892 0.144493 0.329773
0.199911 -0.143005 0.056475 0.059312 0.105466
0.120219 -0.208089 -0.090808 -0.33014 0.157009
0.120219 -0.208089 -0.090808 -0.33014 0.157009
0.120219 -0.208089 -0.090808 -0.33014 0.157009
0.120219 -0.208089 -0.090808 -0.33014 0.157009
0.120219 -0.208089 -0.090808 -0.33014 0.157009
0.120219 -0.208089 -0.090808 -0.33014 0.157009
0.120219 -0.208089 -0.090808 -0.33014 0.157009
0.155685 -0.257327 -0.023203 0.02338 0.279985
0.155685 -0.257327 -0.023203 0.02338 0.279985
0.155685 -0.257327 -0.023203 0.02338 0.279985
0.155685 -0.257327 -0.023203 0.02338 0.279985
0.155685 -0.257327 -0.023203 0.02338 0.279985
0.155685 -0.257327 -0.023203 0.02338 0.279985
0.155685 -0.257327 -0.023203 0.02338 0.279985
0.155685 -0.257327 -0.023203 0.02338 0.279985
0.155685 -0.257327 -0.023203 0.02338 0.279985
0.155685 -0.257327 -0.023203 0.02338 0.279985
0.153211 -0.242927 -0.025912 0.00552 0.247385
0.153211 -0.242927 -0.025912 0.00552 0.247385
0.250352 -0.120767 0.0613 0.161481 0.21507
0.144367 -0.241048 0.004224 0.25692 0.37097
0.144367 -0.241048 0.004224 0.25692 0.37097
0.144367 -0.241048 0.004224 0.25692 0.37097
0.121796 -0.236652 -0.019031 0.116484 0.183828
0.121796 -0.236652 -0.019031 0.116484 0.183828
0.049377 -0.325292 -0.064984 -0.187422 -0.017094
0.049377 -0.325292 -0.064984 -0.187422 -0.017094
0.049377 -0.325292 -0.064984 -0.187422 -0.017094
0.091393 -0.272956 -0.040029 -0.008436 0.070369
0.152945 -0.199415 -0.014097 -0.040164 0.051866
0.166722 -0.196918 0.012297 -0.069208 -0.001022
0.166722 -0.196918 0.012297 -0.069208 -0.001022
0.166722 -0.196918 0.012297 -0.069208 -0.001022
0.136929 -0.22111 0.030575 -0.194157 -0.17845
0.156929 -0.164267 0.100144 -0.292012 -0.444432
0.112932 -0.121837 0.102943 -0.094412 -0.264365
0.112932 -0.121837 0.102943 -0.094412 -0.264365
0.210906 -0.105311 0.170046 -0.025372 -0.423739
0.210906 -0.105311 0.170046 -0.025372 -0.423739
0.210906 -0.105311 0.170046 -0.025372 -0.423739
0.210906 -0.105311 0.170046 -0.025372 -0.423739
0.210906 -0.105311 0.170046 -0.025372 -0.423739
0.210906 -0.105311 0.170046 -0.025372 -0.423739
0.168473 -0.172392 0.068959 -0.155554 -0.183076
0.215491 -0.163215 0.029122 -0.190507 -0.092044
0.229433 -0.108278 0.069788 -0.053999 -0.060262
0.206941 -0.131907 0.004563 -0.150623 0.075904
0.206231 -0.089836 0.031464 -0.005835 0.129288
0.206231 -0.089836 0.031464 -0.005835 0.129288
0.161108 -0.189182 -0.025315 -0.096861 0.097916
0.161108 -0.189182 -0.025315 -0.096861 0.097916
0.171007 -0.17625 -0.01092 -0.350889 -0.201883
0.171007 -0.17625 -0.01092 -0.350889 -0.201883
0.171007 -0.17625 -0.01092 -0.350889 -0.201883
0.171007 -0.17625 -0.01092 -0.350889 -0.201883
0.082977 -0.252528 -0.071711 -0.131092 0.12354
0.084102 -0.323277 -0.120089 -0.210868 0.227134
0.084102 -0.323277 -0.120089 -0.210868 0.227134
0.084102 -0.323277 -0.120089 -0.210868 0.227134
0.084102 -0.323277 -0.120089 -0.210868 0.227134
0.084102 -0.323277 -0.120089 -0.210868 0.227134
0.025385 -0.354858 -0.171454 -0.009145 0.513968
0.025385 -0.354858 -0.171454 -0.009145 0.513968
0.142897 -0.273114 -0.055473 0.058211 0.326811
0.142897 -0.273114 -0.055473 0.058211 0.326811
0.109952 -0.267254 -0.039375 -0.018051 0.126327
0.109952 -0.267254 -0.039375 -0.018051 0.126327
0.188047 -0.24276 -0.057421 -0.019695 0.21637
0.192168 -0.262108 -0.04256 -0.070548 0.103614
0.128075 -0.394853 -0.107116 0.016121 0.293358
0.128075 -0.394853 -0.107116 0.016121 0.293358
0.137035 -0.414815 -0.163445 -0.219274 0.316715
0.089362 -0.399306 -0.133583 -0.11581 0.332245
0.200342 -0.224796 -0.018218 -0.125288 0.107213
0.200342 -0.224796 -0.018218 -0.125288 0.107213
0.200342 -0.224796 -0.018218 -0.125288 0.107213
0.200342 -0.224796 -0.018218 -0.125288 0.107213
0.200342 -0.224796 -0.018218 -0.125288 0.107213
0.200342 -0.224796 -0.018218 -0.125288 0.107213
0.192874 -0.133072 -0.018181 -0.26663 0.033899
0.170018 -0.218861 -0.022077 -0.042119 0.223168
0.162134 -0.233899 -0.013936 -0.181071 0.08057
0.162134 -0.233899 -0.013936 -0.181071 0.08057
0.167095 -0.251932 -0.035709 -0.153965 0.079952
0.167095 -0.251932 -0.035709 -0.153965 0.079952
0.167095 -0.251932 -0.035709 -0.153965 0.079952
0.213929 -0.220185 -0.000108 -0.115708 0.003627
0.207481 -0.18168 0.050533 -0.101601 0.050824
0.266461 -0.082737 0.099428 -0.000202 0.089807
0.20762 -0.119785 0.040954 0.022493 0.168326
0.259336 -0.053516 0.13138 0.293588 0.084314
0.259336 -0.053516 0.13138 0.293588 0.084314
0.153574 -0.228035 0.045222 0.216409 0.222484
0.153574 -0.228035 0.045222 0.216409 0.222484
0.147348 -0.337065 0.012395 -0.010367 0.037347
0.224034 -0.114567 0.041417 -0.003568 -0.003463
0.254394 -0.190845 0.059349 0.369641 0.330563
0.274636 -0.190304 0.107097 0.23515 0.135738
0.274636 -0.190304 0.107097 0.23515 0.135738
0.274636 -0.190304 0.107097 0.23515 0.135738
0.274636 -0.190304 0.107097 0.23515 0.135738
0.140406 -0.291655 0.079274 0.254728 0.083178
0.140406 -0.291655 0.079274 0.254728 0.083178
0.094024 -0.314513 0.020628 0.226218 0.236886
0.179417 -0.108279 0.072241 -0.244916 -0.297762
0.163923 -0.171286 0.040838 0.069166 0.062173
0.281296 -0.137715 0.099715 -0.21967 -0.258469
0.276108 -0.119608 0.05406 -0.411528 -0.342758
0.276108 -0.119608 0.05406 -0.411528 -0.342758
0.276108 -0.119608 0.05406 -0.411528 -0.342758
0.276108 -0.119608 0.05406 -0.411528 -0.342758
0.276108 -0.119608 0.05406 -0.411528 -0.342758
0.276108 -0.119608 0.05406 -0.411528 -0.342758
0.241518 -0.143226 0.043256 -0.225674 -0.148014
0.241518 -0.143226 0.043256 -0.225674 -0.148014
0.138719 -0.191415 -0.017773 -0.036184 0.146997
0.201609 -0.137058 0.016412 -0.046998 0.080764
0.275469 -0.038817 0.124989 0.019705 -0.096521
0.224519 -0.157543 0.088867 -0.070215 -0.095167
0.180763 -0.150671 0.038181 -0.007468 0.088163
0.106256 -0.211739 -0.038851 -0.126779 0.0732
0.145458 -0.149751 0.026353 -0.108944 -0.047429
0.145458 -0.149751 0.026353 -0.108944 -0.047429
0.145458 -0.149751 0.026353 -0.108944 -0.047429
0.145458 -0.149751 0.026353 -0.108944 -0.047429
0.135819 -0.310796 -0.013337 0.062806 0.08584
0.122396 -0.341498 -0.028193 0.201062 0.33581
0.154531 -0.233092 0.02545 0.212086 0.225708
0.154531 -0.233092 0.02545 0.212086 0.225708
0.176077 -0.171604 0.006879 -0.014082 0.191515
0.176077 -0.171604 0.006879 -0.014082 0.191515
0.291704 -0.025744 0.094991 -0.317733 -0.17336
0.277512 -0.046589 0.071209 -0.096192 -0.038554
0.329036 -0.038349 0.072806 -0.121349 -0.08724
0.129856 -0.260365 -0.050675 -0.246642 0.023454
0.17094 -0.282777 0.008303 -0.068101 -0.009287
0.17094 -0.282777 0.008303 -0.068101 -0.009287
0.139304 -0.315215 -0.029962 -0.113139 0.035892
0.16231 -0.23352 -0.049285 -0.439685 -0.118626
0.16231 -0.23352 -0.049285 -0.439685 -0.118626
0.241997 -0.133105 0.059825 -0.115037 -0.151401
0.241997 -0.133105 0.059825 -0.115037 -0.151401
0.167638 -0.215712 0.008403 -0.263753 -0.206932
0.275408 -0.082274 0.113259 -0.156392 -0.255942
0.275408 -0.082274 0.113259 -0.156392 -0.255942
0.275408 -0.082274 0.113259 -0.156392 -0.255942
0.220748 -0.265316 -0.002398 -0.025593 0.089063
0.230033 -0.140511 0.063735 -0.105192 -0.167871
0.130703 -0.251392 -0.015414 -0.07018 0.061587
0.071783 -0.307859 -0.04689 0.098464 0.265166
0.13127 -0.271319 -0.045986 -0.132947 0.136603
0.13127 -0.271319 -0.045986 -0.132947 0.136603
0.136983 -0.239879 -0.010951 0.131671 0.242317
0.168154 -0.182413 0.018471 -0.232569 -0.187427
0.222766 -0.225689 0.02722 -0.048366 -0.021793
0.231724 -0.151549 0.043992 -0.217006 -0.188827
0.231724 -0.151549 0.043992 -0.217006 -0.188827
0.179455 -0.18148 -0.004158 -0.178972 0.003123
0.143305 -0.192926 -0.070845 -0.501488 -0.088737
0.143305 -0.192926 -0.070845 -0.501488 -0.088737
0.18727 -0.167395 0.094098 0.022203 -0.103703
0.18727 -0.167395 0.094098 0.022203 -0.103703
0.191432 -0.087739 0.084304 0.1145 0.07492
0.191432 -0.087739 0.084304 0.1145 0.07492
0.228828 -0.070034 0.053004 -0.311562 -0.175787
0.228828 -0.070034 0.053004 -0.311562 -0.175787
0.228828 -0.070034 0.053004 -0.311562 -0.175787
0.225656 -0.172742 0.028038 -0.351315 -0.134324
0.279632 -0.109281 0.052349 -0.31815 -0.144472
0.306779 -0.048721 0.075807 -0.277192 -0.201268
0.218521 -0.176135 0.020615 -0.447719 -0.285144
0.218521 -0.176135 0.020615 -0.447719 -0.285144
0.218521 -0.176135 0.020615 -0.447719 -0.285144
0.218521 -0.176135 0.020615 -0.447719 -0.285144
0.245377 -0.142583 0.048495 -0.318939 -0.251066
0.178408 -0.141396 0.002461 0.004533 0.096025
0.075599 -0.246224 -0.039014 0.050377 0.145957
0.33676 -0.144212 0.077781 -0.009361 0.03957
0.207629 -0.284266 -0.060952 -0.090778 0.214458
0.103558 -0.425966 -0.178158 -0.296658 0.330949
0.262662 -0.233795 -0.025822 -0.637547 -0.276708
0.262662 -0.233795 -0.025822 -0.637547 -0.276708
0.262662 -0.233795 -0.025822 -0.637547 -0.276708
0.262662 -0.233795 -0.025822 -0.637547 -0.276708
0.262662 -0.233795 -0.025822 -0.637547 -0.276708
0.262662 -0.233795 -0.025822 -0.637547 -0.276708
0.285311 -0.143447 0.023905 -0.109572 0.025825
0.235886 -0.220366 -0.016554 -0.173987 -0.045658
0.22023 -0.197275 0.024125 0.010413 -0.065343
0.180122 -0.221096 0.023971 -0.0145 -0.104168
0.144324 -0.251751 0.005251 0.110813 0.046296
0.243176 -0.083885 0.099811 -0.006051 -0.171881
0.352208 0.071512 0.22258 0.029671 -0.342122
0.112008 -0.145107 0.011112 -0.213391 -0.047602
0.062375 -0.224957 -0.047356 0.016996 0.267196
0.062375 -0.224957 -0.047356 0.016996 0.267196
0.008937 -0.28353 -0.11034 -0.19961 0.195191
0.143469 -0.147651 0.053012 -0.138616 -0.112782
0.143469 -0.147651 0.053012 -0.138616 -0.112782
0.231607 0.001245 0.091605 -0.117343 -0.173443
0.104673 -0.156841 -0.033767 -0.15143 0.029165
0.119093 -0.148273 -0.071367 -0.549755 -0.188025
0.119093 -0.148273 -0.071367 -0.549755 -0.188025
0.165496 -0.117786 -0.061505 -0.356229 0.05869
0.102528 -0.184309 -0.019831 -0.280834 -0.059549
0.110721 -0.16338 -0.033176 -0.291825 -0.048035
0.149017 -0.194485 0.009609 -0.188258 -0.06034
0.14232 -0.215515 -0.001551 -0.189647 -0.049542
0.170554 -0.152472 0.01344 -0.254039 -0.090611
0.170554 -0.152472 0.01344 -0.254039 -0.090611
0.080591 -0.20048 -0.049453 -0.318958 -0.071245
0.086586 -0.202392 -0.059539 -0.316799 -0.095733
0.086586 -0.202392 -0.059539 -0.316799 -0.095733
0.086586 -0.202392 -0.059539 -0.316799 -0.095733
0.086586 -0.202392 -0.059539 -0.316799 -0.095733
0.168372 -0.029367 0.018987 -0.372692 -0.215823
0.168372 -0.029367 0.018987 -0.372692 -0.215823
0.168372 -0.029367 0.018987 -0.372692 -0.215823
0.195808 -0.04437 0.072644 -0.178579 -0.249727
0.252963 -0.054757 0.064292 -0.11747 -0.119259
0.259699 -0.10424 0.104009 0.21702 0.045734
0.258701 -0.11572 0.10201 0.197449 0.060639
0.258701 -0.11572 0.10201 0.197449 0.060639
0.343852 -0.046163 0.122588 -0.249831 -0.351735
0.292249 -0.033014 0.066307 -0.109341 0.031106
0.281103 -0.043419 0.073409 0.075143 0.133398
0.195973 -0.119935 -0.013718 -0.03013 0.148293
0.174491 -0.157065 0.016926 -0.023489 0.086961
0.151393 -0.216323 0.002117 0.054902 0.17263
0.151393 -0.216323 0.002117 0.054902 0.17263
0.179981 -0.171142 0.072624 0.209764 0.19434
0.147857 -0.140225 0.078111 0.154286 0.053196
0.024256 -0.311063 -0.076743 -0.089675 0.138528
0.222972 -0.087793 0.148024 0.014684 -0.315947
0.222972 -0.087793 0.148024 0.014684 -0.315947
0.173208 -0.165673 0.080925 0.197214 0.145051
0.248305 -0.097495 0.114842 0.134692 0.107058
0.151073 -0.240614 -0.03538 -0.019865 0.223852
0.038243 -0.401717 -0.113715 -0.006319 0.247177
0.038243 -0.401717 -0.113715 -0.006319 0.247177
0.038243 -0.401717 -0.113715 -0.006319 0.247177
0.068578 -0.286833 -0.109549 -0.205439 0.20384
0.154472 -0.190204 -0.002021 -0.173938 -0.005159
0.115037 -0.217742 -0.015928 -0.21146 -0.058257
0.031062 -0.326757 -0.052237 -0.210786 -0.050192
0.082536 -0.310042 -0.035494 0.058106 0.21634
0.133899 -0.238487 0.021077 -0.091418 -0.099605
0.133899 -0.238487 0.021077 -0.091418 -0.099605
0.178527 -0.199884 0.024258 -0.021194 -0.01869
0.116729 -0.28127 -0.055853 -0.313529 -0.147624
0.190355 -0.172281 0.008821 -0.162806 -0.125598
0.132086 -0.168252 -0.025295 -0.126881 0.024486
0.29243 -0.078481 0.11226 0.116476 0.009382
0.117292 -0.216904 0.023557 0.070403 0.055441
0.117292 -0.216904 0.023557 0.070403 0.055441
0.095224 -0.335974 -0.020584 0.139113 0.228243
0.216706 -0.220913 0.064234 0.186307 0.139366
0.163378 -0.294105 -0.059334 -0.043559 0.272232
0.150298 -0.250724 -0.015918 0.045481 0.166381
0.113769 -0.221594 0.000918 0.137574 0.256938
0.190733 -0.156498 0.074871 0.095406 0.161566
0.175813 -0.204103 0.049801 -0.074801 -0.024246
0.182666 -0.201229 0.075553 0.13636 0.04519
0.13078 -0.200265 0.023578 0.132138 0.188154
0.13078 -0.200265 0.023578 0.132138 0.188154
0.13078 -0.200265 0.023578 0.132138 0.188154
0.13078 -0.200265 0.023578 0.132138 0.188154
0.13078 -0.200265 0.023578 0.132138 0.188154
0.08358 -0.298237 0.007452 0.297026 0.305914
0.247226 -0.152342 0.067086 0.049234 0.129684
0.247226 -0.152342 0.067086 0.049234 0.129684
0.247226 -0.152342 0.067086 0.049234 0.129684
0.137282 -0.182987 0.01581 -0.184767 -0.141097
0.137282 -0.182987 0.01581 -0.184767 -0.141097
0.137282 -0.182987 0.01581 -0.184767 -0.141097
0.137282 -0.182987 0.01581 -0.184767 -0.141097
0.178135 -0.200418 0.027906 -0.007748 0.03222
0.178135 -0.200418 0.027906 -0.007748 0.03222
0.225805 -0.203546 0.001898 -0.111598 0.110017
0.225805 -0.203546 0.001898 -0.111598 0.110017
0.218553 -0.16248 -0.009111 -0.443657 -0.151475
0.218553 -0.16248 -0.009111 -0.443657 -0.151475
0.262437 -0.184106 -0.00876 -0.187445 0.138568
0.178987 -0.243237 -0.076125 -0.095334 0.328996
0.070083 -0.371077 -0.054788 0.041685 0.220973
0.070083 -0.371077 -0.054788 0.041685 0.220973
0.114771 -0.37334 0.008265 0.022402 0.092666
0.100156 -0.311848 0.025555 0.320086 0.275453
0.073425 -0.403797 -0.034631 0.272637 0.344497
0.073425 -0.403797 -0.034631 0.272637 0.344497
0.073425 -0.403797 -0.034631 0.272637 0.344497
0.068425 -0.404149 -0.108463 -0.048255 0.274487
0.199136 -0.294221 0.027481 0.350647 0.308897
0.205825 -0.24248 0.010813 0.243557 0.253158
0.205825 -0.24248 0.010813 0.243557 0.253158
0.106679 -0.326982 -0.058254 0.058951 0.255695
0.063626 -0.404196 -0.069093 -0.026799 0.138318
0.216508 -0.121139 0.102132 0.224248 0.090963
0.235902 -0.098495 0.081551 -0.126717 -0.212353
0.235902 -0.098495 0.081551 -0.126717 -0.212353
0.217363 -0.155108 0.06679 0.052344 -0.050752
0.245545 -0.097905 0.101774 0.193441 -0.005326
0.128443 -0.265577 0.004658 0.2149 0.301162
0.193991 -0.08167 0.100965 0.200704 0.120239
0.283547 -0.147979 0.085142 -0.266736 -0.329544
0.283547 -0.147979 0.085142 -0.266736 -0.329544
0.283547 -0.147979 0.085142 -0.266736 -0.329544
0.283547 -0.147979 0.085142 -0.266736 -0.329544
0.283547 -0.147979 0.085142 -0.266736 -0.329544
0.270846 -0.00396 0.077324 -0.334241 -0.163532
0.270846 -0.00396 0.077324 -0.334241 -0.163532
0.174181 -0.319492 -0.00336 0.174216 0.283051
0.06215 -0.349909 -0.097221 -0.055136 0.19595
0.120127 -0.292946 -0.086533 -0.080334 0.242847
0.147587 -0.276837 0.023751 0.11817 0.107831
0.147587 -0.276837 0.023751 0.11817 0.107831
0.136518 -0.243254 0.05635 0.250649 0.157601
0.142097 -0.198168 0.038066 0.050097 -0.013898
0.213075 -0.090632 0.095524 0.090854 -0.01071
0.213075 -0.090632 0.095524 0.090854 -0.01071
0.174366 -0.248085 0.030291 0.233833 0.234443
0.174366 -0.248085 0.030291 0.233833 0.234443
0.174366 -0.248085 0.030291 0.233833 0.234443
0.209812 -0.219136 0.034339 -0.10672 0.006306
0.209812 -0.219136 0.034339 -0.10672 0.006306
0.133337 -0.321281 -0.01866 -0.033898 0.135333
0.213964 -0.087627 0.061085 -0.078884 0.066708
0.255309 -0.05628 0.118487 0.034504 -0.086868
0.153082 -0.147126 -0.002386 0.011187 0.061007
0.063364 -0.198374 -0.022834 0.043021 0.140492
0.115094 -0.12685 0.00585 -0.028879 0.132429
0.178094 -0.16986 0.005381 -0.182857 -0.136507
0.178094 -0.16986 0.005381 -0.182857 -0.136507
0.25368 -0.066671 0.057731 -0.314792 -0.30571
0.25368 -0.066671 0.057731 -0.314792 -0.30571
0.25368 -0.066671 0.057731 -0.314792 -0.30571
0.263879 -0.058794 0.084139 -0.330196 -0.346902
0.263879 -0.058794 0.084139 -0.330196 -0.346902
0.263879 -0.058794 0.084139 -0.330196 -0.346902
0.263879 -0.058794 0.084139 -0.330196 -0.346902
0.218406 -0.143623 0.101122 -0.039356 -0.171037
0.170044 -0.314308 -0.005974 -0.004493 0.154072
0.123043 -0.35332 -0.036192 0.101131 0.378904
0.123911 -0.356021 -0.043362 -0.048865 0.222915
0.226353 -0.119512 0.069273 -0.158308 -0.115988
0.134436 -0.170318 -0.034161 -0.178505 0.032612
0.194389 -0.145241 -0.003138 -0.01941 0.247562
0.14683 -0.208894 -0.009226 -0.344301 -0.033574
0.14683 -0.208894 -0.009226 -0.344301 -0.033574
0.14485 -0.195909 -0.063597 -0.266268 0.128863
0.14485 -0.195909 -0.063597 -0.266268 0.128863
0.152811 -0.140653 -0.046666 -0.223455 0.181969
0.152811 -0.140653 -0.046666 -0.223455 0.181969
0.136318 -0.159821 -0.021395 -0.222464 0.039981
0.138193 -0.153871 0.057882 0.261054 0.152509
0.160151 -0.12359 0.107367 0.276033 0.056504
0.160151 -0.12359 0.107367 0.276033 0.056504
0.160151 -0.12359 0.107367 0.276033 0.056504
0.176293 -0.107123 0.106312 0.212605 -0.043309
0.099995 -0.140949 0.030985 0.039826 0.02847
0.112765 -0.300407 0.038851 0.100265 0.072141
0.068105 -0.443339 -0.090237 -0.324451 0.047473
0.081648 -0.414548 -0.075261 -0.181842 0.192942
0.047642 -0.312075 -0.082682 -0.405786 0.029866
0.047642 -0.312075 -0.082682 -0.405786 0.029866
0.033189 -0.261455 -0.06434 -0.241223 0.108565
0.206361 -0.080693 0.020663 -0.247705 0.131645
0.206361 -0.080693 0.020663 -0.247705 0.131645
0.271724 -0.010769 0.113596 -0.063654 0.077856
0.316532 -0.024641 0.097785 -0.21313 0.033568
0.316532 -0.024641 0.097785 -0.21313 0.033568
0.282227 -0.129205 0.137471 0.176661 0.075402
0.282227 -0.129205 0.137471 0.176661 0.075402
0.154585 -0.336827 -0.006914 0.135052 0.311809
0.154585 -0.336827 -0.006914 0.135052 0.311809
0.154585 -0.336827 -0.006914 0.135052 0.311809
0.165876 -0.341274 -0.014928 -0.043034 0.120737
0.077939 -0.427705 -0.134928 -0.129137 0.367823
0.077939 -0.427705 -0.134928 -0.129137 0.367823
0.077939 -0.427705 -0.134928 -0.129137 0.367823
0.077939 -0.427705 -0.134928 -0.129137 0.367823
0.077939 -0.427705 -0.134928 -0.129137 0.367823
0.133325 -0.307389 0.025307 0.133307 0.111707
0.133325 -0.307389 0.025307 0.133307 0.111707
0.133325 -0.307389 0.025307 0.133307 0.111707
0.224034 -0.183495 0.10165 -0.00756 -0.033693
0.255834 -0.169579 0.122517 0.120546 -0.002263
0.294693 -0.020553 0.1614 0.024277 -0.105603
0.258197 -0.067575 0.085706 -0.140766 -0.049744
0.213431 -0.102649 0.022383 -0.278276 0.000923
0.203299 -0.092204 -0.023118 -0.409468 -0.048359
0.203299 -0.092204 -0.023118 -0.409468 -0.048359
0.203299 -0.092204 -0.023118 -0.409468 -0.048359
0.140718 -0.228937 0.003711 -0.065991 0.069688
0.167321 -0.16589 0.059052 -0.231332 -0.233326
0.141662 -0.315084 -0.049155 -0.342942 -0.150854
0.117705 -0.326894 -0.070967 -0.337967 -0.110312
0.117705 -0.326894 -0.070967 -0.337967 -0.110312
0.20023 -0.151916 0.033633 0.086243 0.18995
0.158564 -0.234234 -0.002522 -0.066976 0.124797
0.187603 -0.134152 0.06031 0.06156 0.078129
0.187603 -0.134152 0.06031 0.06156 0.078129
0.229921 -0.048193 0.074365 -0.007902 0.04835
0.187646 -0.186948 -0.0277 -0.07043 0.142296
0.186971 -0.250063 -0.018903 -0.039524 0.074201
0.186971 -0.250063 -0.018903 -0.039524 0.074201
0.245206 -0.11383 0.069369 -0.274513 -0.327786
0.250374 -0.086295 0.06114 -0.201989 -0.214891
0.28549 0.018754 0.160072 -0.178884 -0.418577
0.287401 -0.011316 0.122338 -0.088725 -0.177792
0.287401 -0.011316 0.122338 -0.088725 -0.177792
0.234096 -0.015016 0.059824 -0.273167 -0.15695
0.223482 0.026707 0.047582 -0.149429 -0.007063
0.15571 -0.108501 0.023498 0.046985 0.248806
0.240459 -0.098436 0.088087 0.265777 0.242568
0.23401 -0.107505 0.12806 0.284711 -0.004925
0.23401 -0.107505 0.12806 0.284711 -0.004925
0.195092 -0.217047 0.096435 0.109755 -0.177214
0.195092 -0.217047 0.096435 0.109755 -0.177214
0.26009 -0.05162 0.130334 0.036699 -0.175281
0.172461 -0.213564 0.065886 0.070365 -0.022975
0.056615 -0.307127 -0.067313 -0.298172 -0.020704
0.278308 -0.059362 0.046367 -0.357801 -0.238381
0.278308 -0.059362 0.046367 -0.357801 -0.238381
0.254852 -0.122622 0.012895 -0.360357 -0.197736
0.253598 -0.127259 0.054648 -0.246857 -0.155655
0.253598 -0.127259 0.054648 -0.246857 -0.155655
0.253598 -0.127259 0.054648 -0.246857 -0.155655
0.253598 -0.127259 0.054648 -0.246857 -0.155655
0.253598 -0.127259 0.054648 -0.246857 -0.155655
0.222609 -0.162518 0.054431 -0.01197 0.07003
0.206116 -0.202924 0.019438 -0.173704 0.015835
0.159225 -0.213331 -0.016629 -0.090067 0.142456
0.132324 -0.206066 0.005249 -0.22231 -0.062837
0.253377 -0.005212 0.130559 -0.109934 -0.29922
0.112216 -0.159186 -0.01435 -0.24659 0.053597
0.166594 -0.10121 0.05884 -0.031627 0.029968
0.130077 -0.279498 0.041324 0.114383 0.067853
0.162291 -0.221243 0.039589 -0.136379 -0.126469
0.162291 -0.221243 0.039589 -0.136379 -0.126469
0.213595 -0.159758 0.107055 0.033417 -0.120307
0.213595 -0.159758 0.107055 0.033417 -0.120307
0.110434 -0.290803 -0.00187 -0.132355 -0.083124
0.174633 -0.298371 0.017724 -0.111588 -0.071263
0.171981 -0.259085 -0.00798 -0.222402 -0.063742
0.130862 -0.226716 0.024248 -0.021608 0.042284
0.135294 -0.197072 -0.007095 0.114472 0.271844
0.135294 -0.197072 -0.007095 0.114472 0.271844
0.141443 -0.239377 -0.004741 0.247828 0.39131
0.141443 -0.239377 -0.004741 0.247828 0.39131
0.204869 -0.127859 0.060849 0.144186 0.140059
0.204869 -0.127859 0.060849 0.144186 0.140059
0.204869 -0.127859 0.060849 0.144186 0.140059
0.204869 -0.127859 0.060849 0.144186 0.140059
0.204869 -0.127859 0.060849 0.144186 0.140059
0.065865 -0.28875 -0.076059 0.005047 0.188105
0.104607 -0.26535 -0.000616 0.103195 0.2245
0.208025 -0.137998 0.062799 -0.113882 -0.116512
0.205413 -0.147208 0.013119 -0.291262 -0.144741
0.196126 -0.13076 0.039344 -0.24678 -0.147906
0.196126 -0.13076 0.039344 -0.24678 -0.147906
0.137712 -0.17843 -0.001553 -0.029799 0.114893
0.141277 -0.186929 0.024562 0.04236 0.079551
0.108768 -0.182829 -0.002007 -0.080943 -0.025346
0.108768 -0.182829 -0.002007 -0.080943 -0.025346
0.146532 -0.201058 -0.044685 -0.103133 0.169586
0.119676 -0.341888 -0.05319 -0.029948 0.206869
0.073343 -0.271977 -0.080501 -0.239557 0.082092
0.244016 -0.121391 0.114652 0.310021 0.082209
0.128079 -0.305173 0.001973 0.203542 0.195696
0.130497 -0.280534 -0.005159 0.199563 0.17798
0.085121 -0.434435 -0.087242 -0.103142 0.131511
0.205811 -0.247289 0.020335 -0.258159 -0.203348
0.157073 -0.200868 -0.006595 -0.538703 -0.352517
0.161478 -0.182521 0.050196 -0.245636 -0.281681
0.161478 -0.182521 0.050196 -0.245636 -0.281681
0.161478 -0.182521 0.050196 -0.245636 -0.281681
0.172227 -0.201303 0.047135 -0.370995 -0.448942
0.083126 -0.246627 -0.029784 -0.316975 -0.151266
0.083126 -0.246627 -0.029784 -0.316975 -0.151266
0.083126 -0.246627 -0.029784 -0.316975 -0.151266
0.08491 -0.242552 -0.00651 -0.08826 -0.031458
0.08491 -0.242552 -0.00651 -0.08826 -0.031458
0.076061 -0.280264 -0.010858 -0.104187 -0.041679
0.105175 -0.289136 -0.021019 -0.266062 -0.140812
0.137334 -0.226957 0.03599 -0.177627 -0.304788
0.137334 -0.226957 0.03599 -0.177627 -0.304788
0.145793 -0.189403 0.062416 -0.035173 -0.262018
0.145793 -0.189403 0.062416 -0.035173 -0.262018
0.137962 -0.209853 0.024442 -0.038872 -0.165751
0.139323 -0.252003 0.031399 -0.071317 -0.153991
0.235678 -0.150769 0.089113 0.144559 -0.004386
0.235678 -0.150769 0.089113 0.144559 -0.004386
0.193226 -0.134664 0.054324 -0.052605 -0.05972
0.19389 -0.129778 0.031 -0.135474 -0.110123
0.155472 -0.241432 -0.000463 0.056787 0.138101
0.181919 -0.160714 -0.016502 -0.174161 0.033061
0.257652 -0.033483 0.068899 -0.050584 -0.063378
0.197875 -0.079899 0.095546 0.098337 0.019777
0.252913 -0.003005 0.143042 -0.116331 -0.237098
0.188904 -0.143835 0.029273 -0.208405 -0.146075
0.290055 -0.016215 0.089331 -0.259515 -0.235249
0.160794 -0.201 -0.005042 -0.106491 0.02651
0.121372 -0.317223 -0.016252 -0.204819 -0.156472
0.121372 -0.317223 -0.016252 -0.204819 -0.156472
0.121372 -0.317223 -0.016252 -0.204819 -0.156472
0.121372 -0.317223 -0.016252 -0.204819 -0.156472
0.177883 -0.189684 -0.010154 -0.394619 -0.14967
0.158728 -0.158734 0.07308 0.04442 0.077683
0.086332 -0.211303 0.020077 0.193511 0.242673
0.086332 -0.211303 0.020077 0.193511 0.242673
0.184168 -0.077879 0.127423 0.381776 0.15468
0.019588 -0.312431 -0.016228 -0.043036 -0.035152
0.005337 -0.375397 -0.045239 0.030225 0.048574
0.106637 -0.298183 -0.056615 -0.345088 0.008438
0.106637 -0.298183 -0.056615 -0.345088 0.008438
0.124527 -0.167224 -0.033913 -0.208601 0.001757
0.114384 -0.240656 0.031987 -0.073522 -0.227098
0.052277 -0.234253 0.01358 -0.020441 -0.123039
0.052277 -0.234253 0.01358 -0.020441 -0.123039
0.027822 -0.411359 -0.138638 -0.427775 -0.017222
0.027822 -0.411359 -0.138638 -0.427775 -0.017222
0.027822 -0.411359 -0.138638 -0.427775 -0.017222
0.074137 -0.391708 -0.079667 -0.240781 0.077383
0.074137 -0.391708 -0.079667 -0.240781 0.077383
0.074137 -0.391708 -0.079667 -0.240781 0.077383
0.096594 -0.371552 -0.06599 -0.010685 0.242339
0.128073 -0.316883 0.001103 0.031731 0.068645
0.128073 -0.316883 0.001103 0.031731 0.068645
0.176884 -0.139785 0.075537 -0.23563 -0.31905
0.143169 -0.262135 -0.007438 -0.146032 -0.024521
0.143169 -0.262135 -0.007438 -0.146032 -0.024521
0.132832 -0.314471 -0.047499 -0.265679 -0.028659
0.133084 -0.275536 -0.009781 -0.230897 -0.129598
0.133084 -0.275536 -0.009781 -0.230897 -0.129598
0.276122 -0.085663 0.122726 -0.192392 -0.395266
0.276122 -0.085663 0.122726 -0.192392 -0.395266
0.276122 -0.085663 0.122726 -0.192392 -0.395266
0.276122 -0.085663 0.122726 -0.192392 -0.395266
0.276122 -0.085663 0.122726 -0.192392 -0.395266
0.276122 -0.085663 0.122726 -0.192392 -0.395266
0.300417 -0.051558 0.120188 -0.065725 -0.152298
0.196496 -0.21448 0.048313 -0.046849 -0.056401
0.269236 -0.074053 0.105945 -0.122726 -0.223299
0.269236 -0.074053 0.105945 -0.122726 -0.223299
0.218003 -0.047121 0.051607 -0.111595 -0.012337
0.23739 -0.176407 0.031814 -0.401897 -0.257288
0.23739 -0.176407 0.031814 -0.401897 -0.257288
0.23739 -0.176407 0.031814 -0.401897 -0.257288
0.160812 -0.300046 -0.080666 -0.45933 -0.106044
0.160812 -0.300046 -0.080666 -0.45933 -0.106044
0.160812 -0.300046 -0.080666 -0.45933 -0.106044
0.209984 -0.163387 -0.003389 -0.451946 -0.14635
0.209984 -0.163387 -0.003389 -0.451946 -0.14635
0.209984 -0.163387 -0.003389 -0.451946 -0.14635
0.209984 -0.163387 -0.003389 -0.451946 -0.14635
0.209984 -0.163387 -0.003389 -0.451946 -0.14635
0.209984 -0.163387 -0.003389 -0.451946 -0.14635
0.209984 -0.163387 -0.003389 -0.451946 -0.14635
0.209984 -0.163387 -0.003389 -0.451946 -0.14635
0.209984 -0.163387 -0.003389 -0.451946 -0.14635
0.209984 -0.163387 -0.003389 -0.451946 -0.14635
0.209984 -0.163387 -0.003389 -0.451946 -0.14635
0.209984 -0.163387 -0.003389 -0.451946 -0.14635
0.209984 -0.163387 -0.003389 -0.451946 -0.14635
0.209984 -0.163387 -0.003389 -0.451946 -0.14635
0.109399 -0.242702 -0.044291 -0.091651 0.19947
0.16249 -0.199361 0.035722 -0.028669 0.075256
0.112549 -0.227541 -0.031414 -0.079733 0.142323
0.036851 -0.306874 -0.137124 -0.258592 0.274907
0.017279 -0.38502 -0.164552 -0.185959 0.275899
0.095811 -0.253214 -0.109464 -0.28154 0.077546
0.184012 -0.187331 0.001302 -0.066523 -0.025731
0.284852 -0.048487 0.113218 -0.125741 -0.260941
0.230001 -0.075101 0.029082 -0.304708 -0.190818
0.183302 -0.121283 0.009127 -0.131344 -0.109792
0.088812 -0.232848 -0.054877 -0.107872 0.089629
0.109074 -0.099761 0.023201 -0.134152 -0.067099
0.095357 -0.176199 0.000933 -0.178169 -0.167392
0.115852 -0.201324 -0.027858 -0.321046 -0.149561
0.115852 -0.201324 -0.027858 -0.321046 -0.149561
0.14646 -0.215342 -0.026413 -0.144521 -0.035817
0.14646 -0.215342 -0.026413 -0.144521 -0.035817
0.175359 -0.146274 0.050498 0.032504 -0.036749
0.225881 -0.154669 0.056916 0.055711 -0.038048
0.225881 -0.154669 0.056916 0.055711 -0.038048
0.225881 -0.154669 0.056916 0.055711 -0.038048
0.201771 -0.193128 0.007648 -0.092258 0.011727
0.171916 -0.299017 -0.017073 0.009118 0.130187
0.251633 -0.126882 0.029977 0.081401 0.13492
0.210028 -0.218039 -0.030857 -0.023851 0.20717
0.213255 -0.107391 0.00147 -0.142339 0.064298
0.213255 -0.107391 0.00147 -0.142339 0.064298
0.052184 -0.346477 -0.106578 -0.147584 0.309993
0.055469 -0.274846 -0.110665 -0.196011 0.228523
0.146714 -0.266317 -0.076416 -0.282322 0.130499
0.145144 -0.340088 -0.085756 -0.206555 0.227602
0.145144 -0.340088 -0.085756 -0.206555 0.227602
0.145144 -0.340088 -0.085756 -0.206555 0.227602
0.145144 -0.340088 -0.085756 -0.206555 0.227602
0.145144 -0.340088 -0.085756 -0.206555 0.227602
0.145144 -0.340088 -0.085756 -0.206555 0.227602
0.160713 -0.344094 -0.120301 -0.326082 0.097212
0.133073 -0.320035 -0.133858 -0.462887 -0.001132
0.141656 -0.366624 -0.081303 -0.179782 0.273708
0.112561 -0.36305 -0.110494 -0.368492 0.114819
0.055313 -0.356933 -0.135746 -0.20193 0.3081
0.055313 -0.356933 -0.135746 -0.20193 0.3081
0.055313 -0.356933 -0.135746 -0.20193 0.3081
0.055313 -0.356933 -0.135746 -0.20193 0.3081
0.218145 -0.077963 0.1124 0.206364 0.066573
0.218145 -0.077963 0.1124 0.206364 0.066573
0.218145 -0.077963 0.1124 0.206364 0.066573
0.218145 -0.077963 0.1124 0.206364 0.066573
0.268782 -0.023529 0.140177 0.143613 -0.045181
0.25026 -0.093727 0.12873 0.158733 -0.041582
0.115083 -0.148648 0.035256 -0.113283 -0.119868
0.115083 -0.148648 0.035256 -0.113283 -0.119868
