-837.9647
-720.4681
-719.3338
-720.702
-720.702
-720.2176
-720.2176
-720.2176
-720.1982
-720.1982
-719.1975
-719.1975
-719.5597
-720.5645
-720.267
-719.9758
-720.5736
-720.5736
-720.5736
-720.4283
-720.4283
-720.4283
-721.1385
-721.9206
-721.9206
-720.3264
-720.7669
-720.7669
-722.0074
-722.0074
-721.8484
-721.8484
-723.2003
-720.7135
-720.7135
-723.1417
-723.0479
-721.1822
-721.1822
-721.2906
-720.7264
-721.8315
-721.7524
-720.798
-721.5528
-719.9429
-720.234
-719.3474
-719.3474
-720.6065
-720.5031
-720.8684
-720.5427
-721.9954
-720.8126
-721.8385
-721.8385
-721.8385
-720.2505
-721.2422
-721.2422
-719.9802
-719.9802
-719.9802
-721.7185
-723.5188
-719.9073
-719.5606
-719.5606
-719.2764
-719.9353
-719.9353
-719.9353
-720.6946
-720.6946
-720.3166
-720.1539
-720.5622
-720.5622
-720.5622
-720.6031
-720.6031
-720.6031
-723.1983
-723.1983
-723.1983
-720.5864
-720.7489
-720.7489
-719.9708
-719.9708
-719.9229
-719.9229
-720.2038
-720.2038
-719.6615
-719.4528
-723.216
-720.9466
-720.9466
-720.9466
-721.3265
-721.3265
-721.3265
-721.3868
-720.2506
-720.6733
-719.476
-720.655
-726.6107
-723.5331
-723.3563
-723.8101
-721.0331
-721.1241
-721.336
-720.9344
-720.7383
-720.7383
-719.5886
-719.5886
-719.3383
-719.3755
-719.442
-719.442
-719.442
-719.442
-719.2709
-719.7189
-719.7526
-719.6597
-719.6597
-719.6597
-719.6597
-719.6597
-719.6597
-719.6597
-719.6597
-719.6597
-719.2746
-719.2746
-719.2746
-719.2746
-719.2746
-719.2746
-719.2746
-719.2746
-719.2746
-719.2746
-719.2746
-720.7437
-720.7437
-720.0233
-720.0233
-720.2355
-721.3323
-719.9233
-719.9233
-719.9233
-720.35
-722.2512
-719.608
-721.081
-721.081
-719.5048
-720.6719
-719.7019
-719.7019
-719.7019
-719.7019
-721.8164
-721.5656
-721.9469
-721.3248
-719.3147
-720.7594
-720.7594
-720.6148
-719.8079
-719.8079
-719.8079
-719.3496
-719.3496
-719.9139
-721.3184
-720.5833
-720.4621
-720.1361
-720.1025
-719.7418
-724.4503
-723.2597
-721.0697
-721.0697
-721.0697
-721.0697
-721.0697
-721.0697
-721.0697
-721.0697
-721.47
-721.9774
-721.9774
-721.9774
-721.0987
-721.0987
-720.3082
-719.8266
-719.8266
-719.8266
-719.8612
-720.1812
-720.8395
-719.719
-719.7281
-719.7281
-720.6651
-720.6529
-720.4992
-720.4452
-720.4452
-720.4452
-719.4242
-719.6024
-719.6024
-719.7568
-719.7568
-719.7568
-719.753
-719.753
-719.753
-720.0891
-720.0891
-720.0891
-719.5954
-720.5179
-720.5179
-720.3449
-719.6574
-719.6574
-719.6574
-719.6574
-719.6574
-719.6574
-720.1373
-719.8317
-719.8317
-719.6119
-719.6119
-719.8399
-719.8399
-719.8399
-719.243
-719.2989
-719.386
-720.1194
-720.982
-720.982
-720.604
-720.604
-720.604
-720.122
-719.3974
-719.3974
-720.0242
-720.119
-720.119
-719.6324
-719.4765
-719.4765
-721.0743
-720.7068
-721.9104
-721.237
-720.6839
-721.3322
-721.3322
-721.3322
-721.3322
-721.3365
-721.3365
-720.833
-720.833
-720.833
-720.833
-719.6094
-719.6094
-720.0134
-720.0134
-720.0134
-719.9318
-719.9318
-719.9318
-719.9318
-719.2012
-720.1288
-719.5671
-719.5671
-719.5815
-721.1605
-721.4785
-720.573
-720.4304
-722.3341
-721.3252
-719.9783
-720.2887
-720.2887
-719.3569
-719.3569
-719.3232
-720.4125
-719.8988
-719.7745
-720.4963
-720.4963
-720.4963
-720.4963
-720.9322
-720.9322
-720.9322
-720.9322
-720.8131
-720.3124
-720.3124
-722.0104
-722.5244
-720.1539
-720.1539
-720.1539
-720.1539
-720.1539
-720.1539
-720.1539
-720.1539
-720.1539
-720.1539
-720.1539
-719.6515
-719.6399
-720.199
-720.199
-720.199
-720.2851
-720.5535
-720.5535
-720.5535
-720.7269
-720.1835
-720.1835
-721.8483
-721.5197
-719.4502
-719.4502
-719.4502
-719.4502
-719.4502
-719.4502
-719.4502
-719.4502
-719.4502
-719.4502
-719.4502
-719.4502
-719.4502
-719.4502
-719.4502
-719.4502
-719.4502
-719.4502
-719.616
-719.9334
-720.5806
-719.7562
-720.1133
-720.1133
-720.2436
-720.9634
-722.6216
-721.5306
-721.5306
-721.1457
-720.5722
-719.6983
-719.4243
-719.4243
-719.4243
-719.2951
-719.2951
-719.2951
-719.2951
-719.2951
-719.2951
-719.2951
-719.2951
-719.2951
-720.5665
-721.3342
-721.3342
-721.3342
-720.2481
-719.9659
-719.9659
-722.4195
-722.4756
-721.2821
-721.2821
-721.2821
-721.6153
-720.1332
-721.4568
-721.1706
-721.2555
-721.2555
-719.9285
-721.0266
-721.552
-720.3471
-720.1234
-721.0156
-721.3548
-721.3548
-720.108
-720.108
-720.4884
-722.5715
-721.0804
-721.3339
-720.6761
-720.0049
-720.0049
-720.0049
-719.6807
-721.0434
-721.0434
-721.0434
-721.0434
-721.0434
-719.9981
-719.9981
-721.1421
-721.1421
-720.8549
-722.7191
-721.3539
-721.3539
-721.5867
-723.8468
-722.5591
-722.3639
-722.3639
-721.6171
-719.8148
-720.1403
-720.3567
-720.3567
-721.4204
-719.8457
-719.8457
-719.8457
-720.1242
-719.7401
-720.5497
-722.0312
-721.0907
-721.0907
-719.7717
-719.491
-719.491
-719.491
-720.7534
-720.6465
-719.7344
-719.7344
-719.7344
-720.5444
-721.2071
-720.7105
-719.648
-722.4877
-724.5825
-722.158
-722.158
-720.3918
-720.9005
-719.5082
-720.48
-719.6616
-719.6616
-719.6616
-720.1159
-720.1159
-719.8927
-720.148
-720.148
-720.0229
-719.6715
-719.6908
-719.6908
-719.9327
-720.5137
-720.5137
-720.5137
-720.5137
-720.5137
-719.5041
-720.6901
-721.9285
-721.7733
-721.6542
-721.812
-720.4715
-719.7881
-719.7881
-720.8081
-720.4834
-719.6149
-720.3992
-720.1997
-719.9284
-720.7463
-719.9135
-719.9135
-720.3061
-719.8603
-719.8603
-719.8603
-719.8603
-719.6146
-719.6146
-719.7823
-719.7823
-719.6551
-719.6551
-719.6551
-719.8486
-719.6173
-719.6173
-719.6173
-719.7565
-720.3459
-720.3459
-719.6125
-719.3414
-720.9457
-724.4968
-721.054
-721.054
-720.479
-719.2107
-719.9139
-719.9139
-719.9139
-719.9139
-719.6304
-720.4963
-721.8408
-721.8408
-719.9369
-719.9369
-720.0315
-720.0315
-720.0315
-720.0315
-719.5124
-719.9277
-719.9277
-719.9277
-719.9277
-719.9277
-720.4838
-720.4838
-720.3444
-720.355
-720.772
-720.772
-720.772
-720.6053
-721.7657
-719.8873
-719.9686
-719.7544
-720.0713
-719.8958
-719.8958
-720.6928
-719.711
-719.5152
-719.5152
-719.5152
-719.5152
-719.5152
-719.5152
-719.5152
-719.5152
-719.8476
-719.8476
-721.5804
-721.5804
-721.5804
-721.5804
-721.5804
-721.5804
-721.5804
-721.3905
-721.3905
-720.243
-720.243
-720.243
-719.7341
-719.7341
-719.7341
-721.2065
-720.8849
-721.2058
-720.3123
-720.3123
-720.4953
-722.0646
-722.5707
-723.7244
-723.7244
-723.7244
-723.7244
-722.1009
-720.6351
-719.5734
-719.6927
-720.2578
-720.2578
-719.8606
-719.8606
-719.8606
-719.8606
-720.1801
-720.1801
-720.7696
-720.3881
-720.06
-721.0605
-721.0605
-721.8294
-720.3181
-720.6447
-720.6447
-720.6447
-720.6447
-720.2886
-720.2886
-720.3637
-720.6456
-720.6456
-720.8575
-720.8575
-720.8575
-719.7011
-720.7829
-720.7829
-720.2247
-720.2247
-721.0565
-721.1227
-719.8242
-721.4803
-721.4803
-720.6312
-722.2412
-723.597
-723.8566
-720.9992
-720.9992
-720.986
-719.899
-719.2977
-719.2977
-721.6209
-721.3266
-721.3266
-721.6516
-721.3441
-721.3441
-721.3441
-721.3441
-721.3441
-720.9209
-720.5722
-720.5722
-720.2152
-719.3086
-719.3086
-719.3043
-720.4557
-721.6907
-721.6907
-720.1313
-720.1313
-720.1313
-720.1313
-720.1313
-720.1313
-720.1313
-720.1313
-720.1313
-719.5363
-719.3013
-721.9646
-720.6489
-720.7788
-719.8897
-719.7298
-719.7298
-721.4263
-722.0146
-720.4585
-720.4585
-720.4585
-720.4585
-720.4585
-720.8785
-720.779
-720.779
-722.3578
-722.5989
-721.316
-719.9808
-719.6597
-719.6736
-719.4588
-719.9532
-719.8296
-719.8296
-720.4563
-720.0772
-720.7652
-719.8839
-719.6394
-720.0817
-720.1248
-720.5583
-719.9087
-719.9087
-719.9087
-719.6287
-719.6287
-722.5581
-721.2476
-721.4632
-720.327
-720.327
-720.327
-720.5872
-719.6541
-720.3917
-719.99
-721.2001
-721.2001
-720.2453
-719.9097
-719.9097
-720.5921
-720.575
-720.575
-720.575
-719.7013
-720.7639
-720.7372
-721.1294
-722.3326
-721.2452
-721.0114
-722.0573
-722.0573
-721.2773
-721.28
-721.1507
-721.1507
-721.1507
-721.1041
-721.1041
-721.1041
-720.0516
-719.975
-719.7945
-720.4936
-720.427
-720.8246
-720.5549
-720.5549
-720.9483
-723.2483
-723.2483
-721.1453
-719.5584
-719.6224
-719.6224
-719.6224
-719.6224
-720.7936
-719.7316
-720.3435
-720.4765
-720.4765
-719.7011
-719.7092
-719.7092
-721.0208
-721.0208
-719.8901
-720.4516
-721.6498
-721.6498
-720.6317
-721.74
-721.2977
-720.9176
-723.5359
-723.5359
-723.5359
-721.5353
-721.5353
-721.5353
-720.9965
-719.9623
-719.9623
-719.3623
-719.3623
-719.5053
-720.2096
-720.2096
-719.8628
-721.7291
-721.8879
-721.8879
-721.8879
-721.8879
-720.2176
-720.2176
-720.2176
-720.7876
-723.4719
-722.0609
-721.0566
-721.0499
-720.0379
-720.1412
-720.1412
-720.1412
-720.0472
-720.0338
-720.3359
-720.0626
-720.0626
-720.4685
-720.4685
-719.7139
-719.7139
-719.4984
-719.3503
-719.3503
-720.3498
-720.4586
-720.4586
-720.1826
-720.1826
-721.2217
-720.3216
-720.705
-721.2408
-721.2408
-721.2408
-720.1997
-720.8235
-719.239
-719.5771
-720.2986
-720.2986
-720.1674
-720.1674
-720.1674
-720.1674
-720.9305
-720.3691
-721.2185
-722.674
-722.3718
-720.7379
-720.2898
-719.8114
-719.8114
-719.4303
-720.6946
-721.6192
-721.0939
-720.0137
-720.514
-721.5153
-719.8086
-719.8086
-719.8086
-719.8086
-719.8086
-719.8086
-719.2583
-719.2583
-719.8246
-723.7431
-722.4934
-723.2617
-721.155
-721.1861
-720.483
-720.483
-720.5688
-720.5688
-720.5688
-720.5688
-720.5688
-720.5688
-720.3651
-720.9463
-720.8489
-720.4406
-720.0492
-719.069
-719.069
-720.7195
-721.8655
-720.6826
-719.7845
-720.851
-720.8365
-720.8365
-720.9932
-720.9932
-720.9932
-719.6801
-719.6801
-719.6801
-719.7289
-720.8024
-720.8629
-721.1065
-721.1702
-721.1702
-720.6642
-720.6642
-720.6642
-720.6642
-720.6642
-724.0421
-724.0421
-723.1514
-723.1514
-722.7145
-721.9563
-721.9563
-721.7085
-721.7085
-722.2176
-723.446
-721.5257
-720.2891
-721.0537
-720.6289
-723.0291
-723.0291
-722.7057
-721.7555
-721.1648
-721.1648
-720.7175
-720.2892
-720.2892
-720.2892
-721.2857
-720.48
-720.48
-720.5977
-721.1599
-720.7215
-721.974
-720.3111
-719.7496
-719.7496
-721.2038
-719.5202
-719.7169
-720.3182
-720.1933
-719.8318
-720.6287
-720.6287
-722.2992
-719.8668
-720.8138
-720.475
-719.8273
-720.386
-721.1286
-721.1286
-720.5082
-720.4807
-720.4807
-720.7032
-720.2252
-720.6872
-719.9383
-719.7791
-719.8582
-719.8582
-719.8142
-719.605
-720.5107
-719.2685
-719.2685
-720.0407
-720.0407
-720.0407
-719.0131
-719.0131
-719.3417
-719.8064
-719.7073
-720.3651
-723.1878
-722.9975
-723.19
-723.079
-723.079
-722.6881
-721.9505
-720.0462
-720.3465
-719.8882
-720.1325
-720.7213
-720.6238
-720.6238
-719.4941
-719.4941
-719.4941
-719.4941
-719.4941
-720.5962
-720.5962
-721.2389
-720.5829
-720.1351
-720.7944
-720.3734
-720.3734
-720.3734
-719.247
-720.1765
-719.5871
-719.5871
-719.5871
-720.4576
-720.4576
-720.8479
-720.2984
-724.1711
-724.1711
-723.1343
-722.5333
-720.6859
-720.2093
-719.429
-719.1146
-719.1146
-719.1146
-719.1146
-720.2603
-720.2603
-719.8258
-719.8258
-720.052
-720.5764
-720.1973
-720.3033
-720.6191
-720.6191
-719.5866
-720.5467
-720.5467
-720.5802
-720.2453
-720.5418
-722.4973
-720.5882
-719.9724
-720.9692
-719.5469
-719.4065
-719.5812
-719.5812
-721.4268
-720.2257
-720.2257
-719.7042
-719.9117
-719.2431
-719.1363
-719.6999
-719.5964
-719.5964
-719.2883
-719.2883
-719.4558
-721.1646
-721.6137
-721.6137
-721.0418
-719.7056
-719.5556
-720.8752
-720.8752
-720.6351
-720.6351
-719.9936
-719.9936
-720.7061
-721.0042
-720.2014
-720.2014
-721.3748
-721.7473
-722.0871
-720.05
-719.9549
-719.8369
-720.7358
-720.0862
-720.0862
-720.0862
-720.0862
-720.0862
-720.0862
-720.3332
-720.0164
-720.0164
-719.6595
-719.6595
-719.8629
-719.8629
-719.8629
-719.8629
-720.6615
-719.7908
-720.1118
-720.1118
-719.5183
-719.9657
-720.9139
-720.9139
-720.9139
-721.3576
-722.3156
-722.9436
-722.4058
-721.0346
-721.0346
-720.6839
-721.2854
-720.2845
-719.5616
-719.7206
-719.2446
-719.197
-721.5717
-720.4976
-720.4976
-720.4976
-719.332
-719.332
-719.332
-720.4839
-720.4839
-720.1846
-720.5078
-721.1035
-721.1035
-720.7673
-720.3739
-720.1801
-720.1594
-720.1594
-720.8697
-720.5846
-720.6984
-720.6984
-720.2423
-720.2423
-720.2423
-719.7455
-719.7455
-721.4033
-721.4033
-721.4033
-719.8416
-721.0652
-721.4184
-720.8344
-720.8344
-720.8344
-720.6656
-720.3961
-721.825
-722.0493
-719.8992
-719.9088
-719.719
-719.719
-720.4548
-719.9399
-719.9399
-720.3364
-720.3364
-720.6212
-722.4527
-722.4527
-722.4527
-722.4527
-722.4527
-721.1449
-719.7952
-719.7952
-720.1049
-720.1049
-720.7129
-721.6883
-721.0476
-721.2388
-719.5974
-720.2757
-720.2757
-720.2293
-720.0576
-719.358
-720.7891
-721.0073
-720.1765
-720.1765
-720.1765
-720.1765
-720.1765
-720.1765
-720.1765
-720.1765
-721.0774
-719.6706
-720.1362
