-779.6408
-720.4177
-719.8104
-719.4046
-720.2584
-719.7691
-719.31
-719.31
-719.7753
-719.7753
-719.7753
-720.1544
-720.0199
-720.1644
-720.3803
-720.3803
-720.3803
-720.3803
-721.8471
-721.8471
-721.8471
-721.1965
-721.1965
-720.6589
-721.0521
-721.2496
-720.7245
-719.499
-719.6078
-719.6078
-721.1537
-721.1537
-721.1537
-722.0115
-722.75
-723.5465
-726.9735
-723.724
-720.8778
-720.3596
-720.3499
-720.2694
-720.2694
-720.2694
-719.6393
-719.8186
-720.1721
-720.1308
-720.0554
-720.8569
-720.8569
-719.527
-719.527
-719.527
-719.527
-719.527
-719.7555
-720.0154
-719.6785
-720.3418
-722.4157
-721.479
-720.9674
-720.0394
-720.0394
-720.0394
-720.0394
-721.1456
-723.163
-723.163
-721.3723
-721.3723
-721.0024
-720.7613
-720.2301
-719.7408
-719.2904
-720.3073
-720.0989
-720.8673
-720.8673
-720.8025
-720.8025
-722.1308
-720.263
-720.263
-720.263
-720.263
-720.263
-719.9585
-722.3446
-722.3446
-723.1276
-720.5576
-720.5576
-720.4626
-720.4626
-720.6999
-720.3567
-719.5646
-719.5646
-719.5892
-720.7009
-719.8989
-719.8989
-719.5711
-719.5711
-719.5711
-723.9617
-723.9617
-722.9012
-721.7257
-720.9206
-720.9206
-720.9206
-720.8822
-721.2206
-722.2095
-722.2095
-723.5
-723.8479
-723.8099
-719.6081
-719.4587
-720.4624
-720.4624
-721.6919
-720.9579
-720.4037
-721.894
-722.2138
-721.9322
-721.9322
-721.9322
-721.6108
-719.916
-719.916
-719.916
-719.916
-719.916
-719.916
-719.916
-720.4464
-719.553
-720.2827
-721.0196
-721.0196
-721.0196
-722.1781
-720.8537
-720.8537
-720.491
-721.0271
-721.0271
-720.6907
-720.7643
-720.6215
-719.8706
-719.892
-719.892
-719.892
-719.892
-721.7053
-720.0791
-720.6998
-721.8825
-721.8825
-722.578
-722.578
-722.578
-722.578
-722.578
-721.8157
-721.8157
-721.8157
-722.1484
-722.5068
-721.9224
-721.9224
-720.937
-720.045
-720.045
-720.045
-720.045
-720.045
-720.1564
-720.6392
-720.1648
-721.5831
-721.5831
-720.7154
-720.7154
-720.7154
-721.0578
-721.5955
-719.8026
-719.8026
-720.2451
-720.2451
-719.7553
-720.4144
-722.2313
-722.2313
-722.2313
-722.0619
-722.0619
-722.0619
-722.0619
-720.346
-720.346
-720.346
-720.346
-720.346
-720.346
-720.346
-720.346
-720.1244
-720.2194
-721.8551
-722.1225
-720.8865
-720.8865
-720.8865
-720.0082
-719.8665
-722.6996
-720.9509
-720.9509
-720.9509
-720.9509
-722.5162
-722.1686
-722.1686
-720.7826
-720.0126
-720.0126
-720.0126
-719.4497
-722.0115
-722.0115
-721.2619
-721.2877
-722.4806
-720.6755
-719.6856
-719.6856
-720.4549
-719.2577
-719.2577
-720.1428
-720.4722
-720.4722
-720.4722
-720.4722
-720.0036
-719.8904
-719.8904
-719.1223
-719.1223
-719.1223
-719.1223
-720.2825
-720.407
-720.407
-721.6803
-720.4309
-720.4309
-720.5014
-721.049
-720.7571
-720.7571
-720.7483
-720.0628
-719.4
-719.782
-719.782
-719.782
-720.5602
-720.067
-719.9854
-719.9854
-720.6122
-720.6198
-720.6303
-720.5104
-719.9684
-719.9684
-719.3202
-720.0777
-720.0777
-721.4689
-722.4537
-722.4537
-721.566
-720.3647
-720.4802
-720.2868
-719.6793
-720.4124
-720.1687
-720.1687
-720.1687
-720.0868
-720.2701
-720.2701
-719.5322
-719.5335
-719.5335
-719.4136
-722.9517
-722.9517
-720.8623
-720.5461
-721.2245
-721.0707
-721.0707
-721.0707
-721.0707
-723.1664
-723.5734
-720.0786
-720.5951
-721.2124
-720.5208
-720.7068
-719.5099
-719.9378
-719.798
-720.4766
-719.9163
-719.9163
-719.9846
-719.9846
-720.4922
-722.0721
-720.1525
-719.9363
-723.3117
-719.6069
-719.6069
-720.8238
-720.8238
-721.089
-719.6821
-719.6821
-720.2948
-721.111
-721.111
-720.9489
-720.9489
-720.5738
-720.0843
-720.0843
-720.0843
-720.0843
-720.7251
-720.9729
-722.4169
-723.9296
-724.206
-724.206
-724.206
-719.9458
-719.8983
-722.5684
-723.2923
-723.2923
-721.2018
-721.3819
-719.261
-719.261
-722.9623
-720.7252
-719.4677
-719.4677
-721.803
-722.2444
-719.612
-719.612
-719.612
-719.612
-719.612
-719.2101
-719.2101
-719.2101
-719.2101
-720.9148
-719.7851
-719.7851
-720.3396
-719.3978
-719.3978
-720.0388
-721.1203
-720.422
-720.0089
-720.0089
-720.1943
-720.5434
-720.9244
-721.7798
-719.9373
-719.9373
-719.866
-719.866
-721.0552
-719.5801
-719.5801
-719.5801
-719.7784
-720.5028
-720.5028
-720.3621
-721.5123
-721.2177
-721.1939
-720.9492
-720.9492
-721.9901
-720.8048
-721.0849
-721.0849
-721.7604
-720.0546
-720.0546
-720.0546
-721.2851
-720.2227
-720.2227
-719.8549
-720.9621
-720.9621
-720.9621
-720.6488
-721.7531
-722.3651
-723.5736
-723.5736
-723.5736
-721.8302
-720.7467
-720.7467
-720.4565
-720.4565
-719.4894
-719.4894
-720.7756
-720.2057
-720.2057
-721.9481
-723.7421
-724.1052
-724.0987
-722.407
-721.5996
-721.9243
-721.6806
-722.1605
-722.1605
-720.4136
-720.4136
-719.6681
-719.6681
-720.0284
-720.0284
-719.7348
-719.7348
-719.7348
-719.7348
-719.7188
-719.7188
-720.2167
-720.5361
-721.0836
-719.8871
-719.8871
-720.05
-720.2457
-720.6735
-720.6735
-720.6735
-720.6735
-720.6735
-721.3375
-721.3375
-720.777
-719.8356
-719.8356
-719.4869
-720.1224
-720.1224
-720.1224
-720.1224
-720.1224
-720.0769
-720.0769
-720.3381
-720.3381
-719.3866
-720.1492
-720.1492
-720.1492
-720.1492
-720.1492
-720.1492
-720.1492
-720.6718
-719.5616
-720.7307
-720.7307
-721.4949
-721.1419
-719.8162
-719.8162
-719.8162
-719.5824
-719.9374
-719.9374
-720.5215
-719.867
-719.711
-720.798
-720.798
-719.9687
-719.8353
-719.8353
-719.8353
-721.4771
-721.4771
-721.4771
-721.8016
-721.6596
-721.9354
-720.4892
-720.4892
-722.4662
-724.6621
-724.6621
-724.6621
-725.2408
-719.477
-719.477
-722.6773
-723.3159
-723.3159
-723.3159
-720.1546
-720.1546
-720.3726
-719.9719
-721.1182
-720.8301
-720.2764
-720.9492
-720.0135
-719.8982
-720.0023
-719.8974
-720.6575
-721.3022
-721.5318
-721.3041
-722.8952
-723.2692
-723.2692
-722.7324
-723.2898
-721.4898
-722.1098
-722.3854
-721.7448
-721.7448
-721.7448
-721.8383
-720.5447
-719.9278
-719.9278
-719.9278
-721.3347
-721.9605
-721.254
-721.254
-720.6654
-720.6654
-720.6654
-720.6654
-720.6904
-721.3254
-722.4541
-720.6484
-720.0298
-720.0298
-720.0298
-719.8256
-719.8256
-721.0711
-719.9957
-719.9957
-720.6512
-719.7656
-719.7656
-719.7585
-720.548
-721.5866
-721.5866
-721.3776
-721.3776
-720.868
-720.868
-720.4384
-720.7246
-721.9225
-720.5943
-720.5943
-720.6102
-721.1734
-721.1734
-719.613
-719.613
-720.6186
-720.6186
-721.2035
-720.2015
-719.6267
-719.6267
-720.958
-722.1701
-722.1701
-719.7104
-719.7104
-719.7104
-719.7104
-719.7104
-720.1781
-720.1781
-720.108
-719.8325
-720.9368
-720.4078
-720.0768
-720.5616
-719.6789
-720.6414
-720.6414
-721.7806
-720.7405
-720.7405
-720.8062
-720.3588
-720.0804
-720.0804
-720.0804
-720.8134
-720.7118
-719.668
-719.2349
-719.2349
-719.2349
-719.2349
-719.2349
-719.2349
-719.2349
-719.2349
-719.2349
-719.2349
-720.266
-719.5652
-719.5652
-719.5652
-719.5652
-719.5652
-719.9872
-722.0903
-720.817
-721.9634
-721.9634
-721.8269
-721.8269
-725.0861
-719.557
-719.557
-720.6378
-720.6378
-720.4087
-719.3283
-719.3283
-719.757
-720.7239
-720.7239
-721.2304
-721.2304
-720.8266
-720.8266
-720.3574
-720.8511
-720.8511
-720.567
-721.1048
-719.542
-719.7656
-720.5198
-720.5198
-720.0477
-720.0477
-720.0477
-719.9405
-719.7789
-719.7789
-720.3078
-720.2823
-719.9337
-720.5302
-720.3751
-720.4755
-720.4755
-720.178
-720.9901
-720.9901
-720.3527
-720.3527
-719.8364
-719.8364
-719.8029
-719.8029
-719.8029
-721.489
-721.489
-721.489
-721.4864
-721.7815
-719.3647
-719.3647
-719.3647
-719.5784
-719.5784
-719.5784
-719.5784
-721.4894
-719.8091
-719.8683
-719.8683
-719.8683
-720.3659
-721.3648
-722.5084
-720.1639
-722.3579
-721.59
-720.8047
-719.2849
-719.4465
-719.1073
-720.025
-720.025
-719.4048
-719.4749
-719.4749
-719.4648
-720.3979
-720.3409
-720.4458
-719.9353
-719.9353
-719.9353
-719.8135
-719.726
-719.726
-719.726
-719.726
-719.726
-719.726
-721.4937
-721.2173
-720.457
-719.9352
-720.4835
-720.4835
-719.3977
-720.1807
-722.3914
-721.3309
-723.3699
-723.3184
-723.5936
-723.1182
-723.0337
-722.866
-721.8113
-720.2938
-720.2938
-720.2938
-720.2938
-719.7383
-719.7383
-723.4958
-721.4166
-720.0761
-720.3362
-719.9279
-720.9864
-723.2584
-723.2584
-720.4682
-719.5825
-719.6863
-719.7773
-719.6176
-720.7685
-720.7685
-720.7685
-721.8403
-721.6478
-720.1526
-720.8043
-720.8043
-720.8662
-719.8828
-719.7459
-720.7698
-721.4236
-721.4236
-721.4236
-719.6138
-719.6138
-719.6138
-719.7605
-719.9611
-720.8286
-720.7206
-721.406
-719.4235
-720.9577
-722.5662
-720.4887
-720.8684
-720.8684
-719.9292
-719.9292
-719.5003
-719.5003
-719.6681
-719.6681
-719.6681
-720.1654
-720.7019
-721.3706
-721.3706
-721.3706
-719.6262
-719.8378
-720.7556
-719.972
-719.972
-719.8966
-719.8966
-719.8966
-721.0142
-721.1534
-720.9981
-720.0532
-720.0532
-720.5468
-720.3449
-720.3449
-720.3449
-720.727
-721.9426
-721.9426
-722.1131
-721.1722
-720.3058
-720.9973
-719.5345
-719.5345
-719.5569
-719.9155
-719.8802
-719.8802
-719.8802
-720.0342
-720.0342
-719.5903
-720.3577
-720.3577
-719.9308
-719.9308
-719.8884
-720.8039
-720.8039
-720.8039
-722.8381
-720.1275
-720.1275
-720.1275
-720.1275
-719.208
-719.9863
-719.9863
-720.3951
-720.3966
-720.3966
-720.3966
-721.4329
-721.4329
-722.432
-722.432
-719.6916
-719.3935
-720.3754
-720.1435
-719.6397
-719.6397
-719.6397
-719.6397
-719.6397
-719.693
-719.3018
-720.144
-720.7458
-720.7458
-719.6448
-719.6754
-719.6754
-719.6754
-718.9578
-718.9578
-720.8147
-720.1277
-719.6155
-719.6155
-719.6155
-719.44
-720.6284
-719.6998
-719.6998
-720.3959
-720.3959
-720.3959
-720.3959
-720.6504
-720.7066
-720.4619
-723.4872
-721.6196
-723.0922
-720.7964
-720.6754
-720.357
-720.357
-720.357
-720.7402
-720.7402
-720.7402
-719.3596
-719.6102
-719.8108
-720.0505
-720.0505
-720.0505
-720.1073
-720.1073
-720.7932
-719.1065
-719.1065
-719.9954
-719.9954
-719.9954
-719.9191
-719.9191
-720.0219
-720.0219
-721.4075
-722.4068
-722.4068
-722.6648
-720.8274
-721.8159
-721.2513
-721.2513
-721.2513
-722.1439
-721.8617
-721.8617
-721.8617
-720.9805
-720.9797
-720.9797
-720.4225
-720.4225
-721.2034
-721.2034
-720.7751
-721.2238
-719.7493
-719.7493
-719.7493
-719.7493
-719.7493
-719.6074
-720.925
-720.1763
-720.1074
-720.8158
-720.8158
-720.8158
-722.2528
-723.2542
-722.0327
-720.9806
-720.5833
-721.1245
-720.6331
-719.7252
-719.5866
-719.5866
-719.5866
-719.5866
-719.5787
-720.4726
-721.0884
-720.6463
-719.4517
-719.5339
-719.9571
-721.026
-720.506
-720.506
-720.506
-720.506
-719.8752
-719.8752
-719.8752
-719.8752
-719.8752
-719.8752
-719.8752
-719.8752
-719.8752
-719.8752
-719.8752
-719.8752
-719.8752
-721.0399
-721.0236
-724.4839
-723.7423
-719.4292
-719.8202
-719.243
-719.4634
-719.4634
-720.2895
-719.6212
-719.6102
-720.2192
-720.2192
-722.4145
-721.3812
-720.9877
-719.7457
-719.7457
-719.7457
-721.9336
-720.7403
-720.7403
-720.7403
-720.7403
-721.5477
-720.4232
-720.6075
-719.7288
-719.7288
-721.2247
-721.2247
-720.0509
-719.3086
-719.3086
-719.3086
-719.3086
-719.2292
-719.2292
-719.2292
-719.6335
-718.9891
-719.8552
-719.8552
-719.1539
-719.1539
-719.1539
-719.1539
-719.1539
-719.1539
-719.1539
-719.1539
-719.1539
-719.1539
-719.1539
-719.7854
-720.1195
-719.8034
-719.962
-719.3361
-719.3361
-719.3361
-719.3361
-720.3859
-720.6692
-720.4292
-719.8912
-721.1715
-720.4555
-721.7147
-720.7035
-719.8406
-720.6394
-720.1358
-720.1358
-721.1331
-719.8399
-719.8399
-719.8399
-720.1615
-720.1615
-720.4935
-720.4935
-720.4452
-720.265
-720.265
-720.265
-720.265
-720.265
-720.4719
-720.8284
-720.1227
-720.1227
-720.8416
-720.6883
-720.7682
-720.7682
-720.7682
-721.1273
-721.1273
-721.2773
-721.2773
-720.1164
-720.6982
-720.6982
-720.0145
-720.0565
-723.1587
-721.7682
-721.7682
-721.7682
-721.8693
-721.8693
-721.8693
-723.4528
-723.6915
-722.7427
-722.7427
-722.1167
-721.71
-719.5136
-720.4816
-719.7181
-719.7181
-719.7181
-719.8342
-719.8342
-720.1125
-720.5953
-720.4869
-723.0493
-723.0493
-723.0493
-723.0493
-720.6424
-719.8601
-719.8601
-719.6588
-720.2619
-720.5782
-721.9847
-721.9847
-721.9847
-721.9847
-721.9847
-719.6594
-719.6594
-719.6594
-719.6594
-721.4404
-721.4404
-720.2224
-720.2224
-720.2224
-720.2224
-720.4719
-720.4719
-721.992
-721.6782
-721.4994
-722.1105
-719.5671
-719.4695
-720.2839
-720.2839
-720.2839
-720.3136
-722.3925
-721.0802
-721.6159
-721.111
-721.111
-720.7761
-720.0278
-719.9863
-720.4044
-719.1159
-719.1159
-720.0565
-719.7484
-720.2733
-720.3681
-720.3681
-720.3681
-722.6451
-722.6451
-720.3656
-720.3656
-721.0157
-720.4824
-720.5064
-720.5064
-721.0396
-721.7541
-721.8864
-721.8864
-721.9147
-721.9668
-721.6496
-719.8097
-719.8097
-719.8097
-719.8097
-719.8097
-720.4547
-719.8266
-719.8343
-720.4796
-720.4796
-719.9641
