-808.7849
-720.8956
-721.6337
-720.5681
-719.0647
-719.0647
-720.3691
-720.3691
-720.0212
-720.0212
-719.7556
-719.8202
-719.8202
-719.3416
-719.5959
-720.5335
-720.1401
-720.1401
-719.7815
-720.2218
-720.2218
-719.5483
-720.0903
-719.7942
-721.8814
-721.8814
-720.3469
-720.3469
-720.3469
-722.1394
-720.722
-720.722
-720.722
-720.722
-719.5798
-719.5798
-720.4939
-720.4939
-720.4939
-720.4939
-720.4939
-720.4939
-720.4939
-720.4939
-720.4939
-721.0277
-719.7825
-719.7825
-719.7681
-721.2558
-721.2558
-719.7061
-719.7061
-719.4135
-719.4135
-719.7005
-719.7005
-719.5195
-721.1073
-721.4034
-720.4357
-720.2661
-721.07
-721.07
-722.3868
-720.0717
-720.0717
-720.0717
-720.0717
-720.0717
-720.0717
-720.5961
-720.2104
-720.2104
-720.2104
-720.2104
-720.2104
-720.1584
-720.5976
-720.5976
-720.5976
-720.5976
-720.5976
-720.5976
-720.5976
-719.2402
-719.2402
-719.2402
-719.2402
-719.2402
-719.2402
-720.18
-720.1785
-720.1785
-721.1723
-719.8016
-719.8016
-719.8016
-721.6939
-723.6034
-723.304
-723.3653
-723.3653
-722.8947
-722.8947
-719.7681
-720.1945
-719.6415
-719.6415
-719.7262
-720.6726
-719.9961
-719.9961
-721.6626
-721.6115
-722.2388
-722.2388
-720.509
-720.509
-720.1415
-720.2762
-720.2762
-724.4758
-724.125
-722.5017
-722.5017
-722.5017
-720.1821
-719.9138
-719.9138
-720.7715
-719.7677
-719.7677
-719.7677
-721.4033
-721.3071
-719.9083
-719.9083
-720.785
-720.785
-721.5536
-720.6883
-720.6883
-720.6883
-720.8979
-720.8979
-721.6261
-722.1599
-720.3035
-720.3025
-719.2472
-720.3218
-720.3218
-720.0354
-720.6436
-720.6436
-720.6436
-720.6436
-720.2609
-720.2609
-719.9396
-719.9396
-720.1941
-720.1358
-719.3936
-720.196
-719.6539
-719.7773
-720.3492
-720.3492
-722.3235
-722.3235
-722.3235
-723.0967
-722.3809
-722.3809
-721.9607
-722.6408
-722.6408
-721.63
-721.63
-721.3452
-722.1439
-722.0562
-720.9812
-720.0329
-720.4293
-720.4293
-721.4785
-721.4785
-721.7566
-721.7566
-722.692
-722.5964
-720.7893
-721.1167
-720.0945
-720.0945
-720.4455
-720.4455
-720.4455
-720.6804
-720.6804
-720.5743
-721.3235
-719.1886
-719.7021
-720.4463
-720.4463
-720.4463
-720.0358
-719.6319
-719.6319
-719.6319
-719.6319
-719.6319
-719.6319
-719.2146
-719.2146
-719.2146
-719.2146
-719.2146
-719.2146
-721.0735
-721.0735
-721.0735
-721.3916
-721.3916
-719.5631
-719.2774
-719.2774
-720.2455
-720.2455
-722.1757
-722.1757
-722.3922
-722.6078
-721.8044
-721.8044
-724.1395
-724.7581
-724.7581
-724.7581
-724.7581
-724.4177
-722.9266
-722.6145
-722.6145
-721.2522
-721.2522
-719.6685
-719.6685
-719.6685
-719.6685
-722.6744
-721.7951
-720.6535
-720.6535
-720.4573
-720.41
-720.41
-720.4539
-720.4539
-720.1221
-720.1221
-720.4786
-720.4786
-720.4786
-719.7959
-719.7959
-719.7959
-719.7959
-719.1899
-719.5504
-721.1249
-720.7787
-720.5281
-720.5281
-720.6167
-720.2548
-720.1407
-720.7433
-720.7433
-722.2367
-722.2367
-720.7405
-721.085
-720.9282
-720.9282
-720.8146
-720.5576
-721.454
-721.454
-720.7506
-719.8288
-719.8288
-720.9669
-721.231
-721.2836
-721.7454
-721.7454
-721.7454
-721.7454
-721.7454
-721.7454
-721.7454
-720.6098
-720.6098
-720.0243
-719.9975
-720.744
-724.8338
-725.9754
-726.0396
-726.0396
-724.446
-724.446
-720.7742
-720.2563
-719.8672
-719.3856
-719.8103
-720.4942
-720.4942
-719.8079
-719.2116
-719.2116
-719.2116
-719.8015
-719.8015
-720.3189
-720.3189
-719.7026
-719.7026
-719.7026
-719.7026
-720.1766
-719.9896
-719.9896
-719.4586
-719.4586
-720.3216
-721.5968
-721.9698
-721.9698
-720.5648
-720.5648
-720.2768
-720.2768
-720.8563
-722.0989
-720.7958
-720.7958
-722.1729
-720.87
-722.0477
-723.3409
-722.0523
-723.6363
-722.8122
-720.6853
-720.6853
-719.7034
-719.4122
-720.0748
-720.2452
-720.3845
-720.3845
-720.2875
-720.2875
-720.6839
-721.2848
-720.8621
-720.8621
-720.4425
-720.4425
-720.5373
-720.5373
-720.5373
-720.2609
-719.6999
-719.6999
-719.6999
-719.961
-721.0169
-721.2157
-721.2157
-720.7766
-720.7766
-720.7766
-719.4392
-719.379
-719.5937
-720.6329
-720.6329
-719.8533
-720.7798
-720.7798
-723.6402
-720.8995
-722.1546
-720.7627
-720.7627
-720.6618
-720.6618
-721.3226
-722.3346
-722.3346
-720.1804
-720.1804
-721.1453
-721.1453
-721.5573
-721.9558
-722.6207
-722.6207
-720.4466
-720.4466
-719.3301
-719.3301
-720.1248
-720.1248
-720.4894
-720.4894
-720.4894
-720.4894
-720.1693
-721.5481
-721.5481
-721.5481
-721.5212
-721.7676
-720.8085
-720.8085
-721.6685
-721.3993
-721.543
-720.8779
-720.8779
-719.8938
-719.321
-719.4303
-720.0298
-719.7134
-720.7428
-720.9495
-720.9495
-720.9495
-720.9495
-720.9495
-720.3553
-720.3553
-719.7071
-719.7071
-719.9078
-719.7791
-719.9995
-719.9995
-719.9995
-720.0027
-719.6126
-719.6126
-719.4284
-719.9369
-719.9369
-719.9369
-719.3495
-720.7862
-720.7862
-720.7862
-720.3457
-720.1093
-720.1572
-719.8025
-721.4474
-721.2559
-721.2559
-721.5732
-721.5732
-720.6622
-720.6622
-720.6622
-720.6622
-720.4631
-721.2165
-722.572
-725.9953
-722.0489
-722.583
-722.583
-719.5473
-719.5473
-721.3105
-720.6943
-720.6943
-720.7433
-720.7433
-719.7844
-719.7844
-720.9672
-720.6064
-720.3264
-720.3264
-719.7846
-719.7846
-723.0614
-720.5211
-720.7863
-721.9715
-721.392
-719.9545
-719.9545
-719.827
-719.5657
-719.4348
-719.4348
-719.4348
-719.4348
-719.4348
-719.4348
-719.4348
-719.7834
-719.7834
-719.7834
-719.7834
-719.6533
-720.2346
-719.91
-719.91
-720.4815
-722.4904
-722.4904
-720.7358
-720.3681
-722.0968
-721.2468
-721.2468
-721.4322
-720.1799
-719.7777
-719.7777
-720.6332
-720.8221
-720.8221
-720.8221
-721.8108
-720.1585
-720.1762
-719.8814
-721.231
-721.4689
-720.8207
-720.0758
-720.0758
-721.0483
-720.5802
-720.5802
-721.1032
-721.1032
-721.6887
-722.9352
-722.3445
-721.8715
-719.431
-719.5976
-719.3307
-719.3307
-719.7098
-719.7098
-719.6877
-719.908
-719.5333
-719.7999
-719.7999
-719.5615
-719.5615
-719.8655
-719.9062
-719.442
-720.7566
-719.566
-720.8528
-722.0505
-720.9035
-720.9035
-720.9035
-719.4702
-719.4702
-719.4702
-719.4702
-719.4702
-719.4702
-719.4702
-719.4702
-719.4702
-719.2878
-719.2878
-719.7699
-719.6562
-719.6562
-719.3426
-721.1872
-720.8039
-719.3511
-719.3511
-719.3511
-720.0534
-720.2584
-720.8064
-721.4894
-721.4894
-721.4894
-721.002
-721.002
-721.002
-720.6923
-720.0767
-719.9384
-719.9384
-720.785
-720.6243
-720.8531
-720.8531
-720.9542
-720.9832
-721.0146
-721.0225
-720.528
-720.528
-720.2291
-720.2291
-719.6041
-721.1581
-720.6927
-721.1355
-721.1402
-721.1402
-720.0119
-720.0119
-719.8045
-719.8045
-719.8045
-719.8045
-719.8045
-719.8045
-719.8045
-719.8045
-719.5078
-719.5078
-719.5078
-719.5078
-719.2096
-719.2096
-719.2096
-719.2096
-719.2096
-719.2096
-719.4714
-719.6996
-721.7987
-720.7794
-720.0209
-721.4423
-721.4423
-720.0647
-719.7265
-719.7265
-721.0593
-721.0563
-720.9407
-719.6776
-719.816
-719.816
-719.816
-721.3413
-720.8507
-720.8507
-721.2328
-720.7833
-720.842
-720.6654
-720.6654
-720.4423
-720.4423
-720.4423
-720.4654
-719.7413
-719.7413
-720.1914
-720.1914
-720.1222
-720.1222
-720.384
-723.704
-721.5369
-720.0577
-719.6121
-720.3212
-720.3053
-720.3053
-719.6312
-719.6312
-719.8554
-718.9729
-718.9729
-720.048
-720.048
-720.4979
-720.4979
-719.6293
-719.6293
-719.9003
-719.9003
-719.9003
-719.9003
-719.8306
-719.8304
-719.8304
-720.2017
-722.4221
-722.6181
-722.733
-721.8216
-725.2896
-722.9751
-722.0877
-721.9515
-721.3622
-722.0014
-721.0986
-721.4404
-721.5311
-723.0542
-720.5912
-720.1421
-720.5064
-720.1156
-719.7521
-719.7521
-719.7521
-720.1185
-721.4898
-721.213
-721.213
-720.6156
-719.8713
-720.8516
-720.8485
-720.7833
-720.4225
-720.2999
-720.2999
-720.2999
-720.2999
-720.2999
-720.2999
-719.4169
-720.1833
-720.3042
-720.3042
-719.83
-720.0788
-719.9714
-719.9714
-720.1413
-720.8801
-720.8801
-722.5151
-722.5151
-722.0495
-722.907
-722.0133
-721.8381
-721.238
-721.3287
-722.4551
-721.4617
-722.1644
-722.1644
-722.4317
-723.5261
-722.0991
-722.0991
-722.4619
-721.8583
-721.8846
-721.936
-721.5018
-719.5226
-719.3906
-719.9774
-719.9774
-721.0704
-721.0704
-721.6853
-719.8541
-719.8541
-720.478
-721.4731
-721.4731
-720.6838
-720.8962
-720.0615
-720.0615
-720.0615
-720.2713
-720.2713
-719.7763
-719.7763
-719.7763
-719.7763
-720.6602
-719.6295
-719.6295
-720.2999
-719.8132
-721.2455
-721.0517
-720.7942
-721.5409
-720.2528
-719.854
-720.1183
-720.5356
-720.5356
-720.5356
-720.5356
-719.5363
-719.5363
-719.5363
-719.5363
-721.1236
-719.6008
-719.6008
-719.6008
-719.6008
-719.6008
-719.6008
-719.6008
-719.6008
-719.6008
-719.6008
-719.6008
-719.6008
-719.6008
-719.6008
-719.6008
-719.6008
-719.6008
-719.6008
-719.6008
-719.6008
-719.6008
-719.3389
-719.5208
-719.5208
-719.5208
-720.7394
-719.8569
-720.7534
-720.4069
-722.1915
-722.1915
-722.1915
-722.1915
-721.3617
-719.9402
-721.5911
-720.8335
-720.1285
-720.1123
-719.7759
-720.2554
-719.2367
-719.2367
-719.2367
-719.5295
-719.1905
-719.6648
-719.6648
-720.6842
-721.1863
-719.3283
-720.0465
-720.0136
-720.7213
-719.65
-719.8388
-719.8388
-720.7874
-720.7874
-720.3847
-720.0871
-720.0871
-720.0871
-720.2822
-720.0978
-721.1168
-720.8247
-720.7443
-720.7443
-719.9909
-721.2124
-719.7653
-719.7459
-719.7286
-719.4585
-719.4585
-719.711
-719.9523
-720.8095
-720.8095
-721.384
-720.9775
-720.8122
-721.254
-721.254
-720.8773
-720.7635
-720.0701
-720.0701
-720.0701
-720.5465
-720.5465
-719.5793
-719.8564
-720.6205
-720.6205
-720.4318
-719.5624
-720.6271
-721.2312
-720.4802
-720.4802
-720.4802
-720.3597
-721.0198
-721.0198
-719.7944
-719.657
-719.7491
-719.7491
-719.7491
-719.8888
-719.608
-719.7752
-720.3851
-720.0046
-720.0682
-719.6167
-719.9558
-719.9558
-719.7525
-719.7525
-719.0931
-719.0931
-720.1401
-720.1401
-722.0513
-722.0587
-721.9472
-721.9472
-721.1976
-721.1976
-721.1976
-720.2155
-722.13
-723.0235
-720.4864
-720.4864
-720.0339
-721.2037
-719.3061
-720.0489
-720.0489
-720.0489
-720.3861
-719.8475
-719.8475
-719.8475
-719.8475
-719.3725
-719.3725
-719.3725
-719.3725
-719.3725
-719.3725
-719.3725
-719.3725
-719.3725
-719.3725
-719.6394
-719.6394
-720.2093
-720.6367
-720.6367
-720.6367
-720.0362
-720.0362
-720.0362
-719.9356
-719.9356
-719.904
-719.8825
-721.5309
-719.5245
-719.5245
-720.091
-720.2784
-720.4595
-719.6616
-720.8079
-722.3572
-721.3892
-720.4145
-720.4145
-720.4145
-720.7615
-720.7615
-719.5056
-719.3607
-719.8501
-719.4454
-719.1201
-719.8051
-720.57
-720.0383
-720.0383
-720.0383
-720.9124
-720.807
-720.807
-720.7792
-720.7792
-721.7179
-720.6278
-719.6358
-719.6358
-719.6358
-719.6358
-720.3089
-720.163
-720.4556
-721.1297
-720.4683
-720.4145
-720.4145
-720.4145
-720.6236
-721.5956
-721.3459
-721.3459
-721.3459
-723.4685
-723.4685
-723.315
-723.315
-723.315
-723.315
-722.1432
-722.1432
-722.1432
-723.1735
-720.2475
-721.6901
-720.7906
-720.7906
-721.1928
-721.3804
-720.1453
-721.2959
-720.323
-720.1285
-719.4771
-719.5716
-719.5716
-719.5716
-721.6561
-721.6561
-721.6561
-720.7473
-720.7473
-719.8111
-719.8111
-719.8111
-719.7913
-720.3041
-720.0732
-720.0732
-720.8249
-722.2474
-721.4268
-725.7945
-725.2856
-724.1703
-723.5877
-719.7032
-719.6894
-719.6066
-719.8336
-720.0927
-720.0927
-719.7273
-719.4926
-719.4926
-719.5137
-719.9133
-719.9133
-719.9974
-722.3407
-721.6578
-721.6578
-721.6578
-721.567
-721.567
-721.4828
-722.5569
-721.0788
-719.5779
-720.3007
-720.5537
-720.5537
-719.9822
-720.0232
-720.0232
-721.019
-721.0046
-720.6469
-719.8114
-719.8114
-719.8405
-719.9858
-719.9858
-719.9858
-719.9893
-719.7703
-720.0957
-719.8696
-719.8696
-719.8696
-721.2222
-722.6251
-722.0391
-721.3959
-721.3959
-721.3959
-719.7271
-720.2456
-721.7314
-719.38
-719.38
-719.38
-719.38
-719.38
-719.38
-719.38
-719.38
-719.38
-719.38
-723.0134
-721.2487
-721.1814
-720.3358
-722.5484
-720.6762
-720.934
-720.9478
-720.3001
-723.8045
-719.4646
-719.4646
-719.4646
-719.4646
-719.4646
-719.4646
-719.4646
-719.5193
-719.5193
-719.5193
-720.5943
-720.2578
-721.5393
-721.5393
-719.7062
-719.7062
-719.2423
-720.1938
-721.6786
-721.6786
-721.6786
-721.6786
-722.4352
-720.6448
-720.6448
-720.6448
-720.6448
-720.348
-720.0752
-719.5567
-719.5567
-719.5567
-719.3108
-719.3108
-719.3108
-720.5552
-720.5552
-720.1426
-719.869
-719.869
-721.103
-721.103
-720.2468
-720.2468
-720.6175
-721.7837
-721.0307
-720.1399
-719.4679
-719.8063
-720.1346
-720.9242
-719.7926
-719.7926
-720.7055
-720.7055
-720.7055
-722.3575
-722.3575
-722.023
-721.2919
-720.6085
-721.5709
-721.5709
-721.5171
-721.5299
-720.2412
-720.2412
-719.7353
-719.7353
-719.7353
-720.1682
-720.1333
-721.3652
-721.3651
-721.2295
-721.2295
-719.3939
-719.867
-719.5993
-719.5993
-719.5993
-720.186
