0.266817 -0.209697 0.224398 -0.425653 0.401657
0.000716 -0.388964 -0.212853 -0.424663 0.2768
-0.074639 -0.496397 -0.206383 -0.238517 0.247872
-0.074639 -0.496397 -0.206383 -0.238517 0.247872
-0.074639 -0.496397 -0.206383 -0.238517 0.247872
0.019795 -0.438526 -0.17112 -0.332543 0.202892
0.019795 -0.438526 -0.17112 -0.332543 0.202892
0.019795 -0.438526 -0.17112 -0.332543 0.202892
0.112982 -0.359937 -0.091389 -0.391533 -0.061663
0.173234 -0.218337 -0.002277 -0.455616 -0.256932
0.173234 -0.218337 -0.002277 -0.455616 -0.256932
0.193714 -0.183581 0.029443 -0.178219 -0.149281
0.087518 -0.354911 -0.085083 -0.123439 0.177485
0.173138 -0.2696 0.014298 0.083107 0.189715
0.173649 -0.233497 0.034119 0.167038 0.216703
0.195458 -0.208144 0.021275 0.104162 0.192632
0.198377 -0.150359 0.059456 0.14085 0.182564
0.197218 -0.106556 0.048642 0.077723 0.151602
0.078347 -0.238262 -0.049193 -0.09455 0.112358
0.112876 -0.207289 -0.035308 -0.067524 0.159868
0.165063 -0.173026 0.020823 0.004565 0.102325
0.166646 -0.236201 0.046783 0.182139 0.19245
0.166646 -0.236201 0.046783 0.182139 0.19245
0.23909 -0.166966 0.01177 -0.083347 0.142396
0.240983 -0.139235 0.002393 -0.077534 0.127001
0.165388 -0.192791 0.011335 -0.093254 -0.061663
0.218443 -0.161528 0.012485 -0.257875 -0.160578
0.218443 -0.161528 0.012485 -0.257875 -0.160578
0.182043 -0.240867 -0.02114 -0.102655 0.155171
0.19197 -0.218988 -0.021751 -0.109679 0.117305
0.173537 -0.224189 0.006328 0.113076 0.206089
0.173537 -0.224189 0.006328 0.113076 0.206089
0.059151 -0.443339 -0.119655 -0.079628 0.251697
0.108494 -0.333472 -0.098365 -0.372675 0.065578
0.108494 -0.333472 -0.098365 -0.372675 0.065578
0.148533 -0.288819 -0.038576 -0.115877 0.101695
0.148533 -0.288819 -0.038576 -0.115877 0.101695
0.148533 -0.288819 -0.038576 -0.115877 0.101695
0.218694 -0.178575 0.034913 -0.332005 -0.253833
0.218694 -0.178575 0.034913 -0.332005 -0.253833
0.218694 -0.178575 0.034913 -0.332005 -0.253833
0.218694 -0.178575 0.034913 -0.332005 -0.253833
0.218694 -0.178575 0.034913 -0.332005 -0.253833
0.218694 -0.178575 0.034913 -0.332005 -0.253833
0.25719 -0.127689 0.053004 -0.447496 -0.334267
0.25719 -0.127689 0.053004 -0.447496 -0.334267
0.25719 -0.127689 0.053004 -0.447496 -0.334267
0.198404 -0.112433 0.076251 -0.297216 -0.280379
0.239864 -0.067502 0.1232 -0.021716 -0.149241
0.239864 -0.067502 0.1232 -0.021716 -0.149241
0.239864 -0.067502 0.1232 -0.021716 -0.149241
0.2796 -0.096006 0.135789 0.176628 0.002582
0.2796 -0.096006 0.135789 0.176628 0.002582
0.2796 -0.096006 0.135789 0.176628 0.002582
0.252266 -0.095623 0.096898 0.1954 0.227078
0.252266 -0.095623 0.096898 0.1954 0.227078
0.252266 -0.095623 0.096898 0.1954 0.227078
0.24274 -0.109027 0.076624 0.190553 0.207562
0.24274 -0.109027 0.076624 0.190553 0.207562
0.276024 -0.081191 0.122674 0.013431 -0.073632
0.227097 -0.158648 0.064526 -0.101687 -0.107053
0.170247 -0.113362 0.046064 -0.009108 0.023113
0.189291 -0.191847 0.001432 0.010808 0.242936
0.171446 -0.27987 -0.03766 -0.153344 0.192701
0.115806 -0.213378 -0.049872 -0.276879 0.061376
0.187658 -0.087798 0.042968 -0.078265 0.01667
0.239613 0.019719 0.126411 -0.046637 -0.157131
0.239613 0.019719 0.126411 -0.046637 -0.157131
0.345115 -0.01225 0.219921 0.22222 -0.080414
0.345115 -0.01225 0.219921 0.22222 -0.080414
0.359854 0.021725 0.241382 0.313303 -0.009111
0.279932 -0.135275 0.070133 0.025015 0.128441
0.25888 -0.128529 0.071837 0.137817 0.201433
0.200879 -0.186327 0.041123 -0.107488 -0.041269
0.239472 -0.198076 0.113859 0.323937 0.171007
0.201952 -0.138509 0.08885 0.04612 -0.011139
0.201952 -0.138509 0.08885 0.04612 -0.011139
0.201952 -0.138509 0.08885 0.04612 -0.011139
0.148045 -0.244267 0.045083 0.157692 0.173061
0.122886 -0.311439 0.012373 0.194316 0.218309
0.166987 -0.246746 0.027978 -0.13263 -0.096907
0.084435 -0.300719 -0.037881 -0.128795 0.061528
0.084435 -0.300719 -0.037881 -0.128795 0.061528
0.141245 -0.392323 -0.06305 -0.234978 -0.016415
0.141245 -0.392323 -0.06305 -0.234978 -0.016415
0.084871 -0.401183 -0.133933 -0.248794 0.088811
0.172816 -0.267607 -0.094856 -0.595455 -0.052632
0.172816 -0.267607 -0.094856 -0.595455 -0.052632
0.172816 -0.267607 -0.094856 -0.595455 -0.052632
0.172816 -0.267607 -0.094856 -0.595455 -0.052632
0.172816 -0.267607 -0.094856 -0.595455 -0.052632
0.172816 -0.267607 -0.094856 -0.595455 -0.052632
0.172816 -0.267607 -0.094856 -0.595455 -0.052632
0.172816 -0.267607 -0.094856 -0.595455 -0.052632
0.172816 -0.267607 -0.094856 -0.595455 -0.052632
0.172816 -0.267607 -0.094856 -0.595455 -0.052632
0.140625 -0.191445 -0.025381 -0.186179 0.087773
0.140625 -0.191445 -0.025381 -0.186179 0.087773
0.056826 -0.377123 -0.129043 -0.452873 0.004024
0.127889 -0.239968 0.018192 -0.065909 -0.098209
0.127889 -0.239968 0.018192 -0.065909 -0.098209
0.071215 -0.324427 -0.038589 -0.08087 0.072124
0.090027 -0.320267 -0.081229 -0.119944 0.215986
0.07401 -0.301105 -0.035462 -0.247601 -0.078461
0.07401 -0.301105 -0.035462 -0.247601 -0.078461
0.229368 -0.251864 0.029236 -0.090579 0.020204
0.303858 -0.139584 0.099405 0.038062 0.014529
0.253088 -0.278234 0.06224 0.096236 0.112875
0.189469 -0.306152 -0.0059 0.011583 0.127983
0.189469 -0.306152 -0.0059 0.011583 0.127983
0.258052 -0.131427 0.098153 0.059419 0.038903
0.258052 -0.131427 0.098153 0.059419 0.038903
0.279549 -0.04321 0.156888 0.047734 -0.096763
0.223614 -0.221317 0.063055 0.176086 0.178991
0.223614 -0.221317 0.063055 0.176086 0.178991
0.275617 -0.137993 0.082507 0.172074 0.191878
0.275617 -0.137993 0.082507 0.172074 0.191878
0.275617 -0.137993 0.082507 0.172074 0.191878
0.299434 -0.137822 0.143164 0.333728 0.137986
0.256268 -0.157168 0.12221 0.393271 0.130098
0.189224 -0.176724 0.080166 0.064808 0.012243
0.22304 -0.127571 0.10097 0.054465 -0.031874
0.102015 -0.18772 -0.043379 -0.211704 0.140788
0.170679 -0.122332 0.050416 0.027951 0.094059
0.164612 -0.108245 0.047405 0.085512 0.12776
-0.040763 -0.315644 -0.14778 -0.27391 0.257018
-0.003889 -0.265507 -0.108714 -0.006477 0.430196
0.034206 -0.197396 -0.036375 0.196045 0.398576
0.088169 -0.12646 0.030147 0.229218 0.190769
0.088169 -0.12646 0.030147 0.229218 0.190769
0.2162 -0.057145 0.144768 0.28237 -0.02594
0.177939 -0.109284 0.072202 0.06483 -0.125618
0.273753 -0.07895 0.038702 -0.053907 0.112967
0.273753 -0.07895 0.038702 -0.053907 0.112967
0.273753 -0.07895 0.038702 -0.053907 0.112967
0.222389 -0.175768 -4.6e-05 0.012757 0.162872
0.236551 -0.187479 -0.005078 -0.310044 0.014553
0.244415 -0.113914 0.049999 -0.433797 -0.218536
0.244415 -0.113914 0.049999 -0.433797 -0.218536
0.244415 -0.113914 0.049999 -0.433797 -0.218536
0.254106 -0.157381 0.052891 -0.191631 -0.031896
0.293396 -0.129363 0.080764 -0.108476 -0.044767
0.186651 -0.216046 0.021647 -0.231051 -0.079472
0.216841 -0.112776 0.126579 0.120476 0.012009
0.181999 -0.148223 0.101157 0.093653 -0.050145
0.305937 -0.120017 0.11535 -0.149725 -0.278469
0.305937 -0.120017 0.11535 -0.149725 -0.278469
0.305937 -0.120017 0.11535 -0.149725 -0.278469
0.305937 -0.120017 0.11535 -0.149725 -0.278469
0.305937 -0.120017 0.11535 -0.149725 -0.278469
0.305937 -0.120017 0.11535 -0.149725 -0.278469
0.226716 -0.173983 0.06287 -0.154433 -0.227175
0.289545 -0.184461 0.066919 0.104169 0.232307
0.238131 -0.09518 0.059094 0.10927 0.253039
0.224803 -0.12356 0.011527 0.084913 0.301384
0.224803 -0.12356 0.011527 0.084913 0.301384
0.224803 -0.12356 0.011527 0.084913 0.301384
0.292897 -0.055062 0.03249 -0.15441 0.092694
0.210262 -0.212655 0.03442 -0.041799 0.066268
0.210262 -0.212655 0.03442 -0.041799 0.066268
0.153773 -0.200846 0.029645 -0.065256 -0.024037
0.153773 -0.200846 0.029645 -0.065256 -0.024037
0.124064 -0.235065 -0.032284 -0.296115 -0.027703
0.05211 -0.256028 -0.042041 -0.145131 0.01505
0.072388 -0.294845 -0.08273 -0.23156 0.100352
0.072388 -0.294845 -0.08273 -0.23156 0.100352
0.284462 -0.099011 0.092622 -0.141884 -0.146083
0.233534 -0.115985 0.056056 -0.156019 -0.060764
0.233534 -0.115985 0.056056 -0.156019 -0.060764
0.233534 -0.115985 0.056056 -0.156019 -0.060764
0.202628 -0.155329 -0.028465 -0.143965 0.129097
0.214739 -0.157712 -0.011075 -0.333466 -0.141097
0.214739 -0.157712 -0.011075 -0.333466 -0.141097
0.188539 -0.123602 -0.006999 -0.411669 -0.252325
0.251652 -0.033896 0.067956 -0.093742 -0.078407
0.251652 -0.033896 0.067956 -0.093742 -0.078407
0.251652 -0.033896 0.067956 -0.093742 -0.078407
0.202211 -0.146652 0.013747 -0.32833 -0.202721
0.202211 -0.146652 0.013747 -0.32833 -0.202721
0.202211 -0.146652 0.013747 -0.32833 -0.202721
0.202211 -0.146652 0.013747 -0.32833 -0.202721
0.129061 -0.19469 -0.033407 -0.247464 -0.069363
0.129061 -0.19469 -0.033407 -0.247464 -0.069363
0.159293 -0.197723 -0.017195 0.013846 -0.005887
-0.0126 -0.404713 -0.117975 -0.126938 0.07688
-0.013165 -0.462306 -0.120534 0.025262 0.265117
0.029115 -0.329089 -0.098731 0.113196 0.33516
0.257516 -0.070172 0.012839 -0.193403 0.061819
0.134038 -0.227988 0.011574 0.001418 0.192675
0.130368 -0.269076 0.021218 -0.124227 -0.05877
0.149919 -0.253759 -0.047449 -0.232506 0.089262
0.149919 -0.253759 -0.047449 -0.232506 0.089262
0.24954 -0.076649 0.004998 -0.411944 -0.133194
0.24954 -0.076649 0.004998 -0.411944 -0.133194
0.24954 -0.076649 0.004998 -0.411944 -0.133194
0.24954 -0.076649 0.004998 -0.411944 -0.133194
0.24954 -0.076649 0.004998 -0.411944 -0.133194
0.24954 -0.076649 0.004998 -0.411944 -0.133194
0.24954 -0.076649 0.004998 -0.411944 -0.133194
0.184964 -0.170068 0.009063 0.010362 0.201152
0.184964 -0.170068 0.009063 0.010362 0.201152
0.228652 -0.163385 0.029836 0.142855 0.271738
0.286516 -0.15016 0.049537 -0.177989 -0.042657
0.273706 -0.08326 0.046499 -0.297791 -0.162059
0.232683 -0.111022 0.029976 -0.474712 -0.342693
0.232683 -0.111022 0.029976 -0.474712 -0.342693
0.232683 -0.111022 0.029976 -0.474712 -0.342693
0.232683 -0.111022 0.029976 -0.474712 -0.342693
0.232683 -0.111022 0.029976 -0.474712 -0.342693
0.165657 -0.262304 -0.017978 -0.434124 -0.199498
0.165657 -0.262304 -0.017978 -0.434124 -0.199498
0.165657 -0.262304 -0.017978 -0.434124 -0.199498
0.165657 -0.262304 -0.017978 -0.434124 -0.199498
0.165657 -0.262304 -0.017978 -0.434124 -0.199498
0.165657 -0.262304 -0.017978 -0.434124 -0.199498
0.1676 -0.281792 -0.039182 -0.503602 -0.17681
0.1676 -0.281792 -0.039182 -0.503602 -0.17681
0.205497 -0.093906 0.043253 -0.067029 0.166387
0.212213 -0.121159 0.097397 0.222625 0.353386
0.166579 -0.092575 0.043273 0.14782 0.36493
0.088226 -0.148603 -0.05135 -0.109667 0.309655
0.088226 -0.148603 -0.05135 -0.109667 0.309655
0.166358 -0.168141 -0.009118 -0.176086 0.144274
0.2021 -0.080991 0.046749 -0.195999 -0.059554
0.254708 -0.091265 0.089907 -0.149051 -0.128503
0.254708 -0.091265 0.089907 -0.149051 -0.128503
0.217398 -0.017613 0.038392 -0.364956 -0.249524
0.274699 -0.03023 0.049649 -0.381822 -0.3455
0.274699 -0.03023 0.049649 -0.381822 -0.3455
0.274699 -0.03023 0.049649 -0.381822 -0.3455
0.274699 -0.03023 0.049649 -0.381822 -0.3455
0.274699 -0.03023 0.049649 -0.381822 -0.3455
0.310528 -0.011456 0.104649 -0.176362 -0.245953
0.218875 -0.066381 0.048947 -0.067015 0.04107
0.224408 -0.110819 0.01169 -0.046335 0.135391
0.17131 -0.088238 0.038293 0.115976 0.200861
0.17131 -0.088238 0.038293 0.115976 0.200861
0.17131 -0.088238 0.038293 0.115976 0.200861
0.17131 -0.088238 0.038293 0.115976 0.200861
0.250468 -0.115739 0.083148 -0.102655 -0.105683
0.250468 -0.115739 0.083148 -0.102655 -0.105683
0.269653 -0.08186 0.080656 -0.120324 -0.037793
0.134218 -0.210547 0.016197 -0.112959 -0.136521
0.107388 -0.271783 -0.061391 -0.506053 -0.222833
0.107388 -0.271783 -0.061391 -0.506053 -0.222833
0.107388 -0.271783 -0.061391 -0.506053 -0.222833
0.068042 -0.368809 -0.139057 -0.508233 -0.058946
0.068042 -0.368809 -0.139057 -0.508233 -0.058946
0.068042 -0.368809 -0.139057 -0.508233 -0.058946
-0.009168 -0.338398 -0.114146 -0.363828 -0.046622
-0.012429 -0.348341 -0.103428 -0.13274 0.124204
-0.024006 -0.425458 -0.153416 -0.041376 0.389085
-0.024006 -0.425458 -0.153416 -0.041376 0.389085
0.258702 -0.119314 0.135527 0.262 0.055603
0.258702 -0.119314 0.135527 0.262 0.055603
0.196416 -0.117159 0.003876 -0.136001 0.044577
0.196416 -0.117159 0.003876 -0.136001 0.044577
0.12166 -0.223704 -0.054789 -0.052209 0.183608
0.092255 -0.273273 -0.06517 -0.131087 0.202264
0.092255 -0.273273 -0.06517 -0.131087 0.202264
0.173737 -0.210189 -0.018126 0.057507 0.356146
0.196469 -0.275326 -0.021496 0.056119 0.332046
0.196469 -0.275326 -0.021496 0.056119 0.332046
0.200988 -0.194853 -0.008831 -0.178338 0.159386
0.143812 -0.305259 -0.069666 -0.344429 0.109322
0.095404 -0.305688 -0.015638 -0.047757 0.036129
0.095387 -0.290492 -0.028598 -0.039275 0.143759
0.155108 -0.191899 0.024155 -0.15021 -0.04116
0.13992 -0.197616 0.012259 -0.012421 0.032931
0.13992 -0.197616 0.012259 -0.012421 0.032931
0.139571 -0.127813 0.042165 -0.153949 -0.086909
0.047153 -0.400281 -0.12263 -0.351106 0.103608
0.047153 -0.400281 -0.12263 -0.351106 0.103608
0.121631 -0.361362 -0.086735 -0.365858 0.031395
0.075043 -0.529969 -0.063638 -0.077459 0.04327
0.05854 -0.400678 -0.090969 -0.390569 -0.067082
0.05428 -0.397444 -0.062665 -0.149837 0.083121
0.196558 -0.167314 -0.011474 -0.056497 0.213877
0.194164 -0.218121 -0.05619 -0.247969 0.21859
0.194164 -0.218121 -0.05619 -0.247969 0.21859
0.175118 -0.154928 0.085861 0.429669 0.381192
0.175118 -0.154928 0.085861 0.429669 0.381192
0.107479 -0.22099 0.043783 0.287236 0.303614
0.328089 0.048536 0.189472 -0.149973 -0.373687
0.328089 0.048536 0.189472 -0.149973 -0.373687
0.328089 0.048536 0.189472 -0.149973 -0.373687
0.328089 0.048536 0.189472 -0.149973 -0.373687
0.125995 -0.226545 0.022874 -0.186161 -0.274939
0.200913 -0.130775 0.04698 -0.294106 -0.340416
0.200913 -0.130775 0.04698 -0.294106 -0.340416
0.207971 -0.020254 0.101216 -0.197801 -0.321922
0.186985 -0.090281 0.059945 -0.205276 -0.258918
0.256888 -0.019822 0.104767 0.007265 -0.022449
0.256888 -0.019822 0.104767 0.007265 -0.022449
0.256888 -0.019822 0.104767 0.007265 -0.022449
0.256888 -0.019822 0.104767 0.007265 -0.022449
0.256888 -0.019822 0.104767 0.007265 -0.022449
0.273339 -0.042364 0.116702 0.182399 0.051288
0.273339 -0.042364 0.116702 0.182399 0.051288
0.309077 0.011832 0.174624 0.189332 -0.094064
0.185541 -0.23817 0.018299 -0.047245 -0.010614
0.238888 -0.200227 0.050362 0.059027 0.131845
0.189258 -0.245544 0.028584 -0.09157 0.013058
0.254166 -0.140826 0.077823 -0.102051 -0.15771
0.211834 -0.109409 0.040854 -0.006249 0.011451
0.211834 -0.109409 0.040854 -0.006249 0.011451
0.165441 -0.141342 0.021259 -0.036647 0.079802
0.268358 -0.088039 0.087228 -0.083036 -0.057454
0.102913 -0.229296 -0.040699 -0.110969 0.135611
0.099004 -0.157615 -0.013233 -0.035226 0.167238
0.213332 -0.02495 0.123017 0.124841 -0.033248
0.203554 -0.107205 0.117855 0.351252 0.146863
0.203554 -0.107205 0.117855 0.351252 0.146863
0.235453 -0.104294 0.097508 0.329031 0.212157
0.110027 -0.183262 0.018196 0.130155 0.103657
0.110027 -0.183262 0.018196 0.130155 0.103657
0.108946 -0.201427 -0.016917 -0.013096 0.144977
0.108946 -0.201427 -0.016917 -0.013096 0.144977
0.168389 -0.179131 0.077775 0.082061 0.030348
0.189978 -0.162705 -0.041777 -0.339095 0.073296
0.189978 -0.162705 -0.041777 -0.339095 0.073296
0.189978 -0.162705 -0.041777 -0.339095 0.073296
0.189978 -0.162705 -0.041777 -0.339095 0.073296
0.251262 -0.230203 0.074367 0.218383 0.096904
0.317601 -0.187055 0.143605 0.183631 -0.016307
0.253027 -0.25847 0.068586 0.027527 -0.01167
0.127343 -0.368555 -0.049547 -0.019234 0.138719
0.127343 -0.368555 -0.049547 -0.019234 0.138719
0.104073 -0.296743 0.006542 0.013315 -0.046007
0.104073 -0.296743 0.006542 0.013315 -0.046007
0.104073 -0.296743 0.006542 0.013315 -0.046007
0.104073 -0.296743 0.006542 0.013315 -0.046007
0.190372 -0.116251 0.108637 -0.00452 -0.275182
0.287572 -0.066279 0.147445 -0.025819 -0.245429
0.237776 -0.218705 0.062903 0.225263 0.24104
0.059961 -0.204203 -0.073082 -0.13759 0.226838
0.056537 -0.24679 -0.097628 -0.298836 0.083009
0.056537 -0.24679 -0.097628 -0.298836 0.083009
0.056537 -0.24679 -0.097628 -0.298836 0.083009
0.073069 -0.32147 -0.074919 -0.069636 0.201097
0.073069 -0.32147 -0.074919 -0.069636 0.201097
0.243011 -0.103331 0.032882 -0.263505 0.001335
0.243011 -0.103331 0.032882 -0.263505 0.001335
0.129671 -0.156813 0.024615 -0.513581 -0.403354
0.129671 -0.156813 0.024615 -0.513581 -0.403354
0.129671 -0.156813 0.024615 -0.513581 -0.403354
0.129671 -0.156813 0.024615 -0.513581 -0.403354
0.129671 -0.156813 0.024615 -0.513581 -0.403354
0.288934 0.009326 0.10197 -0.046167 0.022453
0.229264 -0.181168 0.094128 0.079971 -0.035567
0.223599 -0.088479 0.135222 0.112324 -0.092085
0.223599 -0.088479 0.135222 0.112324 -0.092085
0.260101 -0.068113 0.139439 0.103944 -0.05518
0.260101 -0.068113 0.139439 0.103944 -0.05518
0.132871 -0.253295 0.044992 0.038859 0.123983
0.123626 -0.225555 0.022446 0.114074 0.266537
0.256322 -0.153585 0.033373 -0.098617 0.074822
0.256322 -0.153585 0.033373 -0.098617 0.074822
0.269615 -0.108978 0.057458 -0.188685 -0.009826
0.148594 -0.234296 -0.033723 -0.315652 0.047034
0.246572 -0.219418 0.071203 0.030477 0.094055
0.212412 -0.202179 0.073144 0.161629 0.078542
0.212412 -0.202179 0.073144 0.161629 0.078542
0.210795 -0.298517 0.041211 0.276769 0.233432
0.195944 -0.228424 0.059132 -0.071338 -0.168416
0.173798 -0.155419 0.097124 0.106901 -0.151106
0.178979 -0.207828 0.106835 0.133614 -0.180822
0.214442 -0.285297 0.038526 0.012051 -0.070941
0.293354 -0.125129 0.142187 -0.054054 -0.323375
0.253718 -0.25226 0.061044 -0.020851 -0.081033
0.242685 -0.099852 0.051233 -0.295257 -0.189259
0.242685 -0.099852 0.051233 -0.295257 -0.189259
0.242685 -0.099852 0.051233 -0.295257 -0.189259
0.242685 -0.099852 0.051233 -0.295257 -0.189259
0.242685 -0.099852 0.051233 -0.295257 -0.189259
0.105649 -0.17444 0.024342 -0.076234 -0.028243
0.08386 -0.130696 0.039538 -0.117238 -0.157147
0.11579 -0.070106 0.045467 0.065194 0.04235
0.131516 -0.047609 0.017126 -0.157432 -0.091763
0.181372 -0.035623 0.016358 -0.179143 -0.071837
0.238745 -0.115957 0.050449 -0.067219 -0.026418
0.238745 -0.115957 0.050449 -0.067219 -0.026418
0.213999 -0.108319 0.004045 -0.251356 0.024178
0.284363 0.031355 0.082308 -0.276233 -0.123337
0.285222 0.05228 0.138366 -0.007967 -0.067512
0.227498 -0.073293 0.034812 -0.365975 -0.201102
0.227498 -0.073293 0.034812 -0.365975 -0.201102
0.227498 -0.073293 0.034812 -0.365975 -0.201102
0.227498 -0.073293 0.034812 -0.365975 -0.201102
0.190198 -0.146927 -0.012977 -0.143001 0.129643
0.133087 -0.224319 -0.040421 0.032107 0.295662
0.133087 -0.224319 -0.040421 0.032107 0.295662
0.08516 -0.30382 -0.100546 -0.239529 0.116063
0.208797 -0.177615 0.039842 -0.262287 -0.150625
0.208797 -0.177615 0.039842 -0.262287 -0.150625
0.208797 -0.177615 0.039842 -0.262287 -0.150625
0.16617 -0.119546 0.027323 -0.342489 -0.220475
0.16617 -0.119546 0.027323 -0.342489 -0.220475
0.16617 -0.119546 0.027323 -0.342489 -0.220475
0.16617 -0.119546 0.027323 -0.342489 -0.220475
0.146366 -0.158372 -0.041494 -0.430545 -0.073211
0.059115 -0.290301 -0.055612 -0.025001 0.145797
0.059115 -0.290301 -0.055612 -0.025001 0.145797
0.131845 -0.180038 0.011137 -0.155165 -0.074352
0.226306 -0.233291 0.075917 0.128847 0.102825
0.04421 -0.480757 -0.104125 -0.01069 0.358585
0.09113 -0.367267 -0.017663 0.034058 0.222241
0.09113 -0.367267 -0.017663 0.034058 0.222241
0.062728 -0.409402 -0.027846 0.165876 0.258414
0.062728 -0.409402 -0.027846 0.165876 0.258414
0.062728 -0.409402 -0.027846 0.165876 0.258414
0.053286 -0.396768 -0.002541 0.354027 0.219076
0.076907 -0.438683 -0.007208 0.270414 0.21746
0.255619 -0.220379 0.09797 -0.003127 -0.135486
0.240462 -0.119806 0.106384 -0.180066 -0.276188
0.130684 -0.220447 -0.007091 0.001127 0.073199
0.236158 -0.164483 -0.004597 -0.234371 -0.013148
0.150792 -0.222876 -0.073471 -0.285361 0.074961
0.150792 -0.222876 -0.073471 -0.285361 0.074961
0.150792 -0.222876 -0.073471 -0.285361 0.074961
0.094972 -0.257494 -0.068056 -0.04013 0.284628
0.094972 -0.257494 -0.068056 -0.04013 0.284628
0.051913 -0.255415 -0.053869 0.136494 0.252994
0.051913 -0.255415 -0.053869 0.136494 0.252994
0.138748 -0.123464 -0.029851 -0.30541 -0.124271
-0.022956 -0.336474 -0.19596 -0.416753 0.194913
-0.075493 -0.443536 -0.194557 -0.173837 0.27304
0.029575 -0.275946 -0.059059 -0.27814 -0.023129
0.058356 -0.292736 -0.048032 -0.385921 -0.158167
0.119005 -0.226991 -0.005562 -0.086453 -0.002872
0.199204 -0.14146 0.036256 -0.197953 -0.197535
0.199204 -0.14146 0.036256 -0.197953 -0.197535
0.105658 -0.269391 -0.076686 -0.289819 0.05331
0.105658 -0.269391 -0.076686 -0.289819 0.05331
0.139589 -0.275145 -0.062126 -0.211056 0.169249
0.139589 -0.275145 -0.062126 -0.211056 0.169249
0.082302 -0.258127 -0.043028 0.018365 0.237147
0.089031 -0.308931 -0.069481 -0.284 0.001374
0.089031 -0.308931 -0.069481 -0.284 0.001374
0.089031 -0.308931 -0.069481 -0.284 0.001374
0.089031 -0.308931 -0.069481 -0.284 0.001374
0.089031 -0.308931 -0.069481 -0.284 0.001374
0.138631 -0.192782 -0.002158 0.011147 0.195133
0.218794 -0.118963 0.104171 0.166456 0.10983
0.134215 -0.250805 -0.015584 -0.032649 0.097187
0.136906 -0.322139 -0.023658 0.014043 0.184772
0.136906 -0.322139 -0.023658 0.014043 0.184772
0.136906 -0.322139 -0.023658 0.014043 0.184772
0.259209 -0.098885 0.10955 -0.136779 -0.237272
0.259209 -0.098885 0.10955 -0.136779 -0.237272
0.259209 -0.098885 0.10955 -0.136779 -0.237272
0.282164 -0.091881 0.114562 0.026822 -0.059897
0.213152 -0.153275 0.029151 0.076446 0.064056
0.106153 -0.313641 -0.054201 -0.22165 -0.052346
0.192973 -0.139827 0.027798 -0.176419 -0.093419
0.183785 -0.152182 0.038423 -0.019873 -0.059835
0.220866 -0.106243 0.062033 -0.095879 -0.175349
0.22615 -0.020989 0.123347 -0.196607 -0.30415
0.206918 -0.121244 0.10107 -0.075846 -0.234226
0.206918 -0.121244 0.10107 -0.075846 -0.234226
0.206918 -0.121244 0.10107 -0.075846 -0.234226
0.175301 -0.17171 0.085286 -0.281115 -0.468335
0.175301 -0.17171 0.085286 -0.281115 -0.468335
0.175301 -0.17171 0.085286 -0.281115 -0.468335
0.141203 -0.269179 0.029748 -0.102234 -0.15931
0.033073 -0.509428 -0.123035 -0.050993 0.296791
0.098708 -0.448477 -0.070035 -0.221364 0.037973
0.096135 -0.462339 0.007733 -0.108697 -0.129184
0.108213 -0.408773 0.010146 0.193653 0.184118
0.108213 -0.408773 0.010146 0.193653 0.184118
0.090565 -0.349904 -0.030968 0.027216 0.136936
0.090565 -0.349904 -0.030968 0.027216 0.136936
0.090565 -0.349904 -0.030968 0.027216 0.136936
0.090565 -0.349904 -0.030968 0.027216 0.136936
0.106982 -0.374177 -0.064979 0.022146 0.254321
0.106982 -0.374177 -0.064979 0.022146 0.254321
0.161542 -0.222188 -0.025317 -0.009536 0.079067
0.161542 -0.222188 -0.025317 -0.009536 0.079067
0.157776 -0.163062 -0.005287 -0.087477 0.056994
0.262459 -0.06425 0.074001 -0.212027 -0.175889
0.235324 -0.093486 0.079713 -0.114391 -0.156815
0.231107 -0.114717 0.073747 -0.026078 -0.039621
0.143372 -0.093683 0.053472 0.074211 -0.020717
0.143372 -0.093683 0.053472 0.074211 -0.020717
0.069147 -0.158766 -0.034477 -0.053295 0.084281
0.052313 -0.159794 -0.080016 -0.037188 0.21005
0.211749 0.023492 0.074445 -0.127985 -0.1458
0.211749 0.023492 0.074445 -0.127985 -0.1458
0.069542 -0.307001 -0.150879 -0.270768 0.204128
0.092017 -0.285754 -0.078228 -0.139826 0.207874
0.092017 -0.285754 -0.078228 -0.139826 0.207874
0.178533 -0.194656 0.066611 0.00814 -0.018409
0.178533 -0.194656 0.066611 0.00814 -0.018409
0.178533 -0.194656 0.066611 0.00814 -0.018409
0.212964 -0.131225 0.067623 -0.099538 -0.058739
0.287238 -0.103284 0.063871 -0.349437 -0.243726
0.287238 -0.103284 0.063871 -0.349437 -0.243726
0.272925 -0.077124 0.105901 -0.173189 -0.252372
0.272925 -0.077124 0.105901 -0.173189 -0.252372
0.272925 -0.077124 0.105901 -0.173189 -0.252372
0.166908 -0.269057 0.003529 -0.164217 -0.003017
0.165085 -0.236109 0.006369 -0.195655 0.028522
0.109266 -0.201745 -0.02252 -0.204297 0.085276
0.109266 -0.201745 -0.02252 -0.204297 0.085276
0.218015 -0.103188 -0.034916 -0.63471 -0.260755
0.218015 -0.103188 -0.034916 -0.63471 -0.260755
0.218015 -0.103188 -0.034916 -0.63471 -0.260755
0.218015 -0.103188 -0.034916 -0.63471 -0.260755
0.322395 -0.014998 0.095985 -0.274376 -0.211436
0.219328 -0.062212 0.041462 -0.102051 -0.013584
0.219328 -0.062212 0.041462 -0.102051 -0.013584
0.219328 -0.062212 0.041462 -0.102051 -0.013584
0.205929 -0.206967 0.057109 0.111545 0.092553
0.205929 -0.206967 0.057109 0.111545 0.092553
0.207032 -0.113119 0.05533 0.073249 0.161195
0.137167 -0.239072 -0.026215 0.023815 0.141472
0.269113 -0.118994 0.051219 -0.023235 0.038255
0.173715 -0.188195 -0.034687 -0.1684 0.05531
0.166653 -0.17659 0.050598 -0.007734 -0.068904
0.120851 -0.335932 -0.021074 -0.016521 0.138162
0.051988 -0.357566 -0.060124 -0.044441 0.156321
0.199046 -0.140238 0.030222 -0.150219 -0.032739
0.15015 -0.350352 0.008938 0.100341 0.094078
0.128646 -0.354789 -0.004797 0.238065 0.211237
0.128646 -0.354789 -0.004797 0.238065 0.211237
0.107817 -0.279304 0.000883 0.220097 0.213155
0.10562 -0.268502 -0.037285 -0.251466 -0.080569
0.10562 -0.268502 -0.037285 -0.251466 -0.080569
0.10562 -0.268502 -0.037285 -0.251466 -0.080569
0.10562 -0.268502 -0.037285 -0.251466 -0.080569
0.165432 -0.277809 -0.000725 -0.005594 0.089923
0.099251 -0.3474 -0.098188 -0.339587 0.015796
0.212411 -0.155374 0.02946 0.10736 0.226731
0.13009 -0.247495 -0.041727 0.139796 0.345375
0.13009 -0.247495 -0.041727 0.139796 0.345375
0.208004 -0.157924 0.042191 -0.034221 0.042838
0.106805 -0.301551 -0.087357 -0.407436 0.029386
0.106805 -0.301551 -0.087357 -0.407436 0.029386
0.106805 -0.301551 -0.087357 -0.407436 0.029386
0.106805 -0.301551 -0.087357 -0.407436 0.029386
0.025153 -0.439732 -0.115401 -0.240763 0.107519
0.05116 -0.430566 -0.100291 -0.171451 0.081619
0.097655 -0.438418 -0.062477 -0.066311 0.089932
0.097655 -0.438418 -0.062477 -0.066311 0.089932
0.097655 -0.438418 -0.062477 -0.066311 0.089932
0.097655 -0.438418 -0.062477 -0.066311 0.089932
0.080333 -0.439763 -0.100336 -0.136088 0.205864
0.090856 -0.422122 -0.100686 -0.170447 0.227985
0.169208 -0.270153 -0.021096 0.043588 0.244565
0.195393 -0.284985 -0.085768 -0.595132 -0.091432
0.195393 -0.284985 -0.085768 -0.595132 -0.091432
0.195393 -0.284985 -0.085768 -0.595132 -0.091432
0.195393 -0.284985 -0.085768 -0.595132 -0.091432
0.195393 -0.284985 -0.085768 -0.595132 -0.091432
0.195393 -0.284985 -0.085768 -0.595132 -0.091432
0.195393 -0.284985 -0.085768 -0.595132 -0.091432
0.195393 -0.284985 -0.085768 -0.595132 -0.091432
0.089335 -0.319143 -0.095052 -0.198893 0.166923
0.043184 -0.305908 -0.143207 -0.409473 0.034734
0.118973 -0.225474 -0.067894 -0.32858 0.040175
0.118973 -0.225474 -0.067894 -0.32858 0.040175
0.118973 -0.225474 -0.067894 -0.32858 0.040175
0.118973 -0.225474 -0.067894 -0.32858 0.040175
0.246097 -0.074254 0.020121 -0.12593 -0.072624
0.219875 -0.111592 0.020305 -0.3328 -0.376
0.157005 -0.13529 0.016732 -0.138686 -0.112869
0.191614 -0.070396 0.000915 -0.166273 -0.040873
0.141126 -0.200644 0.001456 -0.174119 -0.145579
0.132416 -0.201694 -0.015442 -0.213536 -0.113699
0.101664 -0.251441 -0.012744 -0.232518 -0.137154
0.101664 -0.251441 -0.012744 -0.232518 -0.137154
0.101664 -0.251441 -0.012744 -0.232518 -0.137154
0.036549 -0.343155 -0.092274 -0.202531 0.087476
0.180847 -0.283004 -0.033234 0.023617 0.275892
0.235591 -0.258162 0.118019 0.08423 -0.093455
0.275541 -0.159278 0.088024 -0.271742 -0.240525
0.275541 -0.159278 0.088024 -0.271742 -0.240525
0.275541 -0.159278 0.088024 -0.271742 -0.240525
0.275541 -0.159278 0.088024 -0.271742 -0.240525
0.200835 -0.269794 0.041184 -0.183176 -0.148023
0.158149 -0.241686 0.012353 0.13333 0.196901
0.158149 -0.241686 0.012353 0.13333 0.196901
0.158149 -0.241686 0.012353 0.13333 0.196901
0.155733 -0.215244 -0.065254 -0.197695 0.195196
0.104695 -0.283992 -0.023872 0.129884 0.276829
0.195241 -0.223148 -0.030691 -0.110288 0.147891
0.234325 -0.10873 0.07383 0.186431 0.204665
0.153053 -0.247175 -0.012637 0.195052 0.313489
0.11981 -0.280228 -0.03182 -0.134104 0.059339
0.11981 -0.280228 -0.03182 -0.134104 0.059339
0.194282 -0.149018 0.006148 -0.155381 0.048996
0.194184 -0.259238 -0.071334 -0.309065 0.038516
0.068271 -0.456263 -0.177725 -0.113417 0.376847
0.068271 -0.456263 -0.177725 -0.113417 0.376847
0.068271 -0.456263 -0.177725 -0.113417 0.376847
0.068271 -0.456263 -0.177725 -0.113417 0.376847
0.104916 -0.402521 -0.117774 -0.308417 0.091514
0.104916 -0.402521 -0.117774 -0.308417 0.091514
0.17968 -0.282768 -0.052733 -0.437864 -0.104344
0.175206 -0.223179 -0.058091 -0.497829 -0.05569
0.175206 -0.223179 -0.058091 -0.497829 -0.05569
0.175206 -0.223179 -0.058091 -0.497829 -0.05569
0.175206 -0.223179 -0.058091 -0.497829 -0.05569
0.175206 -0.223179 -0.058091 -0.497829 -0.05569
0.175206 -0.223179 -0.058091 -0.497829 -0.05569
0.175206 -0.223179 -0.058091 -0.497829 -0.05569
0.175206 -0.223179 -0.058091 -0.497829 -0.05569
0.175206 -0.223179 -0.058091 -0.497829 -0.05569
0.175206 -0.223179 -0.058091 -0.497829 -0.05569
0.108001 -0.192974 -0.116091 -0.54961 0.059878
0.108001 -0.192974 -0.116091 -0.54961 0.059878
0.108001 -0.192974 -0.116091 -0.54961 0.059878
0.147856 -0.156161 -0.051041 -0.399273 -0.061219
0.176831 -0.130004 -0.023942 -0.346116 -0.1089
0.125036 -0.182296 -0.055126 -0.345633 -0.056049
0.16564 -0.173367 -0.032479 -0.469109 -0.182373
0.20664 -0.15564 0.044059 -0.062148 -0.027051
0.245338 -0.16637 0.02596 -0.262244 -0.158638
0.245338 -0.16637 0.02596 -0.262244 -0.158638
0.265103 -0.115188 0.074375 -0.242247 -0.203224
0.210586 -0.070514 0.038947 -0.141146 -0.02783
0.208047 -0.124307 0.007904 -0.177279 0.043772
0.208047 -0.124307 0.007904 -0.177279 0.043772
0.145918 -0.191569 -0.007439 0.093142 0.314782
0.095081 -0.188882 -0.009456 0.037373 0.142999
0.163212 -0.107452 0.06926 0.121186 -0.000969
0.216632 -0.061585 0.099396 0.253181 0.120954
0.253879 -0.011263 0.108808 0.170871 0.088355
0.284666 0.050422 0.189269 0.2116 -0.115568
0.284666 0.050422 0.189269 0.2116 -0.115568
0.25228 0.021023 0.155926 0.065643 -0.146072
0.160614 -0.10357 0.039992 -0.017932 0.126019
0.167871 -0.056588 0.096709 0.028539 -0.084764
0.167871 -0.056588 0.096709 0.028539 -0.084764
0.130298 -0.237079 0.016607 -0.040969 0.068937
0.130298 -0.237079 0.016607 -0.040969 0.068937
0.299476 -0.093471 0.111572 -0.008075 -0.015808
0.229146 -0.168044 0.028053 -0.024812 0.079581
0.264859 -0.064384 0.076325 -0.137859 -0.121014
0.259556 -0.123553 0.052925 -0.139483 -0.011911
0.259556 -0.123553 0.052925 -0.139483 -0.011911
0.245772 0.009001 0.112688 -0.148805 -0.241019
0.19045 -0.09266 0.056643 -0.04405 -0.022741
0.215488 -0.042997 0.077599 -0.035885 -0.026557
0.215488 -0.042997 0.077599 -0.035885 -0.026557
0.164754 -0.182031 0.032419 -0.117552 0.027238
0.164754 -0.182031 0.032419 -0.117552 0.027238
0.139929 -0.139886 0.074615 0.006955 -0.072651
0.139929 -0.139886 0.074615 0.006955 -0.072651
0.171235 -0.250384 0.031424 -0.14537 -0.185193
0.09503 -0.210683 -0.072556 0.051643 0.380699
0.09503 -0.210683 -0.072556 0.051643 0.380699
0.233937 -0.149292 -0.006546 -0.271111 0.074936
0.233937 -0.149292 -0.006546 -0.271111 0.074936
0.219812 -0.19281 -0.020929 -0.350549 -0.036081
0.219812 -0.19281 -0.020929 -0.350549 -0.036081
0.245591 -0.144925 0.047779 -0.054373 0.011673
0.245591 -0.144925 0.047779 -0.054373 0.011673
0.220368 -0.151849 0.049843 0.144491 0.12062
0.181861 -0.15438 0.049013 0.041029 0.026098
0.181861 -0.15438 0.049013 0.041029 0.026098
0.218287 -0.051271 0.110446 -0.178946 -0.22593
0.220573 -0.090141 0.027299 -0.301899 -0.2413
0.15972 -0.202865 -0.037962 -0.25293 -0.018409
0.148139 -0.228108 -0.045463 -0.2378 0.065236
0.202659 -0.201548 0.053152 0.065557 0.040067
0.202659 -0.201548 0.053152 0.065557 0.040067
0.190791 -0.160931 0.077263 0.305846 0.239657
0.190791 -0.160931 0.077263 0.305846 0.239657
0.05941 -0.230847 -0.038922 0.147703 0.283564
0.05519 -0.247268 -0.078768 -0.083475 0.227219
0.102249 -0.231809 -0.077224 -0.124661 0.240821
0.13131 -0.177002 -0.070237 -0.378163 0.006412
0.13131 -0.177002 -0.070237 -0.378163 0.006412
0.13131 -0.177002 -0.070237 -0.378163 0.006412
0.13131 -0.177002 -0.070237 -0.378163 0.006412
0.100317 -0.232123 -0.067508 -0.313744 0.0332
0.125096 -0.272103 -0.063352 -0.091755 0.212458
0.154769 -0.175245 -0.042148 -0.198354 0.117144
0.12721 -0.214775 -0.059691 -0.08218 0.153274
0.131625 -0.178593 -0.020858 -0.081853 0.060321
0.045761 -0.310791 -0.104472 -0.089028 0.196447
0.046355 -0.380589 -0.14931 -0.327839 0.108033
0.178619 -0.229888 -0.011342 -0.404249 -0.210345
0.021072 -0.321016 -0.073947 -0.065927 0.104213
0.001838 -0.38282 -0.076704 0.25504 0.320564
0.042853 -0.220479 -0.023161 0.152403 0.244786
0.139457 -0.057782 0.004297 -0.302482 -0.193898
0.11637 -0.160807 -0.004795 0.265188 0.312345
0.194988 -0.111146 0.003974 -0.208131 -0.009612
0.242144 -0.04923 0.054456 -0.075609 0.109368
0.242144 -0.04923 0.054456 -0.075609 0.109368
0.194641 -0.095847 -0.014743 -0.48184 -0.154028
0.194641 -0.095847 -0.014743 -0.48184 -0.154028
0.194641 -0.095847 -0.014743 -0.48184 -0.154028
0.194641 -0.095847 -0.014743 -0.48184 -0.154028
0.241813 -0.153142 0.072363 -0.029748 -0.00618
0.154774 -0.197371 -0.020102 0.061742 0.301829
0.154774 -0.197371 -0.020102 0.061742 0.301829
0.154774 -0.197371 -0.020102 0.061742 0.301829
0.214186 -0.170044 -0.000649 -0.061538 0.060871
0.184605 -0.224458 0.016554 0.041756 0.118106
0.279948 -0.170768 0.080018 -0.034631 -0.25366
0.027925 -0.477629 -0.055255 0.21404 0.152493
0.246911 -0.190186 0.077946 0.01572 -0.196515
0.107758 -0.388605 -0.135148 -0.341846 0.116676
0.129566 -0.42146 -0.150464 -0.483529 0.148265
0.097749 -0.405616 -0.169825 -0.61579 0.031578
0.097749 -0.405616 -0.169825 -0.61579 0.031578
0.113531 -0.342224 -0.112577 -0.444884 0.079932
0.202374 -0.192187 -0.034652 -0.191037 0.115346
0.202374 -0.192187 -0.034652 -0.191037 0.115346
0.213753 -0.113254 0.006758 -0.171561 -0.0041
0.253043 -0.042776 0.060742 -0.142307 -0.121465
0.065198 -0.362547 -0.100376 -0.330174 -0.020465
0.140806 -0.270801 0.014399 0.123335 0.199709
0.12634 -0.267042 0.009423 0.032246 0.117876
0.154584 -0.168734 0.036458 0.068295 0.079927
0.154584 -0.168734 0.036458 0.068295 0.079927
0.154584 -0.168734 0.036458 0.068295 0.079927
0.305073 -0.007311 0.096702 -0.020939 -0.04168
0.305073 -0.007311 0.096702 -0.020939 -0.04168
0.318038 -0.027761 0.127055 -0.020737 -0.171314
0.318038 -0.027761 0.127055 -0.020737 -0.171314
0.303316 0.001326 0.135534 0.006321 -0.176645
0.186602 -0.07236 0.06521 0.085151 0.029082
0.186602 -0.07236 0.06521 0.085151 0.029082
0.178896 -0.121692 0.082709 0.175423 0.025453
0.094196 -0.283125 -0.075721 -0.126061 0.085454
0.137549 -0.184148 -0.02831 -0.100102 0.063382
0.137549 -0.184148 -0.02831 -0.100102 0.063382
0.20698 -0.108512 0.013008 -0.17445 0.102485
0.24152 -0.182137 0.027614 -0.375692 -0.209152
0.24152 -0.182137 0.027614 -0.375692 -0.209152
0.282972 -0.052026 0.095618 -0.167118 -0.191908
0.282972 -0.052026 0.095618 -0.167118 -0.191908
0.282972 -0.052026 0.095618 -0.167118 -0.191908
0.251033 -0.074543 0.099936 -0.123539 -0.278929
0.240148 -0.090938 0.097543 0.136704 -0.053264
0.150907 -0.217604 0.048428 0.299247 0.201973
0.191007 -0.138997 0.066995 0.063107 0.003969
0.120552 -0.209259 0.010952 0.017873 0.143707
0.16294 -0.092802 0.063512 -0.12077 -0.050147
0.091376 -0.292742 -0.045697 -0.38155 -0.0284
0.047651 -0.249735 -0.10335 -0.164381 0.172139
0.158857 -0.180784 -0.046245 -0.357125 -0.107149
0.200082 -0.095137 0.034369 -0.003842 0.07818
0.200082 -0.095137 0.034369 -0.003842 0.07818
0.18188 -0.127477 0.014946 -0.156533 0.013432
0.18188 -0.127477 0.014946 -0.156533 0.013432
0.18188 -0.127477 0.014946 -0.156533 0.013432
0.127 -0.245967 -0.038922 -0.126933 0.078824
0.210295 -0.183351 0.02744 0.03338 0.062774
0.181421 -0.177435 -0.035848 -0.164835 -0.018378
0.27916 0.029665 0.164272 0.002146 -0.367457
0.31612 0.037619 0.15916 -0.107892 -0.41068
0.20281 -0.119203 0.038902 -0.190415 -0.20996
0.220907 -0.160487 0.018405 -0.259794 -0.16379
0.220907 -0.160487 0.018405 -0.259794 -0.16379
0.096109 -0.276854 -0.081652 -0.096698 0.210099
0.114021 -0.246913 -0.095258 -0.206744 0.234477
0.157377 -0.154011 -0.036277 -0.158324 0.098512
0.206777 -0.108045 0.067491 -0.098285 -0.153922
0.191093 -0.133253 0.023918 -0.412255 -0.260832
0.191093 -0.133253 0.023918 -0.412255 -0.260832
0.191093 -0.133253 0.023918 -0.412255 -0.260832
0.191093 -0.133253 0.023918 -0.412255 -0.260832
0.191093 -0.133253 0.023918 -0.412255 -0.260832
0.206238 -0.196653 -0.017266 -0.412531 -0.110333
0.206238 -0.196653 -0.017266 -0.412531 -0.110333
0.206238 -0.196653 -0.017266 -0.412531 -0.110333
0.206238 -0.196653 -0.017266 -0.412531 -0.110333
0.206238 -0.196653 -0.017266 -0.412531 -0.110333
0.206238 -0.196653 -0.017266 -0.412531 -0.110333
0.173874 -0.250202 -0.043414 -0.352792 -0.019223
0.173874 -0.250202 -0.043414 -0.352792 -0.019223
0.173874 -0.250202 -0.043414 -0.352792 -0.019223
0.138581 -0.262998 -0.073523 -0.283248 0.121391
0.138581 -0.262998 -0.073523 -0.283248 0.121391
0.207443 -0.150355 0.019025 -0.315942 -0.103083
0.155677 -0.222679 -0.02544 -0.361482 -0.047774
0.155677 -0.222679 -0.02544 -0.361482 -0.047774
0.155677 -0.222679 -0.02544 -0.361482 -0.047774
0.155677 -0.222679 -0.02544 -0.361482 -0.047774
0.223546 -0.13976 0.009924 -0.144026 0.075859
0.223546 -0.13976 0.009924 -0.144026 0.075859
0.179931 -0.028001 0.048446 -0.112108 -0.013901
0.21968 -0.167909 0.077428 -0.275278 -0.276126
0.21968 -0.167909 0.077428 -0.275278 -0.276126
0.21968 -0.167909 0.077428 -0.275278 -0.276126
0.170302 -0.17952 0.047618 -0.171121 -0.143411
0.185775 -0.274764 0.058242 -0.189854 -0.310417
0.18813 -0.307596 0.00445 0.009819 0.038421
0.18813 -0.307596 0.00445 0.009819 0.038421
0.163399 -0.354892 -0.058972 0.033839 0.194894
0.224096 -0.26506 -0.032515 -0.215817 -0.069617
0.198037 -0.231217 0.009194 0.039579 0.113049
0.145446 -0.18456 0.001247 -0.020442 0.048484
0.145446 -0.18456 0.001247 -0.020442 0.048484
0.145446 -0.18456 0.001247 -0.020442 0.048484
0.077003 -0.154831 -0.077795 -0.287672 0.034284
0.166605 -0.101317 0.005618 -0.194875 -0.038356
0.166605 -0.101317 0.005618 -0.194875 -0.038356
0.166605 -0.101317 0.005618 -0.194875 -0.038356
0.166605 -0.101317 0.005618 -0.194875 -0.038356
0.166358 -0.080014 0.026319 -0.197596 -0.076071
0.166358 -0.080014 0.026319 -0.197596 -0.076071
0.112905 -0.156262 0.002891 -0.158778 -0.037692
0.184832 -0.111057 0.075459 -0.163063 -0.205147
0.184832 -0.111057 0.075459 -0.163063 -0.205147
0.184832 -0.111057 0.075459 -0.163063 -0.205147
0.184832 -0.111057 0.075459 -0.163063 -0.205147
0.148259 -0.203752 0.021945 -0.205845 -0.159417
0.148259 -0.203752 0.021945 -0.205845 -0.159417
0.148259 -0.203752 0.021945 -0.205845 -0.159417
0.148259 -0.203752 0.021945 -0.205845 -0.159417
0.269798 -0.125881 0.079759 -0.053217 -0.00878
0.227911 -0.116795 0.103485 0.247259 0.16991
0.271736 -0.154868 0.100253 -0.019974 -0.2029
0.208296 -0.174074 0.007096 -0.300954 -0.200761
0.208296 -0.174074 0.007096 -0.300954 -0.200761
0.208296 -0.174074 0.007096 -0.300954 -0.200761
0.216206 -0.10807 0.042265 -0.096707 -0.070683
0.216206 -0.10807 0.042265 -0.096707 -0.070683
0.25663 -0.012862 0.079203 -0.208996 -0.212046
0.165153 -0.088915 0.048982 -0.141227 -0.189415
0.094741 -0.193671 -0.041719 -0.145236 0.042158
0.094741 -0.193671 -0.041719 -0.145236 0.042158
0.214165 -0.110668 0.060389 0.041601 0.066933
0.214165 -0.110668 0.060389 0.041601 0.066933
0.232607 -0.051757 0.095289 0.07304 0.043377
0.295477 -0.076815 0.162248 -0.096592 -0.296681
0.295477 -0.076815 0.162248 -0.096592 -0.296681
0.281876 -0.120771 0.169416 0.065148 -0.186099
0.268814 -0.105385 0.167365 0.281625 0.062521
0.268814 -0.105385 0.167365 0.281625 0.062521
0.164686 -0.252133 0.046226 0.132437 0.2012
0.200485 -0.194898 0.069365 0.04167 0.072245
0.05648 -0.347267 -0.077968 -0.180639 0.192031
0.05648 -0.347267 -0.077968 -0.180639 0.192031
0.05648 -0.347267 -0.077968 -0.180639 0.192031
0.031613 -0.348124 -0.095602 -0.125876 0.258765
0.141424 -0.222185 0.034746 0.014544 -0.012515
0.141424 -0.222185 0.034746 0.014544 -0.012515
0.160438 -0.163303 0.044619 -0.057772 -0.009182
0.191415 -0.038984 0.082164 -0.267313 -0.251048
0.132025 -0.226789 0.021537 -0.134829 -0.082672
0.009387 -0.4608 -0.081441 -0.038903 0.065534
-0.001298 -0.395756 -0.125959 0.051961 0.371878
0.045166 -0.267644 -0.094974 -0.156848 0.194144
0.077354 -0.372973 -0.087178 -0.134176 0.060585
0.194626 -0.151335 0.064617 -0.005661 -0.053169
0.061465 -0.411589 -0.086966 -0.02122 0.174912
0.061465 -0.411589 -0.086966 -0.02122 0.174912
0.068104 -0.263208 -0.027669 0.262034 0.414678
0.068104 -0.263208 -0.027669 0.262034 0.414678
0.068104 -0.263208 -0.027669 0.262034 0.414678
0.068104 -0.263208 -0.027669 0.262034 0.414678
0.068104 -0.263208 -0.027669 0.262034 0.414678
0.139478 -0.187501 0.047102 0.056794 0.094954
0.081215 -0.279129 -0.019987 -0.054361 0.134259
0.199427 -0.122943 0.088666 -0.164117 -0.151742
0.213005 -0.187819 0.139329 0.076103 -0.147089
0.286676 -0.115701 0.14595 -0.163124 -0.326887
0.309179 -0.071891 0.089456 -0.06984 -0.105268
0.281099 -0.02999 0.046574 -0.288361 -0.16618
0.281099 -0.02999 0.046574 -0.288361 -0.16618
0.281099 -0.02999 0.046574 -0.288361 -0.16618
0.266102 -0.016901 0.053378 -0.225545 -0.05271
0.240729 -0.009655 0.066797 0.066867 0.144556
0.240729 -0.009655 0.066797 0.066867 0.144556
0.327804 0.032702 0.135021 0.099498 0.054527
0.325201 -0.020627 0.108582 0.056494 0.128682
0.196104 -0.271434 0.072378 0.293419 0.291374
0.196104 -0.271434 0.072378 0.293419 0.291374
0.131564 -0.263298 0.013248 0.262291 0.434607
0.114206 -0.34446 0.024438 0.161435 0.249402
0.275167 -0.167121 0.093582 0.197672 0.209201
0.275167 -0.167121 0.093582 0.197672 0.209201
0.319738 -0.062529 0.152108 0.2513 0.203065
0.319738 -0.062529 0.152108 0.2513 0.203065
0.349417 0.013088 0.242917 0.266909 -0.069639
0.349417 0.013088 0.242917 0.266909 -0.069639
0.250046 -0.088352 0.114891 0.195555 0.248745
0.13004 -0.12818 -0.008496 -0.247603 -0.039162
0.13004 -0.12818 -0.008496 -0.247603 -0.039162
0.258231 0.052702 0.077648 -0.187045 -0.164165
0.258231 0.052702 0.077648 -0.187045 -0.164165
0.258231 0.052702 0.077648 -0.187045 -0.164165
0.193362 -0.111541 -0.02209 -0.295318 -0.054281
0.193362 -0.111541 -0.02209 -0.295318 -0.054281
0.132742 -0.23063 -0.036582 -0.095221 0.157621
0.132742 -0.23063 -0.036582 -0.095221 0.157621
0.103021 -0.225362 -0.017892 2.3e-05 0.187349
0.103021 -0.225362 -0.017892 2.3e-05 0.187349
0.070752 -0.21501 -0.030221 -0.192874 -0.023679
0.076388 -0.219008 -0.036697 -0.109373 0.128895
0.086069 -0.164103 -0.012214 -0.052165 0.112255
0.089154 -0.132525 0.013002 -0.138697 -0.012243
0.233953 0.00286 0.126753 0.189273 0.064947
0.235117 0.003981 0.131387 0.088336 -0.007487
0.129376 -0.124413 0.055652 0.134114 -0.028027
0.165868 -0.077502 0.034314 -0.064773 0.047111
0.165868 -0.077502 0.034314 -0.064773 0.047111
0.165868 -0.077502 0.034314 -0.064773 0.047111
0.221721 -0.058178 0.075979 -0.158196 -0.142106
0.131667 -0.152588 0.076049 0.007902 -0.068094
0.200266 -0.067639 0.121363 -0.074129 -0.191711
0.200266 -0.067639 0.121363 -0.074129 -0.191711
0.200266 -0.067639 0.121363 -0.074129 -0.191711
0.200266 -0.067639 0.121363 -0.074129 -0.191711
0.200266 -0.067639 0.121363 -0.074129 -0.191711
0.240672 -0.003132 0.118569 -0.198495 -0.223197
0.240672 -0.003132 0.118569 -0.198495 -0.223197
0.258288 0.02976 0.108321 -0.225075 -0.261531
0.258288 0.02976 0.108321 -0.225075 -0.261531
0.210397 -0.01553 0.077605 -0.06913 -0.12311
0.210397 -0.01553 0.077605 -0.06913 -0.12311
0.223358 -0.119991 0.096572 0.176475 0.118877
0.229233 -0.110342 0.096317 0.120705 0.104212
0.222614 -0.102593 0.04015 -0.158985 -0.014137
0.227019 -0.08709 0.059873 -0.144409 -0.063189
0.227019 -0.08709 0.059873 -0.144409 -0.063189
0.227019 -0.08709 0.059873 -0.144409 -0.063189
0.227019 -0.08709 0.059873 -0.144409 -0.063189
0.233351 -0.130349 0.062287 -0.166561 -0.154294
0.229428 -0.182337 -0.024274 -0.143225 0.147696
0.20319 -0.128613 0.028048 0.067029 0.129727
0.221222 -0.097523 0.057992 0.067499 0.15901
0.24541 -0.114987 0.11574 0.202658 -0.045335
0.24541 -0.114987 0.11574 0.202658 -0.045335
0.157083 -0.159097 0.007332 -0.095103 -0.05077
0.19903 -0.124272 0.052209 -0.040417 -0.064926
0.305714 -0.060981 0.099466 -0.078593 -0.120697
0.200903 -0.137634 0.008117 -0.240632 -0.106235
0.200903 -0.137634 0.008117 -0.240632 -0.106235
0.200903 -0.137634 0.008117 -0.240632 -0.106235
0.191266 -0.215479 0.007221 -0.064712 -0.042302
0.244075 -0.168619 0.074286 -0.058841 -0.216627
0.244075 -0.168619 0.074286 -0.058841 -0.216627
0.097045 -0.322614 -0.011588 0.052501 0.104532
0.097045 -0.322614 -0.011588 0.052501 0.104532
0.097045 -0.322614 -0.011588 0.052501 0.104532
0.097045 -0.322614 -0.011588 0.052501 0.104532
0.087946 -0.363953 -0.056639 -0.114863 0.090221
0.087946 -0.363953 -0.056639 -0.114863 0.090221
0.086414 -0.272799 -0.064172 -0.204933 0.051235
0.208127 -0.199926 -0.018833 0.083381 0.312792
0.246906 -0.046597 0.109054 0.142521 0.065036
0.239424 -0.014008 0.168635 0.372214 0.126415
0.202713 -0.16802 0.023535 0.086638 0.278132
0.11591 -0.182817 0.017339 0.04989 0.064224
0.100767 -0.188446 -0.024137 -0.177986 -0.027316
0.080175 -0.153415 -0.044881 -0.022968 0.190274
0.036932 -0.255677 -0.110248 -0.270319 0.125678
0.036932 -0.255677 -0.110248 -0.270319 0.125678
0.036932 -0.255677 -0.110248 -0.270319 0.125678
0.036932 -0.255677 -0.110248 -0.270319 0.125678
0.035522 -0.283396 -0.059771 -0.057999 0.099823
0.034704 -0.323445 -0.08643 -0.141904 0.156108
0.17029 -0.154916 0.031583 -0.089719 -0.037003
0.260965 -0.07632 0.148069 0.04638 -0.173832
0.275756 -0.081026 0.135382 0.126356 -0.036892
0.271342 -0.036454 0.138337 0.058288 -0.086247
0.271342 -0.036454 0.138337 0.058288 -0.086247
0.139943 -0.183328 0.034475 -0.245026 -0.160413
0.164481 -0.218246 0.011153 -0.31678 -0.155226
0.218974 -0.139108 0.115857 -0.014545 -0.14582
0.165721 -0.23864 -0.000268 -0.020332 0.119482
0.13956 -0.253346 -0.014295 0.017161 0.078518
0.159409 -0.262943 -0.00366 0.109856 0.182175
0.198076 -0.145873 0.125264 0.153401 -0.08017
0.162922 -0.249765 0.044924 0.153759 0.034177
0.157751 -0.231729 0.075204 0.124599 -0.054348
0.188451 -0.126673 0.035378 -0.142515 -0.092953
0.268468 -0.009438 0.14314 0.116193 -0.021052
0.081453 -0.30114 -0.108151 0.082944 0.43407
0.081453 -0.30114 -0.108151 0.082944 0.43407
0.173974 -0.275512 0.001309 -0.014876 0.051439
0.14028 -0.306254 -0.028337 -0.13611 0.092943
0.14028 -0.306254 -0.028337 -0.13611 0.092943
0.14028 -0.306254 -0.028337 -0.13611 0.092943
0.09934 -0.269686 -0.049557 -0.144247 0.102903
0.09934 -0.269686 -0.049557 -0.144247 0.102903
0.203253 -0.195425 0.00752 0.021792 0.148269
0.203253 -0.195425 0.00752 0.021792 0.148269
0.257264 -0.080506 0.092185 0.11574 0.074844
0.20675 -0.164379 -0.013543 -0.174499 0.057203
0.20675 -0.164379 -0.013543 -0.174499 0.057203
0.20675 -0.164379 -0.013543 -0.174499 0.057203
0.20675 -0.164379 -0.013543 -0.174499 0.057203
0.241803 -0.144611 0.022799 0.073313 0.226138
0.164313 -0.231566 -0.033672 0.063617 0.307142
0.164313 -0.231566 -0.033672 0.063617 0.307142
0.164313 -0.231566 -0.033672 0.063617 0.307142
0.19402 -0.172351 -0.015089 0.003557 0.16955
0.19402 -0.172351 -0.015089 0.003557 0.16955
0.2129 -0.196117 -0.000632 -0.129506 0.094848
0.2129 -0.196117 -0.000632 -0.129506 0.094848
0.158363 -0.192337 0.007652 0.127347 0.284995
0.179312 -0.234275 -0.035254 0.050058 0.349072
0.178366 -0.230658 -0.009116 -0.365819 -0.117645
0.241221 -0.011943 0.100235 -0.197487 -0.21011
0.178442 -0.100631 0.064611 0.084326 0.11441
0.178442 -0.100631 0.064611 0.084326 0.11441
0.192762 -0.078183 0.113434 0.086213 -0.062329
0.225835 -0.038143 0.160775 0.205392 -0.108929
0.225835 -0.038143 0.160775 0.205392 -0.108929
0.225835 -0.038143 0.160775 0.205392 -0.108929
0.133034 -0.235611 0.015232 -0.208996 -0.139392
0.133034 -0.235611 0.015232 -0.208996 -0.139392
0.133034 -0.235611 0.015232 -0.208996 -0.139392
0.133034 -0.235611 0.015232 -0.208996 -0.139392
0.110338 -0.299043 -0.025239 -0.396811 -0.186333
0.243553 -0.092297 0.137881 -0.19588 -0.343535
0.188052 -0.138699 -0.023864 -0.429312 -0.157796
0.188052 -0.138699 -0.023864 -0.429312 -0.157796
0.188052 -0.138699 -0.023864 -0.429312 -0.157796
0.188052 -0.138699 -0.023864 -0.429312 -0.157796
0.188052 -0.138699 -0.023864 -0.429312 -0.157796
0.188052 -0.138699 -0.023864 -0.429312 -0.157796
0.188052 -0.138699 -0.023864 -0.429312 -0.157796
0.188052 -0.138699 -0.023864 -0.429312 -0.157796
0.221277 -0.129411 -0.015602 -0.440806 -0.174023
0.221277 -0.129411 -0.015602 -0.440806 -0.174023
0.221277 -0.129411 -0.015602 -0.440806 -0.174023
0.221277 -0.129411 -0.015602 -0.440806 -0.174023
0.093546 -0.206857 0.004051 0.097252 0.112827
0.090309 -0.2205 -0.068087 -0.142914 0.103216
0.115677 -0.178114 -0.03691 -0.321989 -0.11032
0.115677 -0.178114 -0.03691 -0.321989 -0.11032
0.06207 -0.224071 -0.086415 -0.16809 0.199661
0.147057 -0.205602 -0.001651 -0.144742 0.021075
0.147057 -0.205602 -0.001651 -0.144742 0.021075
0.147057 -0.205602 -0.001651 -0.144742 0.021075
0.112669 -0.260508 -0.036675 -0.302456 -0.122129
0.173179 -0.210277 -0.041055 -0.248872 0.059588
0.173179 -0.210277 -0.041055 -0.248872 0.059588
0.197099 -0.060517 0.038179 -0.276583 -0.212885
0.197099 -0.060517 0.038179 -0.276583 -0.212885
0.206877 -0.153569 0.025576 -0.256222 -0.098758
0.206877 -0.153569 0.025576 -0.256222 -0.098758
0.153463 -0.223728 0.046235 0.093575 0.109529
0.083797 -0.165464 -0.062973 -0.127454 0.173965
0.093037 -0.229068 -0.111899 -0.207623 0.139875
0.061074 -0.289476 -0.105235 -0.294629 0.122827
0.086368 -0.222478 -0.058035 -0.337463 -0.018253
0.124605 -0.131937 -0.022531 -0.299803 0.01186
0.124605 -0.131937 -0.022531 -0.299803 0.01186
0.223474 -0.079429 0.061068 -0.132498 -0.05596
0.223474 -0.079429 0.061068 -0.132498 -0.05596
0.260118 -0.003216 0.110639 -0.142813 -0.150058
0.085721 -0.235965 -0.002011 -0.151623 -0.081562
0.085721 -0.235965 -0.002011 -0.151623 -0.081562
0.085721 -0.235965 -0.002011 -0.151623 -0.081562
0.161984 -0.070931 0.040608 -0.158625 -0.034975
0.262608 -0.00279 0.117877 0.032814 -0.093684
0.262608 -0.00279 0.117877 0.032814 -0.093684
0.262608 -0.00279 0.117877 0.032814 -0.093684
0.313957 -0.007965 0.136058 -0.006322 -0.168706
0.313957 -0.007965 0.136058 -0.006322 -0.168706
0.206539 -0.221156 0.0198 -0.025664 0.092904
0.313 -0.110683 0.115984 -0.054923 -0.20166
0.313 -0.110683 0.115984 -0.054923 -0.20166
0.289574 -0.134617 0.077285 -0.205031 -0.222576
0.289574 -0.134617 0.077285 -0.205031 -0.222576
0.289574 -0.134617 0.077285 -0.205031 -0.222576
0.33403 -0.036 0.14264 -0.137059 -0.28345
0.288031 -0.100092 0.066639 -0.125084 -0.064568
0.174683 -0.238133 0.000872 -0.180967 -0.115111
0.174683 -0.238133 0.000872 -0.180967 -0.115111
0.20033 -0.125189 0.054895 -0.187376 -0.210704
0.244163 -0.231518 0.062959 -0.311178 -0.379436
0.204914 -0.234727 0.04143 -0.319911 -0.273668
0.204914 -0.234727 0.04143 -0.319911 -0.273668
0.214125 -0.163186 0.015235 -0.25729 -0.107341
0.214125 -0.163186 0.015235 -0.25729 -0.107341
0.238487 -0.132205 0.0911 -0.039371 -0.054302
0.238487 -0.132205 0.0911 -0.039371 -0.054302
0.238487 -0.132205 0.0911 -0.039371 -0.054302
0.238487 -0.132205 0.0911 -0.039371 -0.054302
0.166515 -0.215728 0.031241 0.057667 0.049717
0.166515 -0.215728 0.031241 0.057667 0.049717
0.138773 -0.155817 -0.018867 -0.110011 -0.003881
0.085452 -0.272807 -0.043331 0.089814 0.273331
0.085452 -0.272807 -0.043331 0.089814 0.273331
0.08585 -0.344912 -0.097356 -0.021293 0.351889
0.08585 -0.344912 -0.097356 -0.021293 0.351889
0.150686 -0.210239 0.018874 0.064803 0.092004
0.150686 -0.210239 0.018874 0.064803 0.092004
0.150686 -0.210239 0.018874 0.064803 0.092004
0.150686 -0.210239 0.018874 0.064803 0.092004
0.18297 -0.228352 -0.006687 -0.192403 -0.042017
0.204631 -0.173194 0.039858 -0.078113 -0.070093
0.2403 -0.11401 0.017512 -0.209551 -0.003227
0.2403 -0.11401 0.017512 -0.209551 -0.003227
0.271311 -0.088312 0.060239 -0.145916 -0.071348
0.177436 -0.214576 0.025822 0.132544 0.112068
0.177436 -0.214576 0.025822 0.132544 0.112068
0.232833 -0.052715 0.110122 0.100467 -0.035657
0.106876 -0.213784 -0.037488 -0.21954 -0.036775
0.174795 -0.146606 0.025019 -0.072335 -0.072426
0.212391 -0.024239 0.056391 0.071819 0.007592
0.212391 -0.024239 0.056391 0.071819 0.007592
0.207167 -0.009394 0.069749 0.030212 -0.026493
0.207167 -0.009394 0.069749 0.030212 -0.026493
0.088775 -0.259429 -0.12444 -0.266297 0.287512
0.270929 -0.053699 0.069262 -0.058786 0.069668
0.280767 -0.004979 0.126178 0.343035 0.257375
0.232794 -0.164362 0.066353 0.376123 0.375108
0.232794 -0.164362 0.066353 0.376123 0.375108
0.234715 -0.07337 0.103484 0.267651 0.1956
0.232817 -0.083901 0.043804 -0.314007 -0.18897
0.232817 -0.083901 0.043804 -0.314007 -0.18897
0.212475 -0.177399 -0.013063 -0.181702 0.165221
0.212475 -0.177399 -0.013063 -0.181702 0.165221
0.194447 -0.186187 0.008652 0.048107 0.289168
0.194447 -0.186187 0.008652 0.048107 0.289168
0.194447 -0.186187 0.008652 0.048107 0.289168
0.221357 -0.190964 0.044894 0.127379 0.338769
0.121648 -0.17943 0.053778 0.257951 0.255237
0.019564 -0.260595 -0.063009 -0.130744 0.029728
-0.037272 -0.314328 -0.130785 -0.19133 0.162025
0.001843 -0.295601 -0.074141 -0.052996 0.148356
0.110778 -0.164182 -0.011954 -0.316816 -0.164728
0.164556 -0.142111 0.067621 0.017637 -0.045349
0.164556 -0.142111 0.067621 0.017637 -0.045349
0.20604 -0.084299 0.085749 -0.317045 -0.39656
0.20604 -0.084299 0.085749 -0.317045 -0.39656
0.225447 -0.131131 0.05388 -0.273256 -0.237935
0.225447 -0.131131 0.05388 -0.273256 -0.237935
0.225447 -0.131131 0.05388 -0.273256 -0.237935
0.242829 0.002576 0.035628 -0.321943 -0.177003
0.178412 -0.034593 -0.001186 -0.268908 0.011491
0.110688 -0.151301 -0.06345 -0.517335 -0.162777
0.110688 -0.151301 -0.06345 -0.517335 -0.162777
0.110688 -0.151301 -0.06345 -0.517335 -0.162777
0.110688 -0.151301 -0.06345 -0.517335 -0.162777
0.220378 -0.087971 0.032561 -0.280049 -0.106828
0.155905 -0.21179 -0.033979 -0.351746 -0.119394
0.155905 -0.21179 -0.033979 -0.351746 -0.119394
0.155905 -0.21179 -0.033979 -0.351746 -0.119394
0.189772 -0.2038 0.034873 0.103719 0.12121
0.236748 -0.125846 0.115202 0.109823 -0.066623
0.26402 -0.107647 0.1307 0.016552 -0.099446
0.226648 -0.159009 0.114224 0.158701 -0.015944
0.108198 -0.230443 0.002105 0.070433 0.135483
0.171726 -0.162821 0.032933 0.059376 0.153711
0.171726 -0.162821 0.032933 0.059376 0.153711
0.180141 -0.173905 0.031322 0.029957 0.162917
0.136375 -0.346794 -0.011225 0.155445 0.289188
0.136375 -0.346794 -0.011225 0.155445 0.289188
0.136375 -0.346794 -0.011225 0.155445 0.289188
0.126795 -0.311376 -0.078155 -0.115517 0.208063
0.117392 -0.252637 -0.065188 -0.290787 0.105172
0.217547 -0.199921 0.002346 -0.239578 0.012054
0.257056 -0.068052 -0.005135 -0.469778 -0.126408
0.257056 -0.068052 -0.005135 -0.469778 -0.126408
0.257056 -0.068052 -0.005135 -0.469778 -0.126408
0.257056 -0.068052 -0.005135 -0.469778 -0.126408
0.257056 -0.068052 -0.005135 -0.469778 -0.126408
0.262169 -0.040744 0.017366 -0.389784 -0.112797
0.169349 -0.189938 -0.023081 -0.267493 -0.023384
0.169349 -0.189938 -0.023081 -0.267493 -0.023384
0.169349 -0.189938 -0.023081 -0.267493 -0.023384
0.169349 -0.189938 -0.023081 -0.267493 -0.023384
0.213128 -0.212335 0.002536 0.014734 0.190417
0.167246 -0.17343 0.01727 -0.033666 0.050345
0.270601 -0.12774 0.082382 -0.221899 -0.211978
0.270601 -0.12774 0.082382 -0.221899 -0.211978
0.189298 -0.303877 0.007252 -0.207445 -0.114229
0.17276 -0.297652 -0.016238 -0.089605 0.078437
0.167076 -0.140326 0.034065 0.02661 0.026028
0.085688 -0.246106 -0.010874 -0.002222 0.093112
0.171496 -0.128738 0.076001 0.015191 -0.093544
0.180413 -0.083999 0.043991 -0.144891 -0.086753
0.158611 -0.146948 0.052294 0.067393 0.035194
0.171675 -0.179371 0.008574 -0.177371 0.019371
0.186161 -0.200829 0.010113 -0.196673 -0.144786
0.237123 -0.173306 0.054767 -0.123772 -0.224746
0.143466 -0.301489 -0.017047 -0.029476 0.050122
0.237792 -0.314738 0.056609 0.053734 0.163629
0.34901 -0.050005 0.174905 0.176502 -0.101923
0.34901 -0.050005 0.174905 0.176502 -0.101923
0.200613 -0.087855 0.081383 -0.007072 -0.090718
0.200613 -0.087855 0.081383 -0.007072 -0.090718
0.205971 -0.258098 0.028944 -0.051692 0.074846
0.205971 -0.258098 0.028944 -0.051692 0.074846
0.254097 -0.124924 0.09875 0.067164 -0.026237
0.248814 -0.174992 0.08936 -0.127871 -0.19816
0.237993 -0.308189 0.035698 -0.146567 -0.100943
0.237993 -0.308189 0.035698 -0.146567 -0.100943
0.237993 -0.308189 0.035698 -0.146567 -0.100943
0.237993 -0.308189 0.035698 -0.146567 -0.100943
0.20828 -0.239378 0.019083 0.057591 0.154578
0.20828 -0.239378 0.019083 0.057591 0.154578
0.20828 -0.239378 0.019083 0.057591 0.154578
0.200499 -0.191596 0.068841 0.196354 0.082254
0.131832 -0.247509 -0.01271 -0.058407 0.01305
0.131832 -0.247509 -0.01271 -0.058407 0.01305
0.131832 -0.247509 -0.01271 -0.058407 0.01305
0.114229 -0.180338 -0.011391 -0.137309 0.010719
0.160476 -0.121673 0.046766 -0.255974 -0.220177
0.160476 -0.121673 0.046766 -0.255974 -0.220177
0.054545 -0.306719 -0.066362 0.022203 0.239097
0.148938 -0.252238 0.027198 0.084294 0.121758
0.137959 -0.254916 -0.014152 0.041959 0.161908
0.152914 -0.198841 0.013701 0.156673 0.275953
0.131013 -0.266891 -0.049543 -0.013157 0.233274
0.078428 -0.346661 -0.115356 -0.054683 0.318174
0.060491 -0.30138 -0.074357 0.02003 0.264346
0.16513 -0.271583 0.01066 0.018761 0.145876
0.010612 -0.434552 -0.078196 0.114238 0.41743
0.005789 -0.436229 -0.062666 0.006669 0.263407
0.077393 -0.341765 0.00278 0.135304 0.238001
0.159705 -0.223788 0.000462 -0.220669 0.001075
0.155037 -0.209906 -0.025492 -0.186957 0.087894
0.155037 -0.209906 -0.025492 -0.186957 0.087894
0.155037 -0.209906 -0.025492 -0.186957 0.087894
0.234853 -0.122469 0.059316 -0.150424 -0.122148
0.238539 -0.158832 0.054553 -0.216042 -0.144775
0.238539 -0.158832 0.054553 -0.216042 -0.144775
0.18063 -0.201189 0.011603 -0.381482 -0.174896
0.18063 -0.201189 0.011603 -0.381482 -0.174896
0.160127 -0.251067 -0.019988 -0.264495 -0.007124
0.160127 -0.251067 -0.019988 -0.264495 -0.007124
0.160127 -0.251067 -0.019988 -0.264495 -0.007124
0.218621 -0.166273 0.040398 0.016867 0.063708
0.25269 -0.165936 0.060231 -0.087325 -0.0309
0.14991 -0.203327 0.023326 -0.176277 -0.107419
0.14991 -0.203327 0.023326 -0.176277 -0.107419
0.167845 -0.138899 0.006055 -0.264718 -0.096977
0.249827 -0.095572 0.025143 -0.292597 -0.097493
0.249827 -0.095572 0.025143 -0.292597 -0.097493
0.190178 -0.099322 0.041865 -0.124587 -0.042278
0.15049 -0.208274 0.026283 0.022219 0.151867
0.225196 -0.111086 0.059708 -0.060778 0.084097
0.207019 -0.14314 0.012973 -0.383311 -0.132672
0.173516 -0.17798 0.022669 -0.282833 -0.159993
0.175813 -0.146492 0.046374 -0.074332 0.036684
0.18476 -0.146982 0.056597 -0.132228 -0.033364
0.18476 -0.146982 0.056597 -0.132228 -0.033364
0.239557 -0.072409 0.054897 -0.303704 -0.107334
0.23725 -0.000405 0.091641 -0.276965 -0.117239
0.289708 -0.057071 0.049326 -0.654251 -0.38959
0.180407 -0.184044 -0.040665 -0.42088 -0.063968
0.180407 -0.184044 -0.040665 -0.42088 -0.063968
0.142952 -0.204503 -0.018266 -0.17342 0.079263
0.041561 -0.407655 -0.078373 -0.119971 0.122511
0.125796 -0.352212 -0.102451 -0.261143 0.128129
0.125796 -0.352212 -0.102451 -0.261143 0.128129
0.204528 -0.107124 0.073998 0.347565 0.300158
