1.013813 1.037348 -0.205499 -1.147409 0.42669
0.179268 -0.148592 0.049252 0.057472 0.145618
0.247516 -0.137674 0.099119 0.110994 0.077323
0.24608 -0.18332 0.092235 0.142913 0.117243
0.24608 -0.18332 0.092235 0.142913 0.117243
0.290602 -0.142682 0.107344 -0.09481 -0.141086
0.290602 -0.142682 0.107344 -0.09481 -0.141086
0.290602 -0.142682 0.107344 -0.09481 -0.141086
0.290602 -0.142682 0.107344 -0.09481 -0.141086
0.28929 -0.190921 0.066492 -0.092296 -0.040848
0.310451 -0.106272 0.093602 -0.252799 -0.245306
0.338663 -0.030925 0.140356 -0.002862 -0.176213
0.27824 -0.042832 0.111573 0.08254 -0.087561
0.111194 -0.239275 -0.029974 -0.135518 0.046521
0.124122 -0.302589 -0.014254 0.116584 0.217806
0.124122 -0.302589 -0.014254 0.116584 0.217806
0.124122 -0.302589 -0.014254 0.116584 0.217806
0.124122 -0.302589 -0.014254 0.116584 0.217806
0.124122 -0.302589 -0.014254 0.116584 0.217806
0.124122 -0.302589 -0.014254 0.116584 0.217806
0.124122 -0.302589 -0.014254 0.116584 0.217806
0.165252 -0.217991 0.072247 0.072381 -0.045197
0.102027 -0.308726 -0.017189 -0.380723 -0.294606
0.102027 -0.308726 -0.017189 -0.380723 -0.294606
0.190057 -0.224677 0.02884 -0.319629 -0.252861
0.190057 -0.224677 0.02884 -0.319629 -0.252861
0.190057 -0.224677 0.02884 -0.319629 -0.252861
0.190057 -0.224677 0.02884 -0.319629 -0.252861
0.190057 -0.224677 0.02884 -0.319629 -0.252861
0.278762 -0.143657 0.166231 0.030549 -0.261514
0.138529 -0.280779 -0.032852 -0.463906 -0.233602
0.138529 -0.280779 -0.032852 -0.463906 -0.233602
0.395265 0.025369 0.187895 -0.162651 -0.36312
0.188895 -0.230024 0.019904 -0.168053 -0.111768
0.188895 -0.230024 0.019904 -0.168053 -0.111768
0.188895 -0.230024 0.019904 -0.168053 -0.111768
0.197527 -0.184889 0.020034 0.037655 0.018108
0.236092 -0.15407 -0.015588 -0.335886 -0.070928
0.078711 -0.344922 -0.110324 -0.302645 0.10262
0.16272 -0.251671 -0.077521 -0.277061 0.114321
0.224517 -0.071897 0.003958 -0.351692 -0.101379
0.206746 -0.183787 -0.027549 -0.425541 -0.133413
0.206746 -0.183787 -0.027549 -0.425541 -0.133413
0.206746 -0.183787 -0.027549 -0.425541 -0.133413
0.189829 -0.25657 -0.027003 -0.190797 0.041727
0.1465 -0.246729 -0.07549 -0.068845 0.214843
0.091611 -0.326392 -0.082839 0.11956 0.360649
0.06977 -0.309973 -0.073795 0.042087 0.279338
0.06977 -0.309973 -0.073795 0.042087 0.279338
0.088177 -0.31297 -0.079472 -0.157469 0.156551
0.088177 -0.31297 -0.079472 -0.157469 0.156551
0.06679 -0.308813 -0.107191 -0.083952 0.215388
0.06679 -0.308813 -0.107191 -0.083952 0.215388
0.06679 -0.308813 -0.107191 -0.083952 0.215388
0.117754 -0.214376 -0.041463 0.177848 0.330252
0.053644 -0.321079 -0.118049 -0.042751 0.302958
0.075176 -0.211925 -0.042574 0.176053 0.412971
0.081075 -0.203771 -0.012161 0.227915 0.385044
0.081075 -0.203771 -0.012161 0.227915 0.385044
0.127525 -0.231389 -0.025485 0.036343 0.327967
0.127525 -0.231389 -0.025485 0.036343 0.327967
0.178566 -0.198356 0.024181 0.14586 0.14345
0.178566 -0.198356 0.024181 0.14586 0.14345
0.208893 -0.040347 0.057448 -0.313206 -0.299913
0.208893 -0.040347 0.057448 -0.313206 -0.299913
0.208893 -0.040347 0.057448 -0.313206 -0.299913
0.208893 -0.040347 0.057448 -0.313206 -0.299913
0.100072 -0.164681 0.015088 -0.128082 -0.010503
0.133221 -0.16243 -0.007369 -0.46713 -0.293735
0.161499 -0.182974 -0.043229 -0.396052 -0.06999
0.155546 -0.199157 -0.043873 -0.34374 -0.054528
0.155546 -0.199157 -0.043873 -0.34374 -0.054528
0.155546 -0.199157 -0.043873 -0.34374 -0.054528
0.155546 -0.199157 -0.043873 -0.34374 -0.054528
0.155546 -0.199157 -0.043873 -0.34374 -0.054528
0.138782 -0.196712 -0.014363 -0.293001 -0.178094
0.192011 -0.055519 0.079766 -0.07392 -0.080301
0.158379 -0.177225 -0.047368 -0.422597 -0.115165
0.183618 -0.15265 -0.007265 -0.394218 -0.113902
0.183618 -0.15265 -0.007265 -0.394218 -0.113902
0.139742 -0.153386 -0.010637 -0.227244 0.033644
0.158478 -0.163136 0.021094 -0.047367 -0.015391
0.136569 -0.152037 -0.038473 -0.324144 -0.053147
0.102147 -0.260955 -0.084912 -0.214132 0.02947
0.102147 -0.260955 -0.084912 -0.214132 0.02947
0.154973 -0.213182 0.008743 0.245465 0.160631
0.095592 -0.218321 0.041002 0.1122 -0.066954
0.095592 -0.218321 0.041002 0.1122 -0.066954
0.131947 -0.135879 0.084396 0.224569 -0.05231
0.072788 -0.216558 0.008095 0.075433 0.039856
0.117095 -0.28695 0.016376 0.015964 0.029025
0.20933 -0.233722 0.010582 -0.092038 0.045665
0.20933 -0.233722 0.010582 -0.092038 0.045665
0.173747 -0.215324 -0.009127 -0.30077 -0.035635
0.142313 -0.223137 0.020799 0.047949 0.061592
0.142313 -0.223137 0.020799 0.047949 0.061592
0.130095 -0.285554 -0.030956 -0.089187 0.06797
0.132055 -0.272743 -0.072294 -0.323269 -0.028594
0.174811 -0.18164 -0.00281 -0.080652 0.115517
0.156436 -0.140138 -0.027714 -0.335451 0.091411
0.053676 -0.257178 -0.109025 -0.256144 0.200338
0.077169 -0.223148 -0.042293 -0.235795 0.027428
0.163826 -0.121834 0.013441 -0.380994 -0.221707
0.130733 -0.216961 -0.073583 -0.151211 0.246648
0.070296 -0.336023 -0.098732 -0.349513 -0.032164
0.070296 -0.336023 -0.098732 -0.349513 -0.032164
0.005897 -0.335917 -0.10201 -0.016958 0.285814
0.005897 -0.335917 -0.10201 -0.016958 0.285814
0.14557 -0.260444 0.01931 -0.187641 -0.179602
0.14557 -0.260444 0.01931 -0.187641 -0.179602
0.14557 -0.260444 0.01931 -0.187641 -0.179602
0.14557 -0.260444 0.01931 -0.187641 -0.179602
0.14557 -0.260444 0.01931 -0.187641 -0.179602
0.190804 -0.160403 0.027109 -0.161434 -0.047721
0.345221 -0.046691 0.118223 -0.297673 -0.334103
0.345221 -0.046691 0.118223 -0.297673 -0.334103
0.345221 -0.046691 0.118223 -0.297673 -0.334103
0.168072 -0.266088 -0.042606 -0.326521 -0.043671
0.168072 -0.266088 -0.042606 -0.326521 -0.043671
0.168072 -0.266088 -0.042606 -0.326521 -0.043671
0.168072 -0.266088 -0.042606 -0.326521 -0.043671
0.177036 -0.22342 -0.033906 -0.149518 0.202119
0.150719 -0.266753 -0.051432 -0.32185 0.029708
0.150719 -0.266753 -0.051432 -0.32185 0.029708
0.150719 -0.266753 -0.051432 -0.32185 0.029708
0.155287 -0.175388 -0.032607 -0.153256 0.113821
0.153883 -0.180024 -0.020329 -0.074278 0.233683
0.175465 -0.156411 -0.017147 -0.284411 -0.032426
0.303584 0.018761 0.14418 -0.175919 -0.306259
0.243165 -0.068372 0.131341 0.122095 -0.103534
0.243165 -0.068372 0.131341 0.122095 -0.103534
0.176645 -0.19651 0.085521 0.083785 -0.089076
0.168032 -0.148205 0.014623 0.01737 0.090159
0.168032 -0.148205 0.014623 0.01737 0.090159
0.168032 -0.148205 0.014623 0.01737 0.090159
0.116826 -0.317047 -0.015027 -0.007541 0.102078
0.116826 -0.317047 -0.015027 -0.007541 0.102078
0.116826 -0.317047 -0.015027 -0.007541 0.102078
0.164393 -0.152322 0.014084 -0.322257 -0.22594
0.164393 -0.152322 0.014084 -0.322257 -0.22594
0.164393 -0.152322 0.014084 -0.322257 -0.22594
0.186381 -0.130794 0.009002 -0.378505 -0.208671
0.205211 -0.076016 0.048286 0.085234 0.104427
0.205211 -0.076016 0.048286 0.085234 0.104427
0.138222 -0.206561 0.015163 0.108409 0.150704
0.112845 -0.251908 -0.017458 0.079738 0.18382
0.093739 -0.341443 -0.068177 -0.091775 0.095783
0.093739 -0.341443 -0.068177 -0.091775 0.095783
0.093739 -0.341443 -0.068177 -0.091775 0.095783
0.160918 -0.15095 0.018506 -0.240508 -0.179455
0.116828 -0.114357 0.016478 -0.295406 -0.208765
0.146016 -0.089599 0.022483 -0.288796 -0.217065
0.216471 -0.034624 0.013313 -0.475475 -0.198669
0.216471 -0.034624 0.013313 -0.475475 -0.198669
0.216471 -0.034624 0.013313 -0.475475 -0.198669
0.216471 -0.034624 0.013313 -0.475475 -0.198669
0.153939 -0.100977 -0.036555 -0.300552 -0.005949
0.153939 -0.100977 -0.036555 -0.300552 -0.005949
0.17699 -0.180769 0.011292 -0.17502 -0.178669
0.190959 -0.215979 0.033999 -0.254401 -0.221327
0.190959 -0.215979 0.033999 -0.254401 -0.221327
0.190959 -0.215979 0.033999 -0.254401 -0.221327
0.190959 -0.215979 0.033999 -0.254401 -0.221327
0.190959 -0.215979 0.033999 -0.254401 -0.221327
0.210228 -0.242507 -0.001879 -0.22927 -0.067972
0.210228 -0.242507 -0.001879 -0.22927 -0.067972
0.06885 -0.351661 -0.136527 -0.282312 0.227516
0.288616 -0.021832 0.066923 -0.269264 -0.031951
0.210361 -0.09678 0.009222 -0.357944 -0.13453
0.146255 -0.168548 -0.005505 -0.329686 -0.173807
0.146255 -0.168548 -0.005505 -0.329686 -0.173807
0.102027 -0.193768 -0.02453 -0.303042 -0.160558
0.233599 -0.073099 0.076344 -0.176511 -0.324467
0.209259 -0.183151 0.073094 -0.143475 -0.237915
0.160854 -0.26508 -0.01319 -0.084514 0.068003
0.107981 -0.350128 -0.077697 -0.318017 -0.012082
0.175901 -0.182481 0.074489 0.018802 -0.102878
0.240302 -0.10412 0.102895 -0.163027 -0.30569
0.263662 -0.163074 0.059553 -0.105423 -0.027004
0.263662 -0.163074 0.059553 -0.105423 -0.027004
0.263662 -0.163074 0.059553 -0.105423 -0.027004
0.272861 -0.133895 0.067565 -0.168581 -0.096732
0.272861 -0.133895 0.067565 -0.168581 -0.096732
0.272861 -0.133895 0.067565 -0.168581 -0.096732
0.15417 -0.309119 -0.063789 -0.348603 -0.014746
0.15417 -0.309119 -0.063789 -0.348603 -0.014746
0.114246 -0.27956 -0.024308 -0.259236 -0.049049
-0.005713 -0.379398 -0.098482 -0.029174 0.230926
-0.005713 -0.379398 -0.098482 -0.029174 0.230926
0.073746 -0.244387 -0.039677 -0.183457 0.028365
0.073746 -0.244387 -0.039677 -0.183457 0.028365
0.174562 -0.150355 0.001364 -0.210232 0.03842
0.075725 -0.256311 -0.064475 -0.247881 -0.002467
0.141754 -0.264799 -0.000227 -0.143476 -0.016781
0.327478 -0.05745 0.173753 0.174926 -0.091612
0.327478 -0.05745 0.173753 0.174926 -0.091612
0.322726 -0.025236 0.154899 0.000615 -0.200632
0.322726 -0.025236 0.154899 0.000615 -0.200632
0.322726 -0.025236 0.154899 0.000615 -0.200632
0.265954 -0.130619 0.035271 -0.125074 -0.044549
0.167569 -0.267862 -0.074139 -0.346594 -0.052036
0.113892 -0.232226 0.043767 0.024663 -0.105914
0.198316 -0.110126 0.103504 0.264675 0.124905
0.279206 -0.082946 0.094658 -0.001163 -0.060228
0.276434 -0.0982 0.084204 -0.059613 -0.101705
0.283237 -0.1354 0.028424 -0.281799 -0.080631
0.314126 0.067392 0.140584 -0.182773 -0.367348
0.314126 0.067392 0.140584 -0.182773 -0.367348
0.267679 0.006958 0.164455 -0.101672 -0.384064
0.19613 -0.154538 0.100571 -0.048192 -0.176934
0.12261 -0.269376 0.027575 0.25517 0.281218
0.064789 -0.353371 -0.110276 0.039815 0.484518
0.16896 -0.285362 -0.022185 0.200193 0.436044
0.16896 -0.285362 -0.022185 0.200193 0.436044
0.16896 -0.285362 -0.022185 0.200193 0.436044
0.16896 -0.285362 -0.022185 0.200193 0.436044
0.16896 -0.285362 -0.022185 0.200193 0.436044
0.16896 -0.285362 -0.022185 0.200193 0.436044
0.16896 -0.285362 -0.022185 0.200193 0.436044
0.106181 -0.328457 -0.025695 0.152672 0.244618
0.106181 -0.328457 -0.025695 0.152672 0.244618
0.165121 -0.202545 -0.040991 -0.06086 0.254282
0.165121 -0.202545 -0.040991 -0.06086 0.254282
0.253526 -0.026156 0.070125 -0.058509 -0.011266
0.283617 -0.019421 0.107335 0.163305 0.144774
0.283617 -0.019421 0.107335 0.163305 0.144774
0.283617 -0.019421 0.107335 0.163305 0.144774
0.251953 -0.008724 0.112853 0.237975 0.123869
0.14579 -0.112122 -0.048652 -0.149276 0.091318
0.173709 -0.167068 -0.008694 0.074066 0.27904
0.173709 -0.167068 -0.008694 0.074066 0.27904
0.180661 -0.194595 -0.001827 0.065179 0.224113
0.252127 -0.171279 0.049211 -0.150827 -0.035707
0.205387 -0.182992 -0.018209 -0.247531 0.027589
0.125118 -0.278815 -0.060747 -0.082273 0.192741
0.164082 -0.218049 -0.078157 -0.41701 -0.004351
0.156319 -0.135245 0.057325 9e-05 0.056323
0.20527 -0.078687 0.100339 0.090697 -0.143237
0.20527 -0.078687 0.100339 0.090697 -0.143237
0.179185 -0.165423 0.082884 0.352522 0.212689
0.179185 -0.165423 0.082884 0.352522 0.212689
0.167435 -0.306436 0.015709 -0.142817 -0.143235
0.140815 -0.304741 0.019652 -0.026628 -0.109666
0.065408 -0.257452 -0.081311 -0.055796 0.179893
0.065408 -0.257452 -0.081311 -0.055796 0.179893
0.065408 -0.257452 -0.081311 -0.055796 0.179893
0.014994 -0.347867 -0.087758 -0.082876 0.211622
0.115668 -0.191323 -0.017379 -0.226454 -0.074833
0.15556 -0.182485 0.005364 -0.080181 0.00728
0.175708 -0.186663 0.002434 -0.281036 -0.094963
0.175708 -0.186663 0.002434 -0.281036 -0.094963
0.175708 -0.186663 0.002434 -0.281036 -0.094963
0.175708 -0.186663 0.002434 -0.281036 -0.094963
0.175708 -0.186663 0.002434 -0.281036 -0.094963
0.144333 -0.247532 -0.029444 -0.202769 0.006044
0.144333 -0.247532 -0.029444 -0.202769 0.006044
0.197277 -0.172722 0.04881 0.050007 0.031008
0.241121 -0.099641 0.076513 -0.059057 -0.091391
0.241121 -0.099641 0.076513 -0.059057 -0.091391
0.241121 -0.099641 0.076513 -0.059057 -0.091391
0.241121 -0.099641 0.076513 -0.059057 -0.091391
0.213545 -0.110401 0.051117 -0.169909 -0.072514
0.200283 -0.204957 0.050531 0.24138 0.271584
0.200283 -0.204957 0.050531 0.24138 0.271584
0.198457 -0.158897 0.069069 0.174763 0.198183
0.193757 -0.034716 0.130018 -0.035489 -0.209513
0.139397 -0.178378 -0.008362 -0.525684 -0.239077
0.139397 -0.178378 -0.008362 -0.525684 -0.239077
0.097926 -0.253253 -0.064058 -0.364493 -0.022707
0.101209 -0.275392 -0.039244 -0.205685 0.053749
0.101209 -0.275392 -0.039244 -0.205685 0.053749
0.101209 -0.275392 -0.039244 -0.205685 0.053749
0.167413 -0.160427 0.013351 -0.220782 -0.037374
0.122501 -0.22656 -0.047807 -0.30281 0.021
0.160022 -0.275846 0.004497 -0.155317 -0.102651
0.193989 -0.135531 -0.018078 -0.31704 -0.02192
0.095082 -0.269234 -0.091756 -0.40919 -0.00857
0.178478 -0.197433 0.052206 -0.03055 -0.014402
0.178478 -0.197433 0.052206 -0.03055 -0.014402
0.178478 -0.197433 0.052206 -0.03055 -0.014402
0.047278 -0.285126 -0.088964 -0.128014 0.197785
0.047278 -0.285126 -0.088964 -0.128014 0.197785
0.047278 -0.285126 -0.088964 -0.128014 0.197785
0.072497 -0.217961 -0.072635 -0.314158 -0.000398
0.15098 -0.251822 -0.022988 -0.292311 -0.119172
0.15098 -0.251822 -0.022988 -0.292311 -0.119172
0.179075 -0.257125 0.035528 -0.056094 -0.023255
0.179075 -0.257125 0.035528 -0.056094 -0.023255
0.179075 -0.257125 0.035528 -0.056094 -0.023255
0.126793 -0.322086 0.013112 -0.034504 0.001149
0.073589 -0.292531 0.018068 -0.102857 -0.117074
0.073589 -0.292531 0.018068 -0.102857 -0.117074
0.102691 -0.253596 -0.025388 -0.316945 -0.076886
0.102691 -0.253596 -0.025388 -0.316945 -0.076886
0.066779 -0.298582 -0.046557 -0.312399 -0.060855
0.066779 -0.298582 -0.046557 -0.312399 -0.060855
0.066779 -0.298582 -0.046557 -0.312399 -0.060855
0.066779 -0.298582 -0.046557 -0.312399 -0.060855
0.094166 -0.298258 -0.032496 -0.058047 0.132987
0.041842 -0.28467 -0.052638 -0.459486 -0.184422
0.041842 -0.28467 -0.052638 -0.459486 -0.184422
0.041842 -0.28467 -0.052638 -0.459486 -0.184422
0.016079 -0.371951 -0.106139 -0.181863 0.144418
0.029445 -0.376274 -0.071187 -0.112752 0.000999
0.110299 -0.207874 -0.035841 -0.319434 -0.146331
0.086619 -0.293681 -0.035441 -0.073222 0.056631
0.086619 -0.293681 -0.035441 -0.073222 0.056631
0.047991 -0.341439 -0.051618 -0.048048 0.011125
0.090105 -0.248962 -0.005362 -0.025604 -0.054465
0.134247 -0.164166 0.01583 -0.303949 -0.269548
0.101483 -0.183605 -0.054762 -0.198274 0.09834
0.132437 -0.287266 -0.0963 -0.061635 0.335149
0.067434 -0.302534 -0.12298 -0.227576 0.120151
0.151764 -0.237204 -0.028949 -0.266427 -0.11218
0.151764 -0.237204 -0.028949 -0.266427 -0.11218
0.053656 -0.316338 -0.093495 -0.365328 -0.033744
0.053656 -0.316338 -0.093495 -0.365328 -0.033744
0.053656 -0.316338 -0.093495 -0.365328 -0.033744
0.1865 -0.065332 0.013586 -0.118525 0.028588
0.1865 -0.065332 0.013586 -0.118525 0.028588
0.1865 -0.065332 0.013586 -0.118525 0.028588
0.1865 -0.065332 0.013586 -0.118525 0.028588
0.1865 -0.065332 0.013586 -0.118525 0.028588
0.1865 -0.065332 0.013586 -0.118525 0.028588
0.241475 -0.066194 0.113388 0.168999 -0.085576
0.327686 -0.029122 0.175812 0.269436 -0.044635
0.218461 -0.146014 0.076984 -0.004573 0.031795
0.2924 -0.023103 0.115005 0.274044 0.328948
0.074701 -0.210142 -0.108717 -0.325225 0.173441
0.151668 -0.145578 0.000237 -0.415115 -0.216231
0.151668 -0.145578 0.000237 -0.415115 -0.216231
0.151668 -0.145578 0.000237 -0.415115 -0.216231
0.151668 -0.145578 0.000237 -0.415115 -0.216231
0.151668 -0.145578 0.000237 -0.415115 -0.216231
0.151668 -0.145578 0.000237 -0.415115 -0.216231
0.145313 -0.211483 0.002754 -0.034746 0.117997
0.145313 -0.211483 0.002754 -0.034746 0.117997
0.250955 -0.091901 0.111889 -0.055218 -0.080643
0.250955 -0.091901 0.111889 -0.055218 -0.080643
0.24502 -0.079305 0.101739 -0.002364 0.035234
0.254005 -0.038438 0.156685 0.01691 -0.096153
0.284028 -0.050013 0.162518 0.23815 0.161759
0.232907 -0.083654 0.116996 0.252289 0.151784
0.227261 -0.16914 0.056947 0.152262 0.197653
0.187324 -0.232486 -0.021049 -0.327778 -0.063432
0.187324 -0.232486 -0.021049 -0.327778 -0.063432
0.27982 -0.19998 0.098588 0.21378 0.148709
0.27982 -0.19998 0.098588 0.21378 0.148709
0.288342 -0.130834 0.138075 0.313255 0.221954
0.204644 -0.132433 0.102838 0.172927 0.089495
0.220873 -0.065508 0.054467 -0.139369 -0.070216
0.220873 -0.065508 0.054467 -0.139369 -0.070216
0.24218 0.01766 0.037553 -0.532051 -0.334018
0.24218 0.01766 0.037553 -0.532051 -0.334018
0.260426 -0.065111 0.069912 -0.317606 -0.260896
0.260426 -0.065111 0.069912 -0.317606 -0.260896
0.260426 -0.065111 0.069912 -0.317606 -0.260896
0.187381 -0.18744 -0.073858 -0.604179 -0.163282
0.187381 -0.18744 -0.073858 -0.604179 -0.163282
0.187381 -0.18744 -0.073858 -0.604179 -0.163282
0.187381 -0.18744 -0.073858 -0.604179 -0.163282
0.187381 -0.18744 -0.073858 -0.604179 -0.163282
0.211929 -0.167106 -0.027085 -0.272643 0.076848
0.211929 -0.167106 -0.027085 -0.272643 0.076848
0.193668 -0.267657 -0.049808 -0.189608 0.108064
0.031621 -0.387647 -0.146126 -0.145325 0.225866
0.065177 -0.276304 -0.033427 0.083096 0.118105
0.092639 -0.253206 -0.084818 -0.175914 0.007992
0.105955 -0.300626 -0.051222 -0.117552 -0.073898
0.173897 -0.219054 0.077443 0.081913 -0.160535
0.193495 -0.18641 0.091144 -0.103473 -0.242851
0.19927 -0.108307 0.140184 -0.052485 -0.332812
0.113047 -0.157614 0.073604 0.018202 -0.144711
0.089009 -0.212446 0.047091 0.052696 -0.004395
0.181057 -0.09676 0.126658 0.294484 0.03509
0.093004 -0.22214 -0.02656 -0.162098 0.044227
0.078089 -0.328727 -0.074953 -0.358538 -0.050286
0.078089 -0.328727 -0.074953 -0.358538 -0.050286
0.136932 -0.262309 -0.041417 -0.093249 0.098038
0.136932 -0.262309 -0.041417 -0.093249 0.098038
0.130939 -0.301318 -0.080883 -0.044473 0.230816
0.1403 -0.212632 -0.084411 -0.280755 0.133556
0.244691 -0.090646 0.022688 -0.065567 0.103487
0.141071 -0.257597 -0.112521 -0.344142 0.159839
0.141071 -0.257597 -0.112521 -0.344142 0.159839
0.141071 -0.257597 -0.112521 -0.344142 0.159839
0.10752 -0.271388 -0.112874 -0.39559 0.085743
0.249411 -0.136505 0.05749 -0.078131 -0.025531
0.171799 -0.157711 -0.054081 -0.572466 -0.27147
0.174692 -0.08849 0.056386 -0.166739 -0.21339
0.098681 -0.236079 -0.007784 -0.248039 -0.267977
0.206206 -0.072427 0.094948 -0.163445 -0.16031
0.189724 -0.177177 0.04517 -0.168223 -0.063739
0.13405 -0.145869 0.023449 -0.072072 0.031979
0.13405 -0.145869 0.023449 -0.072072 0.031979
0.186126 -0.110956 0.070349 0.23119 0.168016
0.073448 -0.270377 -0.092417 -0.034387 0.280948
0.073448 -0.270377 -0.092417 -0.034387 0.280948
0.093338 -0.232494 -0.028419 0.041371 0.216902
0.093338 -0.232494 -0.028419 0.041371 0.216902
0.051573 -0.325825 -0.06282 -0.044565 0.218234
0.094708 -0.367919 -0.065169 -0.038584 0.176556
0.125594 -0.334645 -0.063315 -0.192839 0.017769
0.166035 -0.317295 -0.037498 -0.222194 -0.016503
0.239642 -0.146161 0.054061 0.034701 -0.015099
0.267836 -0.126563 0.05461 -0.052528 -0.038388
0.266892 -0.059545 0.121424 0.049811 -0.279538
0.261359 -0.059137 0.093797 -0.089121 -0.234735
0.275752 -0.126882 0.095223 0.028487 -0.087112
0.275752 -0.126882 0.095223 0.028487 -0.087112
0.275752 -0.126882 0.095223 0.028487 -0.087112
0.210078 -0.198421 -0.035661 -0.217275 0.147497
0.210078 -0.198421 -0.035661 -0.217275 0.147497
0.112841 -0.315009 -0.087636 -0.201895 0.221034
0.113595 -0.239342 -0.037654 -0.028419 0.165499
0.160228 -0.086237 0.038238 -0.0402 0.075765
0.16692 -0.103902 0.043479 -0.195739 -0.099693
0.16692 -0.103902 0.043479 -0.195739 -0.099693
0.16692 -0.103902 0.043479 -0.195739 -0.099693
0.150915 -0.182727 -0.02374 -0.227402 0.069646
0.184613 -0.194015 0.009938 -0.231004 -0.060757
0.184613 -0.194015 0.009938 -0.231004 -0.060757
0.184613 -0.194015 0.009938 -0.231004 -0.060757
0.166551 -0.283384 -0.024534 -0.173935 0.013171
0.166551 -0.283384 -0.024534 -0.173935 0.013171
0.191466 -0.210088 0.020875 -0.255939 -0.185716
0.191466 -0.210088 0.020875 -0.255939 -0.185716
0.191466 -0.210088 0.020875 -0.255939 -0.185716
0.148008 -0.257981 -0.022197 -0.201152 -0.006935
0.148008 -0.257981 -0.022197 -0.201152 -0.006935
0.127792 -0.347099 -0.026784 -0.120983 0.037754
0.279795 -0.056618 0.088984 -0.039332 -0.117264
0.165109 -0.19293 0.010321 0.077821 0.18929
0.165109 -0.19293 0.010321 0.077821 0.18929
0.158545 -0.118481 0.096956 0.34438 0.136832
0.140754 -0.243652 -0.01308 0.277822 0.304055
0.140754 -0.243652 -0.01308 0.277822 0.304055
0.132159 -0.232471 0.012586 0.19308 0.159222
0.132159 -0.232471 0.012586 0.19308 0.159222
0.132159 -0.232471 0.012586 0.19308 0.159222
0.132159 -0.232471 0.012586 0.19308 0.159222
0.110621 -0.114494 -0.00689 0.208923 0.193087
0.110621 -0.114494 -0.00689 0.208923 0.193087
0.127088 -0.11737 0.003487 0.167098 0.106647
0.211036 0.045378 0.05225 -0.263109 -0.242336
0.151536 -0.031739 -0.014747 -0.191971 -0.050896
0.151536 -0.031739 -0.014747 -0.191971 -0.050896
0.071578 -0.215164 -0.030168 -0.019572 -0.032443
0.071578 -0.215164 -0.030168 -0.019572 -0.032443
0.067542 -0.288667 -0.034146 0.020789 -0.002317
0.064537 -0.3789 -0.059625 -0.095323 -0.022481
0.088689 -0.312619 -0.037771 -0.177105 -0.122458
0.137274 -0.29608 -0.004727 -0.211668 -0.147483
0.130621 -0.357068 -0.063256 -0.261292 -0.079676
0.217212 -0.246267 0.081757 0.040118 -0.129246
0.265068 -0.173757 0.110422 0.015545 -0.081215
0.213472 -0.123657 0.061542 0.095964 0.031421
0.202438 -0.143267 0.010771 -0.261445 -0.046569
0.137858 -0.197988 -0.039491 -0.301493 0.008556
0.234106 -0.114354 0.065524 0.058003 0.074098
0.262886 -0.154781 0.070343 0.0443 0.067105
0.163326 -0.209339 -0.010391 0.129669 0.324754
0.114314 -0.273549 -0.025563 0.102907 0.24321
0.261721 -0.03919 0.13109 -0.098629 -0.260577
0.294638 -0.041042 0.12404 -0.121489 -0.154821
0.229341 -0.083662 0.097809 -0.104933 -0.128346
0.193827 -0.114594 0.042337 -0.153124 -0.091939
0.147806 -0.086435 0.001495 -0.263486 -0.026095
0.147806 -0.086435 0.001495 -0.263486 -0.026095
0.147806 -0.086435 0.001495 -0.263486 -0.026095
0.196331 -0.040284 0.022928 -0.063154 0.135017
0.189006 -0.149692 0.035981 -0.190192 0.015107
0.14622 -0.194971 0.023148 -0.233402 -0.061382
0.142312 -0.206484 0.004322 -0.3818 -0.164349
0.142312 -0.206484 0.004322 -0.3818 -0.164349
0.142312 -0.206484 0.004322 -0.3818 -0.164349
0.142312 -0.206484 0.004322 -0.3818 -0.164349
0.142312 -0.206484 0.004322 -0.3818 -0.164349
0.104996 -0.213027 -0.033412 -0.347112 -0.089789
0.119838 -0.202181 0.0142 -0.125167 -0.00624
0.119838 -0.202181 0.0142 -0.125167 -0.00624
0.18355 -0.150725 0.045018 0.104999 0.164666
0.18355 -0.150725 0.045018 0.104999 0.164666
0.172037 -0.088735 0.076788 -0.023912 -0.084649
0.211292 -0.110911 0.096541 -0.004738 -0.075092
0.177064 -0.256019 0.038049 0.25154 0.291937
0.231264 -0.234685 0.070022 0.150191 0.122216
0.256356 -0.162889 0.116439 0.222542 0.089674
0.194454 -0.165993 0.091981 0.323122 0.277739
0.194454 -0.165993 0.091981 0.323122 0.277739
0.124845 -0.26143 0.054975 0.013669 0.019448
0.144031 -0.242978 0.065197 -0.127436 -0.181086
0.11295 -0.249067 0.005848 -0.269014 -0.105411
0.026247 -0.408685 -0.160204 -0.502818 0.067456
0.026247 -0.408685 -0.160204 -0.502818 0.067456
0.112806 -0.306295 -0.022703 0.141613 0.295075
0.145376 -0.160486 0.01176 0.081832 0.160048
0.240731 -0.106397 0.104181 0.036715 -0.112893
0.326589 0.085553 0.129684 -0.148464 -0.231599
0.233337 -0.180381 0.031883 0.214845 0.33991
0.233337 -0.180381 0.031883 0.214845 0.33991
0.169219 -0.326736 -0.019943 0.211474 0.333633
0.169219 -0.326736 -0.019943 0.211474 0.333633
0.221808 -0.233977 -0.007858 -0.069513 0.157003
0.221808 -0.233977 -0.007858 -0.069513 0.157003
0.221808 -0.233977 -0.007858 -0.069513 0.157003
0.221808 -0.233977 -0.007858 -0.069513 0.157003
0.224894 -0.217849 0.018313 -0.162842 -0.108335
0.224894 -0.217849 0.018313 -0.162842 -0.108335
0.265607 -0.146847 0.081141 -0.119034 -0.133244
0.27847 -0.033125 0.153516 -0.006127 -0.167853
0.222544 -0.103063 0.115395 -0.099352 -0.204795
0.222544 -0.103063 0.115395 -0.099352 -0.204795
0.273317 -0.068748 0.138231 -0.068791 -0.282229
0.123708 -0.202756 0.038705 -0.11978 -0.19137
0.193471 -0.117237 0.072388 -0.111412 -0.193024
0.179436 -0.121712 0.088281 -0.181703 -0.323554
0.102442 -0.186964 0.023967 -0.321352 -0.249364
0.158969 -0.222961 0.000253 -0.291054 -0.081868
0.158969 -0.222961 0.000253 -0.291054 -0.081868
0.218165 -0.232231 -0.019169 -0.31588 -0.034683
0.218165 -0.232231 -0.019169 -0.31588 -0.034683
0.218165 -0.232231 -0.019169 -0.31588 -0.034683
0.218165 -0.232231 -0.019169 -0.31588 -0.034683
0.218165 -0.232231 -0.019169 -0.31588 -0.034683
0.070717 -0.27462 -0.080941 -0.426334 0.01973
0.070717 -0.27462 -0.080941 -0.426334 0.01973
0.070717 -0.27462 -0.080941 -0.426334 0.01973
0.070717 -0.27462 -0.080941 -0.426334 0.01973
0.070717 -0.27462 -0.080941 -0.426334 0.01973
0.070717 -0.27462 -0.080941 -0.426334 0.01973
0.102321 -0.253446 -0.085951 -0.509563 -0.017615
0.102321 -0.253446 -0.085951 -0.509563 -0.017615
0.223869 -0.166965 0.0727 -0.00534 -0.054955
0.223869 -0.166965 0.0727 -0.00534 -0.054955
0.145934 -0.307455 -0.020843 -0.009132 0.18281
0.145934 -0.307455 -0.020843 -0.009132 0.18281
0.145934 -0.307455 -0.020843 -0.009132 0.18281
0.145934 -0.307455 -0.020843 -0.009132 0.18281
0.09217 -0.334201 -0.083802 -0.206427 0.131487
0.09217 -0.334201 -0.083802 -0.206427 0.131487
0.104121 -0.258431 -0.057939 -0.085092 0.210758
0.165159 -0.272479 -0.007012 0.083768 0.224189
0.165159 -0.272479 -0.007012 0.083768 0.224189
0.101256 -0.250532 -0.083154 -0.077602 0.233315
0.157265 -0.268979 -0.055826 -0.194171 0.139358
0.21036 -0.19072 0.034955 -0.042097 -0.065689
0.155628 -0.243043 -0.013689 0.01193 0.136969
0.155628 -0.243043 -0.013689 0.01193 0.136969
0.155628 -0.243043 -0.013689 0.01193 0.136969
0.076732 -0.332407 -0.081667 -0.020088 0.254517
0.076732 -0.332407 -0.081667 -0.020088 0.254517
0.076732 -0.332407 -0.081667 -0.020088 0.254517
0.141217 -0.227547 -0.021853 -0.367657 -0.130636
0.122252 -0.295341 0.005315 -0.035301 -0.019643
0.115584 -0.185748 -0.013177 -0.121734 -0.022332
0.115584 -0.185748 -0.013177 -0.121734 -0.022332
0.115584 -0.185748 -0.013177 -0.121734 -0.022332
0.168499 -0.163003 -0.012397 -0.34247 -0.149009
0.168499 -0.163003 -0.012397 -0.34247 -0.149009
0.168499 -0.163003 -0.012397 -0.34247 -0.149009
0.267944 -0.026028 0.067428 -0.419233 -0.370872
0.285203 -0.072021 0.079332 -0.235663 -0.361231
0.256299 -0.047246 0.0307 -0.472999 -0.41524
0.256299 -0.047246 0.0307 -0.472999 -0.41524
0.256299 -0.047246 0.0307 -0.472999 -0.41524
0.256299 -0.047246 0.0307 -0.472999 -0.41524
0.256299 -0.047246 0.0307 -0.472999 -0.41524
0.302977 -0.078796 0.072947 -0.325955 -0.379979
0.225043 -0.21283 -0.007638 -0.315785 -0.117851
0.225043 -0.21283 -0.007638 -0.315785 -0.117851
0.225043 -0.21283 -0.007638 -0.315785 -0.117851
0.224031 -0.143723 0.042496 -0.372147 -0.251707
0.224031 -0.143723 0.042496 -0.372147 -0.251707
0.224031 -0.143723 0.042496 -0.372147 -0.251707
0.224031 -0.143723 0.042496 -0.372147 -0.251707
0.220652 -0.210384 0.013856 -0.23468 -0.029298
0.220652 -0.210384 0.013856 -0.23468 -0.029298
0.247943 -0.103427 0.081787 -0.296142 -0.26811
0.170427 -0.113455 0.039572 -0.262976 -0.15966
0.20885 -0.206405 0.035395 0.087449 0.246207
0.204686 -0.15649 0.008438 -0.09747 0.128896
0.204686 -0.15649 0.008438 -0.09747 0.128896
0.147435 -0.231094 -0.023517 -0.201482 0.104218
0.147435 -0.231094 -0.023517 -0.201482 0.104218
0.162847 -0.184991 0.00307 -0.324697 -0.177094
0.162847 -0.184991 0.00307 -0.324697 -0.177094
0.140377 -0.283497 -0.02457 -0.330629 -0.102183
0.18491 -0.274946 -0.032057 -0.336059 -0.073239
0.18491 -0.274946 -0.032057 -0.336059 -0.073239
0.231098 -0.155648 0.006591 -0.321906 -0.122879
0.231098 -0.155648 0.006591 -0.321906 -0.122879
0.242318 -0.192523 0.082884 0.112986 -0.051993
0.173482 -0.268816 -0.023993 -0.300142 -0.217083
0.174966 -0.147425 0.028586 -0.06606 -0.141075
0.279731 -0.012409 0.101553 -0.4679 -0.505743
0.279731 -0.012409 0.101553 -0.4679 -0.505743
0.279731 -0.012409 0.101553 -0.4679 -0.505743
0.246621 -0.047767 0.10589 -0.291519 -0.364223
0.246621 -0.047767 0.10589 -0.291519 -0.364223
0.246621 -0.047767 0.10589 -0.291519 -0.364223
0.246621 -0.047767 0.10589 -0.291519 -0.364223
0.246621 -0.047767 0.10589 -0.291519 -0.364223
0.246621 -0.047767 0.10589 -0.291519 -0.364223
0.241486 -0.114359 0.052157 -0.20727 -0.123559
0.274231 -0.125704 0.098159 -0.100849 -0.202358
0.274231 -0.125704 0.098159 -0.100849 -0.202358
0.17932 -0.204609 0.024591 0.001833 0.023011
0.17932 -0.204609 0.024591 0.001833 0.023011
0.080618 -0.302807 -0.032115 0.079131 0.154823
0.215868 -0.118608 0.054069 -0.147389 -0.024063
0.251421 -0.114691 0.047458 -0.373925 -0.235334
0.251421 -0.114691 0.047458 -0.373925 -0.235334
0.251421 -0.114691 0.047458 -0.373925 -0.235334
0.209493 -0.18301 0.000184 -0.455058 -0.223932
0.177191 -0.257959 -0.046303 -0.297937 -0.008641
0.114026 -0.210164 -0.081543 -0.264006 0.085925
0.114026 -0.210164 -0.081543 -0.264006 0.085925
0.114026 -0.210164 -0.081543 -0.264006 0.085925
0.238315 0.030896 0.134612 -0.158624 -0.329032
0.161619 -0.138127 0.049306 0.039843 0.106183
0.161619 -0.138127 0.049306 0.039843 0.106183
0.161619 -0.138127 0.049306 0.039843 0.106183
0.161619 -0.138127 0.049306 0.039843 0.106183
0.130788 -0.301762 -0.037847 -0.151581 0.041352
0.130788 -0.301762 -0.037847 -0.151581 0.041352
0.126893 -0.255705 -0.009709 -0.233826 -0.036833
0.112825 -0.339038 0.018452 0.299511 0.222743
0.13874 -0.353543 0.014563 0.211675 0.252006
0.149564 -0.270278 0.035303 0.20078 0.186267
0.223089 -0.170033 0.060015 0.019424 0.09493
0.248248 -0.139088 0.061025 -0.02471 0.041505
0.243422 -0.097427 0.056265 0.07133 0.171151
0.243422 -0.097427 0.056265 0.07133 0.171151
0.154063 -0.218203 0.023997 0.168713 0.293604
0.119067 -0.32053 -0.061586 -0.107425 0.040269
0.166563 -0.273017 -0.020492 0.039359 0.126867
0.166563 -0.273017 -0.020492 0.039359 0.126867
0.166563 -0.273017 -0.020492 0.039359 0.126867
0.166563 -0.273017 -0.020492 0.039359 0.126867
0.166563 -0.273017 -0.020492 0.039359 0.126867
0.166563 -0.273017 -0.020492 0.039359 0.126867
0.08905 -0.23811 -0.032829 0.256056 0.374018
0.096015 -0.114127 -0.00396 -0.048604 0.111689
0.140229 -0.115748 0.047051 -0.003048 0.044392
0.181029 -0.127279 0.110378 0.265741 0.171912
0.181029 -0.127279 0.110378 0.265741 0.171912
0.107212 -0.220636 0.011499 0.033162 0.114432
0.115834 -0.225075 -0.029886 0.106845 0.383492
0.205965 -0.167649 0.004139 -0.108027 0.17217
0.212531 -0.119054 0.032939 -0.193599 -0.038935
0.199083 -0.143906 0.046912 -0.198551 -0.182867
0.194947 -0.158209 -0.002035 -0.075722 0.062251
0.194947 -0.158209 -0.002035 -0.075722 0.062251
0.194947 -0.158209 -0.002035 -0.075722 0.062251
0.333997 -0.024461 0.082084 -0.19217 -0.142798
0.290449 -0.074659 0.143993 -0.010107 -0.33862
0.296378 -0.09065 0.129727 -0.141046 -0.358414
0.303363 -0.077761 0.098744 -0.268434 -0.303521
0.258487 -0.164667 0.044089 -0.213374 -0.109156
0.258487 -0.164667 0.044089 -0.213374 -0.109156
0.273671 -0.145186 0.05913 -0.215668 -0.097529
0.250639 -0.110031 0.018336 -0.185365 0.096376
0.194074 -0.18885 -0.046134 -0.293371 -0.014191
0.114583 -0.166503 -0.015358 -0.023693 0.065634
0.138123 -0.100607 -0.007699 -0.220063 -0.032274
0.138123 -0.100607 -0.007699 -0.220063 -0.032274
0.245538 -0.082898 0.069345 -0.057884 -0.126837
0.28811 -0.06752 0.032642 -0.203646 -0.029555
0.225782 -0.070406 0.040996 0.002923 0.042527
0.269069 -0.04602 0.093255 0.166998 0.115374
0.269069 -0.04602 0.093255 0.166998 0.115374
0.269069 -0.04602 0.093255 0.166998 0.115374
0.20253 -0.103233 0.034355 -0.058054 0.037755
0.275303 -0.070452 0.135096 -0.019034 -0.231387
0.280342 -0.045685 0.076845 -0.01677 -0.09656
0.232377 -0.104478 0.024101 0.016606 0.010088
0.194097 -0.21646 -0.018722 0.125771 0.227981
0.194097 -0.21646 -0.018722 0.125771 0.227981
0.194097 -0.21646 -0.018722 0.125771 0.227981
0.194097 -0.21646 -0.018722 0.125771 0.227981
0.194097 -0.21646 -0.018722 0.125771 0.227981
0.164148 -0.20807 -0.010831 0.138305 0.247885
0.164148 -0.20807 -0.010831 0.138305 0.247885
0.246651 -0.214059 0.069122 0.131635 0.108939
0.245265 -0.123934 0.125085 0.201725 -0.091952
0.155874 -0.188983 0.049008 0.066984 0.005145
0.18239 -0.152689 0.018702 -0.19224 -0.070161
0.087036 -0.2125 -0.01438 0.060076 0.195623
0.145314 -0.283417 0.042977 0.110972 0.082968
0.178162 -0.231389 -0.017405 -0.263822 -0.018671
0.209934 -0.17468 0.018112 -0.170261 -0.103477
0.032529 -0.342441 -0.094738 -0.018104 0.200492
0.026642 -0.324215 -0.109208 -0.193805 0.099883
0.026642 -0.324215 -0.109208 -0.193805 0.099883
0.173836 -0.166244 -0.04124 -0.43984 -0.147745
0.173836 -0.166244 -0.04124 -0.43984 -0.147745
0.236046 -0.085844 0.040445 -0.322298 -0.247082
0.275317 -0.075121 0.137645 0.084653 -0.183446
0.251943 -0.086514 0.081118 -0.228181 -0.318889
0.251943 -0.086514 0.081118 -0.228181 -0.318889
0.251943 -0.086514 0.081118 -0.228181 -0.318889
0.251943 -0.086514 0.081118 -0.228181 -0.318889
0.251943 -0.086514 0.081118 -0.228181 -0.318889
0.251943 -0.086514 0.081118 -0.228181 -0.318889
0.251943 -0.086514 0.081118 -0.228181 -0.318889
0.085999 -0.137738 0.012171 -0.060259 -0.010679
0.040856 -0.245421 -0.086435 0.005696 0.263099
0.139378 -0.179972 -0.043886 0.105791 0.371658
0.139378 -0.179972 -0.043886 0.105791 0.371658
0.139378 -0.179972 -0.043886 0.105791 0.371658
0.139032 -0.201561 0.004532 0.186706 0.374252
0.139032 -0.201561 0.004532 0.186706 0.374252
0.088114 -0.230466 -0.018369 0.233208 0.377331
0.088114 -0.230466 -0.018369 0.233208 0.377331
0.088114 -0.230466 -0.018369 0.233208 0.377331
0.088114 -0.230466 -0.018369 0.233208 0.377331
0.088114 -0.230466 -0.018369 0.233208 0.377331
0.088114 -0.230466 -0.018369 0.233208 0.377331
0.088114 -0.230466 -0.018369 0.233208 0.377331
0.181026 -0.15898 0.049679 0.033901 0.015118
0.181026 -0.15898 0.049679 0.033901 0.015118
0.103592 -0.172363 0.037224 0.123621 0.072362
0.111113 -0.152712 0.049346 0.016219 -0.080492
0.105558 -0.193243 -0.037308 -0.069998 0.126798
0.17502 -0.113876 0.051266 -0.14071 -0.238485
0.17502 -0.113876 0.051266 -0.14071 -0.238485
0.150976 -0.126815 0.068921 0.092392 -0.072551
0.15117 -0.119279 0.019357 -0.078023 -0.04696
0.15117 -0.119279 0.019357 -0.078023 -0.04696
0.15117 -0.119279 0.019357 -0.078023 -0.04696
0.201054 -0.113877 -0.005783 -0.178816 0.041895
0.224867 -0.169211 0.005359 -0.201088 -0.023193
0.193339 -0.257098 -0.013951 -0.106791 -0.014168
0.083963 -0.315616 -0.116434 -0.315891 0.008022
0.066526 -0.25187 -0.103998 -0.051618 0.221945
0.19675 -0.169515 -0.032035 -0.00144 0.194115
0.19675 -0.169515 -0.032035 -0.00144 0.194115
0.234747 -0.231629 -0.030572 -0.112584 0.194146
0.151634 -0.307473 -0.068925 -0.29289 0.046999
0.157163 -0.260095 -0.052679 -0.3919 -0.029208
0.157163 -0.260095 -0.052679 -0.3919 -0.029208
0.157163 -0.260095 -0.052679 -0.3919 -0.029208
0.228156 -0.096497 0.070146 -0.147153 -0.073571
0.228156 -0.096497 0.070146 -0.147153 -0.073571
0.12211 -0.182808 -0.046357 -0.178713 0.08251
0.15889 -0.193611 -0.0045 -0.238113 -0.082058
0.142697 -0.186261 0.004395 -0.165904 -0.057526
0.089361 -0.286217 -0.040856 -0.21003 -0.011191
0.089361 -0.286217 -0.040856 -0.21003 -0.011191
0.125848 -0.212512 0.029769 0.025319 0.026995
0.238457 -0.052362 0.167773 0.104662 -0.131087
0.225582 -0.059143 0.201636 0.084893 -0.25333
0.304661 0.095349 0.253071 0.245904 -0.238662
0.209098 0.054919 0.151713 -0.104038 -0.408668
0.215835 0.047095 0.151279 -0.045375 -0.277474
0.215835 0.047095 0.151279 -0.045375 -0.277474
0.128165 -0.092953 -0.006416 -0.30526 -0.169932
0.060513 -0.277702 -0.107248 -0.532608 -0.063734
0.060513 -0.277702 -0.107248 -0.532608 -0.063734
0.060513 -0.277702 -0.107248 -0.532608 -0.063734
0.060513 -0.277702 -0.107248 -0.532608 -0.063734
0.060513 -0.277702 -0.107248 -0.532608 -0.063734
0.117693 -0.230086 -0.034412 -0.158398 -0.001176
0.179273 -0.198552 -0.00231 -0.20218 -0.05395
0.179273 -0.198552 -0.00231 -0.20218 -0.05395
0.069505 -0.421735 -0.068761 -0.094601 0.084766
0.149326 -0.286194 -0.004416 -0.036366 0.048367
0.093515 -0.221581 -0.017586 0.040023 0.11746
0.02993 -0.249919 -0.101734 0.007435 0.355183
0.067654 -0.328473 -0.051245 0.164039 0.418189
0.067654 -0.328473 -0.051245 0.164039 0.418189
0.067654 -0.328473 -0.051245 0.164039 0.418189
0.085256 -0.347842 -0.094401 -0.165065 0.223758
0.085256 -0.347842 -0.094401 -0.165065 0.223758
0.120406 -0.282443 -0.073629 -0.310794 0.119047
0.153383 -0.187867 -0.044932 -0.149668 0.250796
0.153383 -0.187867 -0.044932 -0.149668 0.250796
0.208555 -0.107318 -0.004623 -0.058394 0.066729
0.192251 -0.068416 0.011 0.046712 0.219033
0.210526 -0.197223 0.004519 0.063387 0.297075
0.197424 -0.200241 0.022902 0.165054 0.314285
0.128537 -0.283785 -0.041345 0.04996 0.269051
0.224461 -0.174434 0.029782 0.013588 0.105561
0.285183 -0.019682 0.117791 0.166022 0.122485
0.207047 -0.248868 0.05942 0.242159 0.126245
0.174207 -0.196206 0.063997 0.210922 0.106541
0.168223 -0.213982 -0.029262 0.207636 0.354307
0.13373 -0.158886 -0.029467 0.089122 0.270278
0.13373 -0.158886 -0.029467 0.089122 0.270278
0.13373 -0.158886 -0.029467 0.089122 0.270278
0.170336 -0.125159 -0.020714 -0.106658 0.083915
0.170336 -0.125159 -0.020714 -0.106658 0.083915
0.170336 -0.125159 -0.020714 -0.106658 0.083915
0.170336 -0.125159 -0.020714 -0.106658 0.083915
0.170336 -0.125159 -0.020714 -0.106658 0.083915
0.170336 -0.125159 -0.020714 -0.106658 0.083915
0.170336 -0.125159 -0.020714 -0.106658 0.083915
0.170336 -0.125159 -0.020714 -0.106658 0.083915
0.191986 -0.074427 -0.002885 -0.185933 -0.034147
0.179224 -0.143772 0.02797 -0.315052 -0.280715
0.179224 -0.143772 0.02797 -0.315052 -0.280715
0.179224 -0.143772 0.02797 -0.315052 -0.280715
0.179224 -0.143772 0.02797 -0.315052 -0.280715
0.179224 -0.143772 0.02797 -0.315052 -0.280715
0.179224 -0.143772 0.02797 -0.315052 -0.280715
0.179224 -0.143772 0.02797 -0.315052 -0.280715
0.103124 -0.239602 -0.034851 -0.112838 0.005305
0.103124 -0.239602 -0.034851 -0.112838 0.005305
0.155608 -0.14724 0.051156 0.177331 0.034497
0.085468 -0.250285 -0.031561 0.106336 0.159216
0.155886 -0.142202 0.032434 0.108747 0.055812
0.022409 -0.328125 -0.129532 -0.15769 0.248085
0.029406 -0.362491 -0.109107 0.004943 0.337125
0.029406 -0.362491 -0.109107 0.004943 0.337125
0.029406 -0.362491 -0.109107 0.004943 0.337125
-0.017991 -0.432462 -0.125821 -0.171741 0.187261
-0.044311 -0.382554 -0.121202 -0.158603 0.178931
-0.044744 -0.512693 -0.147594 -0.018801 0.325842
-0.044744 -0.512693 -0.147594 -0.018801 0.325842
-0.044744 -0.512693 -0.147594 -0.018801 0.325842
0.072595 -0.377312 -0.035654 0.044063 0.116915
0.088862 -0.259283 -0.019092 -0.211257 -0.089607
0.088862 -0.259283 -0.019092 -0.211257 -0.089607
0.086574 -0.297911 -0.010754 -0.075024 -0.061827
0.094969 -0.258188 0.007955 -0.06213 -0.158833
0.100003 -0.280815 -0.014998 -0.101187 -0.063493
0.160815 -0.251457 0.020908 0.159753 0.09744
0.127176 -0.240793 -0.069332 -0.024506 0.201538
0.157956 -0.188523 -0.008691 0.13877 0.202119
0.23481 -0.146815 0.076704 0.018334 -0.064249
0.269895 -0.069442 0.135682 0.272877 0.066982
0.175769 -0.180515 -0.006023 0.054964 0.130186
0.191046 -0.180425 -0.0126 -0.080288 0.07407
0.168922 -0.190549 -0.025096 -0.061482 0.153363
0.168922 -0.190549 -0.025096 -0.061482 0.153363
0.321111 -0.070079 0.109448 0.056447 -0.020122
0.277357 -0.119492 0.061453 0.049021 0.029496
0.197779 -0.185902 0.09348 -0.066885 -0.227572
0.197779 -0.185902 0.09348 -0.066885 -0.227572
0.201287 -0.141718 0.031988 -0.386177 -0.283223
0.201287 -0.141718 0.031988 -0.386177 -0.283223
0.201287 -0.141718 0.031988 -0.386177 -0.283223
0.201287 -0.141718 0.031988 -0.386177 -0.283223
0.201287 -0.141718 0.031988 -0.386177 -0.283223
0.201287 -0.141718 0.031988 -0.386177 -0.283223
0.201287 -0.141718 0.031988 -0.386177 -0.283223
0.201287 -0.141718 0.031988 -0.386177 -0.283223
0.192214 -0.201671 0.023464 -0.101021 -0.051994
0.183558 -0.273301 -0.011926 -0.146878 0.00207
0.107764 -0.197023 -0.033419 0.109762 0.280633
0.129565 -0.225893 0.022592 0.082528 0.104375
0.164712 -0.26014 0.040571 -0.061468 -0.053916
0.201568 -0.133616 0.004891 -0.382716 -0.102246
0.201568 -0.133616 0.004891 -0.382716 -0.102246
0.197552 -0.154455 0.035268 -0.235235 -0.148489
0.197552 -0.154455 0.035268 -0.235235 -0.148489
0.25865 -0.09007 0.064377 -0.333148 -0.270502
0.25865 -0.09007 0.064377 -0.333148 -0.270502
0.25865 -0.09007 0.064377 -0.333148 -0.270502
0.25865 -0.09007 0.064377 -0.333148 -0.270502
0.25865 -0.09007 0.064377 -0.333148 -0.270502
0.199348 -0.186237 0.017819 -0.044411 0.022818
0.119086 -0.269228 -0.015911 -0.034351 0.021163
0.119086 -0.269228 -0.015911 -0.034351 0.021163
0.266153 -0.172518 0.074882 -0.025991 -0.04718
0.140571 -0.260846 -0.109638 -0.559583 -0.068615
0.140571 -0.260846 -0.109638 -0.559583 -0.068615
0.134431 -0.280125 -0.061 -0.498084 -0.198102
0.134868 -0.22956 0.011865 -0.138042 -0.036847
0.158742 -0.219554 0.02546 0.020209 0.047809
0.158742 -0.219554 0.02546 0.020209 0.047809
0.193562 -0.19039 -0.006814 -0.236967 -0.018923
0.193562 -0.19039 -0.006814 -0.236967 -0.018923
0.193562 -0.19039 -0.006814 -0.236967 -0.018923
0.265338 -0.074266 0.011392 -0.162234 0.068672
0.213989 -0.096265 0.062411 -0.114018 -0.114527
0.240511 -0.095317 0.052777 -0.037324 0.031208
0.240511 -0.095317 0.052777 -0.037324 0.031208
0.240511 -0.095317 0.052777 -0.037324 0.031208
0.175258 -0.191755 0.016611 0.146716 0.264866
0.197807 -0.094418 0.054532 -0.092267 -0.046995
0.102312 -0.190022 0.038036 -0.015097 -0.054533
0.155611 -0.182671 0.072499 -0.008765 -0.126434
0.102384 -0.306764 -0.059875 -0.085402 0.2182
0.083267 -0.335465 -0.052953 0.164591 0.322345
0.224087 -0.245813 0.04099 -0.231437 -0.100555
0.215773 -0.28728 0.000868 -0.15691 0.087981
0.253882 -0.132911 0.065188 -0.082086 0.073617
0.152681 -0.13271 0.06641 0.254201 0.180508
0.152681 -0.13271 0.06641 0.254201 0.180508
0.153739 -0.112198 0.06194 0.142143 0.057662
0.164662 -0.249261 -0.001188 -0.325816 -0.239947
0.251661 -0.006289 0.068921 -0.403509 -0.283391
0.251661 -0.006289 0.068921 -0.403509 -0.283391
0.251661 -0.006289 0.068921 -0.403509 -0.283391
0.193674 -0.145379 0.02493 -0.267895 -0.100459
0.193079 -0.089564 0.010493 -0.27801 -0.175162
0.193079 -0.089564 0.010493 -0.27801 -0.175162
0.193079 -0.089564 0.010493 -0.27801 -0.175162
0.118663 -0.208978 -0.0498 -0.314685 -0.130183
-0.034673 -0.353301 -0.135772 -0.220304 0.099735
0.047645 -0.366876 -0.012642 0.34141 0.354182
0.047645 -0.366876 -0.012642 0.34141 0.354182
0.047645 -0.366876 -0.012642 0.34141 0.354182
0.132162 -0.265521 -0.029107 0.177303 0.349834
0.132162 -0.265521 -0.029107 0.177303 0.349834
0.132162 -0.265521 -0.029107 0.177303 0.349834
0.132162 -0.265521 -0.029107 0.177303 0.349834
0.151876 -0.153254 0.019953 0.262169 0.396815
0.151876 -0.153254 0.019953 0.262169 0.396815
0.151876 -0.153254 0.019953 0.262169 0.396815
0.151876 -0.153254 0.019953 0.262169 0.396815
0.272612 -0.036353 0.102092 0.106875 0.08559
0.291838 -0.035738 0.0905 -0.262386 -0.1866
0.244596 0.008419 0.106128 0.137822 0.122895
0.265321 -0.046589 0.084421 -0.157973 -0.119303
0.26507 -0.050671 0.097701 0.226755 0.196234
0.248243 -0.076928 0.103794 0.195126 0.144939
0.155706 -0.176506 0.040242 0.094434 0.180373
0.280268 -0.023965 0.129603 0.273914 0.266193
0.280268 -0.023965 0.129603 0.273914 0.266193
0.143391 -0.15024 -0.038442 -0.40987 -0.080609
0.143391 -0.15024 -0.038442 -0.40987 -0.080609
0.143391 -0.15024 -0.038442 -0.40987 -0.080609
0.218436 -0.092887 0.022548 -0.305323 -0.158644
0.195135 -0.186522 0.027177 -0.149023 -0.055108
0.226468 -0.19553 0.057045 0.195883 0.159508
0.189439 -0.231964 0.023524 0.051314 0.210723
0.270197 -0.071871 0.091994 -0.178648 -0.117219
0.271387 -0.083378 0.130442 0.009254 -0.149935
0.291941 -0.086268 0.135993 -0.001287 -0.160131
0.124499 -0.266524 0.005583 -0.078687 -0.053672
0.056298 -0.284689 -0.05585 -0.139106 0.070692
0.052383 -0.245643 -0.037231 0.011702 0.204239
0.123606 -0.253581 0.000922 0.366045 0.483882
0.123606 -0.253581 0.000922 0.366045 0.483882
0.071583 -0.230092 -0.067504 -0.00395 0.175945
0.096003 -0.159395 -0.026973 -0.205793 -0.085124
0.133917 -0.127932 -0.040681 -0.263471 -0.028537
0.133917 -0.127932 -0.040681 -0.263471 -0.028537
0.133917 -0.127932 -0.040681 -0.263471 -0.028537
0.133917 -0.127932 -0.040681 -0.263471 -0.028537
0.11311 -0.172376 -0.037761 -0.180474 -0.006551
0.185159 -0.092168 0.029602 0.040347 0.074518
0.218901 0.001121 0.064959 -0.172404 -0.097322
0.162277 -0.116531 0.047453 0.029199 0.014718
0.162277 -0.116531 0.047453 0.029199 0.014718
0.173318 -0.153274 0.07504 0.072934 -0.002019
0.211149 -0.176392 0.132974 0.066179 -0.230893
0.211149 -0.176392 0.132974 0.066179 -0.230893
0.142014 -0.253481 0.048408 -0.079947 -0.246338
0.148623 -0.294507 0.022692 -0.086864 -0.157233
0.218925 -0.103637 0.120858 0.08426 -0.246505
0.252385 -0.012381 0.096822 -0.021913 -0.220448
0.252385 -0.012381 0.096822 -0.021913 -0.220448
0.185686 -0.236767 -0.052366 -0.26835 -0.070743
0.272913 -0.050864 0.076581 -0.062354 -0.186208
0.131756 -0.266687 -0.019837 0.332061 0.334518
0.193199 -0.170987 0.044473 0.241999 0.140227
0.284794 -0.053839 0.05954 -0.350749 -0.221431
0.22896 -0.079112 0.059781 -0.144969 -0.184413
0.161833 -0.069405 0.014647 -0.350785 -0.258837
0.161833 -0.069405 0.014647 -0.350785 -0.258837
0.154439 -0.131578 -0.032652 -0.179253 0.008757
0.133265 -0.120265 -0.016611 -0.348774 -0.225961
0.122954 -0.183334 -0.009096 -0.074147 0.082258
0.122954 -0.183334 -0.009096 -0.074147 0.082258
0.095376 -0.279265 -0.111821 -0.315431 0.108667
0.111455 -0.348777 -0.087985 -0.133157 0.223455
0.111455 -0.348777 -0.087985 -0.133157 0.223455
0.128059 -0.334843 -0.046313 -0.127364 0.019463
0.131044 -0.218109 -0.071555 -0.442081 -0.133215
0.131044 -0.218109 -0.071555 -0.442081 -0.133215
0.131044 -0.218109 -0.071555 -0.442081 -0.133215
0.131044 -0.218109 -0.071555 -0.442081 -0.133215
0.063737 -0.299528 -0.10634 -0.334204 0.01901
0.110192 -0.315738 -0.03515 -0.007115 0.145761
0.127465 -0.378326 -0.055732 -0.059706 0.116715
0.127465 -0.378326 -0.055732 -0.059706 0.116715
0.065907 -0.436055 -0.046929 0.130496 0.230896
0.065907 -0.436055 -0.046929 0.130496 0.230896
0.042494 -0.302785 -0.09408 -0.103211 0.194972
0.099098 -0.163427 -0.014484 -0.021178 0.132958
0.27352 -0.077942 0.118441 -0.099855 -0.330001
0.27352 -0.077942 0.118441 -0.099855 -0.330001
0.27352 -0.077942 0.118441 -0.099855 -0.330001
0.228174 -0.184094 0.004854 -0.250659 -0.113755
0.198535 -0.175879 -0.020396 -0.273597 -0.079352
0.220561 -0.101292 0.054856 -0.099231 -0.067881
0.24974 -0.123899 0.111588 0.203214 0.000128
0.331436 -0.033606 0.169373 0.141357 -0.172593
0.331436 -0.033606 0.169373 0.141357 -0.172593
0.225264 -0.016688 0.140458 0.255987 -0.046413
0.225264 -0.016688 0.140458 0.255987 -0.046413
0.17064 -0.113251 0.060603 -0.011337 -0.147476
0.17064 -0.113251 0.060603 -0.011337 -0.147476
0.13223 -0.244903 0.003915 -0.087397 -0.069059
0.298719 -0.040573 0.125299 0.026085 -0.130624
0.327463 -0.071617 0.125324 0.032743 -0.136833
0.245129 -0.201829 0.064986 0.173725 0.037692
0.222975 -0.143708 0.009127 -0.410119 -0.201686
0.189101 -0.16135 0.011184 -0.339795 -0.188106
0.189101 -0.16135 0.011184 -0.339795 -0.188106
0.189101 -0.16135 0.011184 -0.339795 -0.188106
0.173373 -0.193391 -0.031443 -0.561763 -0.285078
0.234497 -0.143644 0.013185 -0.213738 4e-04
0.235764 -0.114775 0.075147 -0.063522 -0.029373
0.241757 -0.022619 0.094564 -0.108043 -0.128002
0.224304 -0.118354 0.048968 -0.257685 -0.170602
0.284397 -0.092742 0.108418 -0.009675 -0.162521
0.290158 -0.122614 0.09374 0.08746 0.015963
0.254059 -0.026867 0.082307 -0.068369 -0.000856
0.254059 -0.026867 0.082307 -0.068369 -0.000856
0.254059 -0.026867 0.082307 -0.068369 -0.000856
0.357993 -0.026333 0.153005 -0.078917 -0.284454
0.256243 0.004032 0.110909 -0.069577 -0.083018
0.264922 -0.003987 0.073357 -0.448262 -0.325083
0.112836 -0.280149 0.014239 -0.050145 -0.148635
0.138287 -0.107028 0.065436 -0.089827 -0.15632
0.087671 -0.214444 0.022606 0.136926 0.103473
-0.008479 -0.470449 -0.07872 -0.007989 0.158243
-0.008479 -0.470449 -0.07872 -0.007989 0.158243
0.0265 -0.453147 -0.114574 -0.135882 0.105188
0.102262 -0.368242 -0.037263 0.082049 0.100011
0.046668 -0.423105 -0.108022 0.026077 0.296419
0.046668 -0.423105 -0.108022 0.026077 0.296419
0.046668 -0.423105 -0.108022 0.026077 0.296419
0.046668 -0.423105 -0.108022 0.026077 0.296419
0.046668 -0.423105 -0.108022 0.026077 0.296419
0.067142 -0.28797 -0.087126 -0.127015 0.167709
0.121666 -0.236603 0.017994 0.13262 0.107816
0.105128 -0.169263 0.007457 0.183375 0.234688
0.105128 -0.169263 0.007457 0.183375 0.234688
0.176266 -0.276231 -0.003537 0.123401 0.174538
0.095807 -0.304842 -0.016847 0.008927 0.012758
0.094258 -0.255619 -0.04125 -0.07854 0.037897
-0.004009 -0.267417 -0.13181 -0.043665 0.371884
0.072188 -0.166892 -0.00974 0.163106 0.242728
0.087851 -0.169482 0.002429 0.004023 0.116563
0.118033 -0.187315 -0.007857 -0.221347 -0.045472
0.087052 -0.151944 0.033392 0.006473 -0.010588
0.122476 -0.266629 -0.021457 -0.142477 0.02609
0.210882 -0.219237 0.093319 -0.237215 -0.292586
0.162579 -0.151145 0.071991 -0.153258 -0.130948
0.14496 -0.128475 0.091689 -0.006917 -0.082037
0.181326 -0.007965 0.095701 0.010466 -0.029083
0.178695 -0.057829 0.046301 -0.106123 -0.038669
0.164547 -0.111075 0.0308 -0.229143 -0.202983
0.214795 -0.052563 0.110294 0.074478 -0.199328
0.214795 -0.052563 0.110294 0.074478 -0.199328
0.214795 -0.052563 0.110294 0.074478 -0.199328
0.214795 -0.052563 0.110294 0.074478 -0.199328
0.30945 -0.044746 0.168216 0.012697 -0.382024
0.243849 -0.10656 0.082006 0.013646 -0.176962
0.048158 -0.195565 -0.034631 0.026631 0.139706
0.025286 -0.282076 -0.132579 -0.087961 0.275151
0.138836 -0.268515 -0.003378 0.124339 0.155832
0.173129 -0.231669 -0.00451 -0.100418 -0.007103
0.208882 -0.174301 -0.004314 -0.359382 -0.145071
0.208882 -0.174301 -0.004314 -0.359382 -0.145071
0.173549 -0.224902 -0.01546 -0.120012 0.04054
0.173549 -0.224902 -0.01546 -0.120012 0.04054
0.173549 -0.224902 -0.01546 -0.120012 0.04054
0.239146 -0.113752 0.079873 -0.172533 -0.165084
0.252025 -0.090694 0.067064 -0.149697 -0.127501
0.25418 -0.102087 0.081893 -0.37049 -0.45873
0.25418 -0.102087 0.081893 -0.37049 -0.45873
0.195599 -0.154672 0.000427 -0.381293 -0.154272
0.195599 -0.154672 0.000427 -0.381293 -0.154272
0.195599 -0.154672 0.000427 -0.381293 -0.154272
0.195599 -0.154672 0.000427 -0.381293 -0.154272
0.195599 -0.154672 0.000427 -0.381293 -0.154272
0.195599 -0.154672 0.000427 -0.381293 -0.154272
0.259281 -0.129634 0.055896 -0.194974 -0.071583
0.259281 -0.129634 0.055896 -0.194974 -0.071583
0.250053 -0.141428 0.091325 -0.012268 -0.059762
0.263809 -0.091434 0.096925 0.03894 0.016249
0.198784 -0.095554 0.085367 0.070851 0.035496
0.198784 -0.095554 0.085367 0.070851 0.035496
0.198784 -0.095554 0.085367 0.070851 0.035496
0.114893 -0.236737 -0.011492 -0.171667 -0.00922
0.154968 -0.140028 0.026529 -0.182928 -0.165868
0.197925 -0.104639 0.048162 -0.065953 -0.089824
0.133572 -0.230384 -0.055354 -0.020409 0.247653
0.238384 -0.088724 0.085809 0.046985 -0.150609
0.108358 -0.313028 -0.044801 -0.144181 -0.107561
0.205284 -0.076874 0.078758 -0.248437 -0.402309
0.238083 -0.118458 0.106005 0.051367 -0.176904
0.238083 -0.118458 0.106005 0.051367 -0.176904
0.12073 -0.335275 -0.034933 -0.103837 0.000935
0.13903 -0.319333 -0.065415 -0.108256 0.156433
0.102734 -0.380379 -0.115014 -0.201648 0.192101
0.169142 -0.196427 0.002457 -0.151563 0.048221
0.207508 -0.179947 0.024336 -0.058218 0.128246
0.203002 -0.121503 -0.001304 -0.194226 0.106927
0.203002 -0.121503 -0.001304 -0.194226 0.106927
0.128873 -0.196542 -0.032575 -0.146068 0.115896
0.124267 -0.207987 -0.034731 -0.136676 0.115851
0.199415 -0.110215 0.043363 -0.126459 -0.054866
0.070484 -0.244289 -0.05477 0.020516 0.19807
0.070484 -0.244289 -0.05477 0.020516 0.19807
0.099501 -0.207181 -0.001777 0.014201 0.063193
0.099501 -0.207181 -0.001777 0.014201 0.063193
0.11619 -0.1134 0.013314 0.010243 0.016472
0.11619 -0.1134 0.013314 0.010243 0.016472
0.111861 -0.164593 0.027523 -0.021495 -0.136091
0.176934 -0.119727 0.07528 -0.130762 -0.246633
0.120682 -0.237057 0.022367 -0.051756 -0.113956
0.120682 -0.237057 0.022367 -0.051756 -0.113956
0.165116 -0.212165 0.076938 0.222918 0.032181
0.1578 -0.309365 -0.002169 -0.096661 -0.034479
0.096946 -0.321919 0.012001 -0.019124 -0.098062
0.26474 -0.206515 0.07869 0.231369 0.078804
0.345459 -0.115414 0.111215 -0.195233 -0.287445
0.236691 -0.051361 0.088058 -0.147874 -0.336626
0.236691 -0.051361 0.088058 -0.147874 -0.336626
0.236691 -0.051361 0.088058 -0.147874 -0.336626
0.236691 -0.051361 0.088058 -0.147874 -0.336626
0.276769 -0.04576 0.069927 -0.189543 -0.178091
0.276769 -0.04576 0.069927 -0.189543 -0.178091
0.283405 -0.016744 0.063815 -0.472959 -0.283191
0.283405 -0.016744 0.063815 -0.472959 -0.283191
0.283405 -0.016744 0.063815 -0.472959 -0.283191
0.283405 -0.016744 0.063815 -0.472959 -0.283191
0.283405 -0.016744 0.063815 -0.472959 -0.283191
0.283405 -0.016744 0.063815 -0.472959 -0.283191
0.232183 -0.161751 0.039002 -0.040393 0.060357
0.137129 -0.26541 -0.008167 0.027326 0.149807
0.137129 -0.26541 -0.008167 0.027326 0.149807
0.163476 -0.248715 -0.012298 -0.127578 0.026818
0.163476 -0.248715 -0.012298 -0.127578 0.026818
0.205406 -0.212005 0.00331 0.005578 0.082722
0.205406 -0.212005 0.00331 0.005578 0.082722
0.122659 -0.234006 -0.041199 -0.081414 0.150698
0.101809 -0.408141 -0.041379 0.01707 0.185953
0.085449 -0.334697 0.022844 0.172739 0.0868
0.134287 -0.299193 0.049624 0.150751 0.040694
0.134287 -0.299193 0.049624 0.150751 0.040694
0.19169 -0.24254 0.078932 0.136833 0.001192
0.19169 -0.24254 0.078932 0.136833 0.001192
0.200086 -0.197703 0.020986 0.021707 0.115108
0.153056 -0.170269 0.017304 -0.096797 -0.049227
0.247073 -0.115217 0.062185 0.047048 0.048996
0.247073 -0.115217 0.062185 0.047048 0.048996
0.279721 -0.076016 0.096487 0.013306 0.022257
0.285358 -0.078789 0.109765 -0.03049 -0.050313
0.304389 -0.094048 0.134072 -0.060478 -0.228269
0.304389 -0.094048 0.134072 -0.060478 -0.228269
0.218506 -0.153746 0.082787 -0.083302 -0.100578
0.218506 -0.153746 0.082787 -0.083302 -0.100578
0.219768 -0.070006 0.103746 -0.105499 -0.220398
0.185881 -0.109393 0.098022 -0.059143 -0.153376
0.207017 -0.1816 0.038122 -0.022978 -0.020935
0.207017 -0.1816 0.038122 -0.022978 -0.020935
0.141733 -0.188928 0.028097 0.089049 0.064913
0.133372 -0.221793 -0.021885 -0.122249 0.105354
0.148767 -0.195808 -0.021183 -0.141726 0.089174
0.213039 -0.088483 0.016339 -0.30022 -0.087169
0.142552 -0.147669 -0.007399 -0.173367 0.003198
0.159527 -0.185474 -0.056991 -0.142992 0.194533
0.195321 -0.191669 -0.07002 -0.513368 -0.057591
0.195321 -0.191669 -0.07002 -0.513368 -0.057591
0.195321 -0.191669 -0.07002 -0.513368 -0.057591
0.204475 -0.228987 -0.000325 0.062201 0.191232
0.105483 -0.350013 -0.071119 -0.2005 0.085317
0.170389 -0.198042 0.066121 0.08426 -0.026671
0.274226 -0.014758 0.070908 -0.309768 -0.111959
0.274226 -0.014758 0.070908 -0.309768 -0.111959
0.274226 -0.014758 0.070908 -0.309768 -0.111959
0.224704 -0.193025 0.00757 -0.106211 0.062266
0.250479 -0.261558 -0.021074 -0.413167 -0.148652
0.255772 -0.240786 0.00197 -0.219343 -0.001037
0.218456 -0.266869 -0.040864 -0.210006 0.155117
0.235138 -0.077371 0.06541 0.089123 0.19379
0.276992 -0.038766 0.118141 0.134296 0.059428
0.31496 -0.067037 0.174648 0.249939 -0.057064
0.145252 -0.334579 -0.001934 0.010086 0.138842
0.13751 -0.315138 -0.006867 0.135471 0.203444
0.144488 -0.339028 -0.069519 -0.036123 0.218915
0.226797 -0.244136 0.006552 0.077536 0.248853
0.163656 -0.257939 0.025493 0.173823 0.188141
0.208676 -0.262006 -0.017628 -0.086904 0.179642
0.16591 -0.276829 -0.020034 -0.060958 0.140945
0.16591 -0.276829 -0.020034 -0.060958 0.140945
0.16591 -0.276829 -0.020034 -0.060958 0.140945
0.16591 -0.276829 -0.020034 -0.060958 0.140945
0.119903 -0.259394 -0.043268 -0.109883 0.079597
0.236994 -0.041746 0.113647 -0.009717 -0.065305
0.176138 -0.239612 -0.009073 -0.203648 0.050629
0.174339 -0.223565 0.012052 -0.159507 -0.059611
0.174339 -0.223565 0.012052 -0.159507 -0.059611
0.174339 -0.223565 0.012052 -0.159507 -0.059611
0.105329 -0.317642 -0.059303 -0.282806 -0.018301
0.108915 -0.295651 -0.076164 -0.167323 0.114092
0.067761 -0.280294 -0.093228 -0.187222 0.103412
0.081995 -0.247178 -0.03387 -0.089997 0.029428
0.086578 -0.17986 0.026295 0.056906 -0.029847
0.188416 -0.008679 0.113223 0.16035 -0.061949
0.151759 -0.112335 0.018295 -0.116892 -0.099347
0.269407 0.013287 0.073833 -0.102975 -0.043225
0.176371 -0.182927 -0.023199 0.044777 0.219705
0.231647 -0.129459 0.04901 0.036032 0.035849
0.250704 -0.204344 0.004255 -0.159175 0.071753
0.250704 -0.204344 0.004255 -0.159175 0.071753
0.153816 -0.39448 -0.113462 -0.26662 0.224512
0.246232 -0.212588 -0.027632 -0.151564 0.201376
0.239865 -0.196922 -0.029403 -0.216013 0.109531
0.183745 -0.237918 -0.046559 0.093193 0.425987
0.251861 -0.18549 0.000238 -0.063029 0.124563
0.271547 -0.215791 0.064749 -0.042686 -0.092867
0.143662 -0.281169 -0.096278 -0.366251 0.034778
0.139992 -0.261954 -0.066185 -0.243191 0.159084
0.139992 -0.261954 -0.066185 -0.243191 0.159084
0.147419 -0.126966 0.049836 -0.109568 -0.112698
0.117173 -0.219848 -0.061348 -0.097141 0.073031
0.066856 -0.248559 -0.092702 0.101881 0.350078
0.09627 -0.180948 -0.049029 -0.227935 0.055546
0.09627 -0.180948 -0.049029 -0.227935 0.055546
0.105341 -0.256324 0.000487 0.15939 0.176004
0.116712 -0.251749 -0.021495 0.086199 0.217344
0.060744 -0.407697 -0.13675 -0.059072 0.404989
0.10249 -0.385593 -0.068612 -0.283483 -0.006158
0.10249 -0.385593 -0.068612 -0.283483 -0.006158
0.104323 -0.404841 -0.061933 -0.112353 0.203099
0.070789 -0.408735 -0.033207 0.009189 0.114697
0.075245 -0.407335 -0.035303 0.170548 0.228386
0.176403 -0.253848 -0.022429 -0.120528 0.040247
0.173683 -0.220365 -0.044223 -0.248644 0.036703
0.173683 -0.220365 -0.044223 -0.248644 0.036703
0.168794 -0.261848 -0.028428 -0.172826 -0.018015
0.180122 -0.218539 0.029323 0.138851 0.103974
0.253986 -0.072396 0.145666 0.283729 0.081914
0.17044 -0.18704 0.027254 -0.141178 -0.116357
0.17044 -0.18704 0.027254 -0.141178 -0.116357
0.17044 -0.18704 0.027254 -0.141178 -0.116357
0.1174 -0.316986 -0.059435 0.1056 0.262935
0.1174 -0.316986 -0.059435 0.1056 0.262935
0.150083 -0.274578 0.006452 0.207263 0.130534
0.293937 -0.191688 0.064084 -0.033912 -0.129899
0.281589 -0.214301 0.085867 0.224295 0.02377
0.248003 -0.222012 0.065324 0.314618 0.220533
0.238477 -0.167645 0.0383 -0.276372 -0.203929
0.214669 -0.237483 -0.018729 -0.490213 -0.290267
0.214669 -0.237483 -0.018729 -0.490213 -0.290267
0.116994 -0.290972 -0.094204 -0.297627 0.081486
0.116994 -0.290972 -0.094204 -0.297627 0.081486
0.156969 -0.243928 -0.025003 -0.137872 0.064919
0.207382 -0.156379 -0.02944 -0.211363 0.029581
0.274678 -0.114939 0.020289 -0.368409 -0.148431
0.274678 -0.114939 0.020289 -0.368409 -0.148431
0.274678 -0.114939 0.020289 -0.368409 -0.148431
