-1.02722 -0.902338 -0.308999 -0.44218 -0.03355
0.259003 -0.14471 0.010784 -0.280036 -0.046791
0.194301 -0.15512 -0.036511 -0.330792 0.017816
0.137979 -0.184858 -0.006557 -0.176745 -0.039951
0.214084 -0.087971 0.075594 -0.125833 -0.066388
0.103986 -0.238703 -0.027231 0.059903 0.237382
0.231315 -0.091321 0.060885 -0.130662 -0.10172
0.231315 -0.091321 0.060885 -0.130662 -0.10172
0.266274 -0.057753 0.093722 -0.103073 -0.177989
0.266274 -0.057753 0.093722 -0.103073 -0.177989
0.266274 -0.057753 0.093722 -0.103073 -0.177989
0.144298 -0.171441 0.019194 0.243468 0.298013
0.089242 -0.279163 -0.019155 0.021676 0.119929
0.06428 -0.266948 -0.054845 -0.074839 0.132242
0.146283 -0.27996 -0.082238 -0.589282 -0.217358
0.146283 -0.27996 -0.082238 -0.589282 -0.217358
0.146283 -0.27996 -0.082238 -0.589282 -0.217358
0.146283 -0.27996 -0.082238 -0.589282 -0.217358
0.090249 -0.387599 -0.126416 -0.437119 -0.059737
0.090249 -0.387599 -0.126416 -0.437119 -0.059737
0.090249 -0.387599 -0.126416 -0.437119 -0.059737
0.082641 -0.385512 -0.108298 -0.247394 0.048452
0.082641 -0.385512 -0.108298 -0.247394 0.048452
0.078458 -0.340144 -0.108952 -0.168232 0.144316
0.123945 -0.353504 -0.033177 0.199786 0.283685
0.203536 -0.286232 -0.00124 -0.308639 -0.098122
0.187286 -0.205244 0.065293 0.228876 0.085348
0.191556 -0.154943 -0.000285 -0.116679 0.096408
0.202473 -0.141353 0.018015 -0.012035 0.137124
0.202473 -0.141353 0.018015 -0.012035 0.137124
0.213478 -0.119091 0.137327 0.079666 -0.175637
0.213478 -0.119091 0.137327 0.079666 -0.175637
0.213478 -0.119091 0.137327 0.079666 -0.175637
0.183468 -0.282359 0.064241 -0.040231 -0.123241
0.278888 -0.123104 0.183695 0.047649 -0.33111
0.204861 -0.088137 0.150936 -0.183296 -0.435606
0.101547 -0.284044 0.106484 0.200538 0.001564
0.124255 -0.265707 0.095836 0.236327 -0.051212
0.115608 -0.27039 0.032691 0.061509 0.007614
0.191305 -0.209572 0.060331 -0.163592 -0.184533
0.293154 -0.083775 0.131767 -0.289532 -0.471204
0.324781 -0.036849 0.132384 -0.339933 -0.446676
0.324781 -0.036849 0.132384 -0.339933 -0.446676
0.324781 -0.036849 0.132384 -0.339933 -0.446676
0.21243 -0.175545 0.064624 -0.077873 -0.13376
0.17342 -0.16039 0.040983 0.132564 0.108084
0.23769 -0.155972 0.017853 -0.055 0.103646
0.176004 -0.226194 -0.05142 -0.143369 0.168498
0.226817 -0.182811 0.016789 -0.111938 0.087318
0.138158 -0.126493 -0.067207 -0.455781 -0.031498
0.138158 -0.126493 -0.067207 -0.455781 -0.031498
0.177206 -0.141977 -0.026697 -0.37977 -0.04511
0.177206 -0.141977 -0.026697 -0.37977 -0.04511
0.177206 -0.141977 -0.026697 -0.37977 -0.04511
0.177206 -0.141977 -0.026697 -0.37977 -0.04511
0.177206 -0.141977 -0.026697 -0.37977 -0.04511
0.112513 -0.195362 -0.046402 -0.25426 0.031724
0.131099 -0.223479 -0.072681 -0.168804 0.192072
0.172966 -0.236215 -0.044666 -0.214157 0.091523
0.116889 -0.333926 -0.07446 -0.153112 0.209485
0.149693 -0.318716 -0.057189 -0.053545 0.354883
0.245264 -0.192172 0.015742 -0.144661 0.11914
0.229833 -0.104099 0.044765 0.215068 0.26811
0.11327 -0.31247 -0.079342 -0.101703 0.253053
0.11327 -0.31247 -0.079342 -0.101703 0.253053
0.11327 -0.31247 -0.079342 -0.101703 0.253053
0.11327 -0.31247 -0.079342 -0.101703 0.253053
0.038001 -0.429391 -0.096553 0.059472 0.38599
0.067656 -0.437976 -0.147881 -0.500127 -0.096506
0.067656 -0.437976 -0.147881 -0.500127 -0.096506
0.314217 -0.094973 0.136198 -0.087175 -0.310574
0.314217 -0.094973 0.136198 -0.087175 -0.310574
0.181601 -0.256818 0.052978 -0.117338 -0.184827
0.205365 -0.110175 0.117154 -0.056549 -0.301944
0.203948 -0.24599 0.017425 0.074135 0.183975
0.199399 -0.2163 0.022433 -0.226744 -0.177733
0.218825 -0.133976 0.0644 -0.266405 -0.276498
0.181184 -0.238124 0.026111 -0.067568 0.059656
0.156332 -0.302904 -0.013307 0.019207 0.158052
0.210812 -0.274384 0.007533 -0.039374 0.080538
0.210812 -0.274384 0.007533 -0.039374 0.080538
0.255293 -0.092463 0.132378 0.014372 -0.094194
0.255293 -0.092463 0.132378 0.014372 -0.094194
0.138148 -0.303863 0.05944 0.141425 0.027392
0.13125 -0.299683 -0.016523 0.112922 0.17483
0.13125 -0.299683 -0.016523 0.112922 0.17483
0.13125 -0.299683 -0.016523 0.112922 0.17483
0.13125 -0.299683 -0.016523 0.112922 0.17483
0.13125 -0.299683 -0.016523 0.112922 0.17483
0.111577 -0.277683 -0.02969 0.034256 0.135149
0.0834 -0.35627 -0.061383 0.123297 0.184397
0.0834 -0.35627 -0.061383 0.123297 0.184397
0.101121 -0.385371 -0.022506 0.271571 0.216249
0.089617 -0.243315 0.000568 0.073197 0.079705
0.089617 -0.243315 0.000568 0.073197 0.079705
0.111268 -0.194747 0.028845 0.14104 0.131253
0.111268 -0.194747 0.028845 0.14104 0.131253
0.215603 -0.089396 0.038663 0.032058 0.206185
0.172396 -0.134215 -0.02421 -0.161774 0.148532
0.142007 -0.23782 -0.053084 -0.284064 -0.029534
0.142007 -0.23782 -0.053084 -0.284064 -0.029534
0.160223 -0.164769 0.009658 -0.090032 -0.025943
0.217285 -0.031758 0.107926 -0.100843 -0.183061
0.227673 -0.092086 0.068849 0.120094 0.145239
0.227673 -0.092086 0.068849 0.120094 0.145239
0.153626 -0.176954 0.024215 0.103245 0.155946
0.153626 -0.176954 0.024215 0.103245 0.155946
0.153626 -0.176954 0.024215 0.103245 0.155946
0.203842 -0.370472 -0.010515 -0.255757 -0.040658
0.203842 -0.370472 -0.010515 -0.255757 -0.040658
0.166906 -0.389554 -0.095817 -0.220215 0.215844
0.100566 -0.365331 -0.155626 -0.326972 0.200756
0.17898 -0.244127 -0.067455 -0.446315 0.062785
0.17898 -0.244127 -0.067455 -0.446315 0.062785
0.17898 -0.244127 -0.067455 -0.446315 0.062785
0.147987 -0.333779 -0.030674 0.088712 0.20096
0.219667 -0.213004 -0.012281 0.064911 0.252979
0.212657 -0.228149 -0.074472 -0.330449 0.059321
0.212657 -0.228149 -0.074472 -0.330449 0.059321
0.23578 -0.143879 -0.012901 -0.062386 0.063908
0.126555 -0.31826 -0.13812 -0.272079 0.126759
0.112531 -0.267783 -0.112194 -0.212123 0.067667
0.133185 -0.226652 -0.040991 -0.088771 0.114869
0.190904 -0.185672 0.003759 -0.063701 0.059987
0.191401 -0.253471 0.026377 -0.232749 -0.141995
0.191401 -0.253471 0.026377 -0.232749 -0.141995
0.225573 -0.147242 0.121193 -0.147991 -0.29708
0.236785 -0.218341 0.060628 -0.235025 -0.222216
0.126378 -0.314483 -0.0509 -0.367984 -0.038448
0.107303 -0.41052 -0.039444 0.015142 0.226151
0.127016 -0.402051 -0.009894 0.073494 0.103363
0.127901 -0.416211 -0.070964 -0.231498 0.0243
0.127901 -0.416211 -0.070964 -0.231498 0.0243
0.127901 -0.416211 -0.070964 -0.231498 0.0243
0.235913 -0.241374 0.074991 -0.01989 -0.119539
0.254992 -0.083791 0.122273 -0.13016 -0.271627
0.254992 -0.083791 0.122273 -0.13016 -0.271627
0.254992 -0.083791 0.122273 -0.13016 -0.271627
0.254992 -0.083791 0.122273 -0.13016 -0.271627
0.254992 -0.083791 0.122273 -0.13016 -0.271627
0.254992 -0.083791 0.122273 -0.13016 -0.271627
0.254992 -0.083791 0.122273 -0.13016 -0.271627
0.179729 -0.174351 0.078382 -0.070921 -0.226824
0.142317 -0.227246 -0.007826 0.026976 0.203266
0.129385 -0.216382 -0.044191 0.034958 0.333305
0.202919 -0.282931 -0.012812 -0.006293 0.201987
0.202919 -0.282931 -0.012812 -0.006293 0.201987
0.202919 -0.282931 -0.012812 -0.006293 0.201987
0.114476 -0.443898 -0.108203 -0.145575 0.207511
0.135268 -0.308885 -0.113241 -0.269663 0.206248
0.135268 -0.308885 -0.113241 -0.269663 0.206248
0.219333 -0.052708 0.063595 -0.147596 -0.033705
0.247986 -0.027282 0.109118 0.122526 0.117589
0.247986 -0.027282 0.109118 0.122526 0.117589
0.189069 -0.143545 -0.003576 0.100981 0.25647
0.264524 -0.035589 0.094038 0.131222 0.13997
0.255093 -0.069938 0.030605 -0.153783 0.006679
0.226517 -0.151401 0.038107 0.026718 0.157141
0.222908 -0.176288 0.067831 0.17742 0.167391
0.222908 -0.176288 0.067831 0.17742 0.167391
0.222908 -0.176288 0.067831 0.17742 0.167391
0.222908 -0.176288 0.067831 0.17742 0.167391
0.180172 -0.233546 0.058689 0.332842 0.17044
0.071875 -0.30007 -0.074459 0.050015 0.329837
0.048364 -0.380738 -0.135112 -0.116818 0.338162
-0.011528 -0.398524 -0.130144 -0.356094 0.110105
-0.011528 -0.398524 -0.130144 -0.356094 0.110105
0.049494 -0.332194 -0.105095 -0.524605 0.037411
0.049494 -0.332194 -0.105095 -0.524605 0.037411
0.049494 -0.332194 -0.105095 -0.524605 0.037411
0.049494 -0.332194 -0.105095 -0.524605 0.037411
0.049494 -0.332194 -0.105095 -0.524605 0.037411
0.092035 -0.161751 -0.018809 -0.406904 -0.132376
0.092035 -0.161751 -0.018809 -0.406904 -0.132376
0.092035 -0.161751 -0.018809 -0.406904 -0.132376
0.243699 -0.032177 0.108679 -0.132319 -0.078213
0.335452 0.06647 0.183767 -0.037059 -0.159937
0.31769 0.042243 0.133876 0.010566 -0.028049
0.31769 0.042243 0.133876 0.010566 -0.028049
0.272115 0.005683 0.142256 0.123432 -0.037692
0.277165 -0.02452 0.130817 -0.017521 -0.142554
0.277165 -0.02452 0.130817 -0.017521 -0.142554
0.277165 -0.02452 0.130817 -0.017521 -0.142554
0.277165 -0.02452 0.130817 -0.017521 -0.142554
0.277165 -0.02452 0.130817 -0.017521 -0.142554
0.109082 -0.351782 -0.072197 -0.215809 0.065603
0.13517 -0.327451 -0.107622 -0.318702 0.132096
0.220043 -0.207384 -0.016826 -0.279846 0.0146
0.174178 -0.242061 -0.054138 -0.161758 0.272017
0.174178 -0.242061 -0.054138 -0.161758 0.272017
0.14745 -0.281773 -0.062338 -0.140774 0.253088
0.14745 -0.281773 -0.062338 -0.140774 0.253088
0.14745 -0.281773 -0.062338 -0.140774 0.253088
0.190809 -0.298276 -0.036041 -0.232812 0.078171
0.082153 -0.406338 -0.107733 -0.388909 -0.074979
0.168473 -0.252067 -0.04879 -0.3916 -0.12073
0.168473 -0.252067 -0.04879 -0.3916 -0.12073
0.095455 -0.34347 -0.04997 -0.089869 0.069299
0.095455 -0.34347 -0.04997 -0.089869 0.069299
0.220607 -0.153637 0.04361 0.111759 0.190164
0.035451 -0.321257 -0.097637 -0.254362 0.085278
0.006289 -0.4025 -0.222211 -0.54526 0.264583
0.006289 -0.4025 -0.222211 -0.54526 0.264583
0.006289 -0.4025 -0.222211 -0.54526 0.264583
0.013101 -0.442297 -0.226152 -0.534497 0.226767
0.013101 -0.442297 -0.226152 -0.534497 0.226767
0.013101 -0.442297 -0.226152 -0.534497 0.226767
0.013101 -0.442297 -0.226152 -0.534497 0.226767
0.108588 -0.329146 -0.13654 -0.580584 0.001423
0.108588 -0.329146 -0.13654 -0.580584 0.001423
0.108588 -0.329146 -0.13654 -0.580584 0.001423
0.108588 -0.329146 -0.13654 -0.580584 0.001423
0.108588 -0.329146 -0.13654 -0.580584 0.001423
0.108588 -0.329146 -0.13654 -0.580584 0.001423
0.108588 -0.329146 -0.13654 -0.580584 0.001423
0.108588 -0.329146 -0.13654 -0.580584 0.001423
0.097647 -0.25128 -0.047873 -0.501367 -0.257468
0.080654 -0.268173 -0.048608 -0.303862 -0.034209
0.087596 -0.218738 0.018766 -0.14656 -0.217038
0.097748 -0.113347 -0.034709 -0.46179 -0.229565
0.214275 -0.029765 0.10583 -0.080899 -0.147095
0.214275 -0.029765 0.10583 -0.080899 -0.147095
0.214275 -0.029765 0.10583 -0.080899 -0.147095
0.19634 -0.124564 0.021843 8.5e-05 0.178787
0.22799 -0.138338 0.084944 -0.113224 -0.134913
0.267463 -0.135863 0.171118 0.066349 -0.222871
0.156893 -0.274889 0.034867 -0.042421 -0.121038
0.156893 -0.274889 0.034867 -0.042421 -0.121038
0.156893 -0.274889 0.034867 -0.042421 -0.121038
0.156893 -0.274889 0.034867 -0.042421 -0.121038
0.259557 -0.196244 0.133481 0.176009 -0.105164
0.257551 -0.164402 0.064958 -0.041587 -0.174586
0.257551 -0.164402 0.064958 -0.041587 -0.174586
0.186786 -0.246719 0.001249 -0.092294 -0.06096
0.125795 -0.287826 -0.04778 -0.406494 -0.190712
0.125795 -0.287826 -0.04778 -0.406494 -0.190712
0.125795 -0.287826 -0.04778 -0.406494 -0.190712
0.246534 -0.082463 0.089253 -0.407705 -0.481746
0.16893 -0.365017 -0.044473 -0.171544 0.124583
0.16893 -0.365017 -0.044473 -0.171544 0.124583
0.179046 -0.282738 0.050071 0.092396 -0.007085
0.271548 -0.188223 0.058361 -0.097876 -0.012306
0.115577 -0.313764 -0.146221 -0.19825 0.291547
0.166851 -0.14824 0.002814 -0.104669 -0.062568
0.171558 -0.243361 -0.023808 -0.203983 -0.036543
0.171558 -0.243361 -0.023808 -0.203983 -0.036543
0.249145 -0.191909 0.002562 -0.372369 -0.14154
0.208302 -0.148663 -0.014138 -0.418779 -0.151671
0.208302 -0.148663 -0.014138 -0.418779 -0.151671
0.162176 -0.213145 0.039932 0.028436 -0.049139
0.228969 -0.173482 0.082555 0.263785 0.153349
0.228969 -0.173482 0.082555 0.263785 0.153349
0.228969 -0.173482 0.082555 0.263785 0.153349
0.228969 -0.173482 0.082555 0.263785 0.153349
0.194595 -0.225366 0.02552 -0.021622 -0.015327
0.186422 -0.236046 -0.017481 -0.104651 0.057395
0.186422 -0.236046 -0.017481 -0.104651 0.057395
0.215614 -0.151245 0.012123 -0.30698 -0.121014
0.215614 -0.151245 0.012123 -0.30698 -0.121014
0.215614 -0.151245 0.012123 -0.30698 -0.121014
0.215614 -0.151245 0.012123 -0.30698 -0.121014
0.104335 -0.238339 -0.025439 0.01635 0.095112
0.132881 -0.274968 -0.011471 0.088326 0.118972
0.132881 -0.274968 -0.011471 0.088326 0.118972
0.302646 -0.037049 0.133911 0.20705 0.017711
0.266416 -0.121856 0.094409 0.202671 0.180091
0.266416 -0.121856 0.094409 0.202671 0.180091
0.265337 -0.044855 0.089777 -0.11823 -0.223109
0.219997 -0.047563 0.042708 -0.137938 -0.108278
0.193784 -0.111178 0.004435 -0.050688 0.063253
0.193784 -0.111178 0.004435 -0.050688 0.063253
0.1192 -0.231719 -0.002081 0.117541 0.106649
0.104002 -0.207885 -0.016273 -0.116163 0.06909
0.152461 -0.194689 -0.002919 -0.288642 -0.179664
0.229852 -0.118901 0.03516 -0.017503 0.098259
0.229852 -0.118901 0.03516 -0.017503 0.098259
0.229852 -0.118901 0.03516 -0.017503 0.098259
0.223302 -0.128181 0.001862 -0.072592 0.102697
0.226165 -0.068115 0.051821 -0.060173 -0.021537
0.223517 -0.122687 0.037342 0.080854 0.166774
0.223517 -0.122687 0.037342 0.080854 0.166774
0.27623 -0.073817 0.070508 0.035328 0.088271
0.202432 -0.091183 0.02886 0.087852 0.189595
0.223496 -0.087384 0.049978 0.158897 0.20208
0.259931 -0.102273 0.049441 0.015384 0.085221
0.228674 -0.121614 0.01389 -0.135289 0.022619
0.228674 -0.121614 0.01389 -0.135289 0.022619
0.190703 -0.183926 0.012042 -0.17342 0.005497
0.243249 -0.11886 0.099273 0.229214 0.124328
0.243249 -0.11886 0.099273 0.229214 0.124328
0.201611 -0.094741 0.028468 0.012825 0.243478
0.214924 -0.026641 0.029088 -0.124297 0.126374
0.214924 -0.026641 0.029088 -0.124297 0.126374
0.166242 -0.081088 -0.032789 -0.357731 -0.082773
0.074308 -0.219074 -0.063946 -0.259576 0.047273
0.084349 -0.324357 -0.100153 -0.157501 0.277348
0.200176 -0.072999 0.005745 -0.272044 -0.034637
0.17234 -0.188059 -0.048519 -0.279522 0.056794
0.178828 -0.12041 -0.006037 -0.1018 0.048376
0.282556 -0.04137 0.082875 -0.114796 -0.075948
0.282556 -0.04137 0.082875 -0.114796 -0.075948
0.282556 -0.04137 0.082875 -0.114796 -0.075948
0.126955 -0.169679 -0.053323 -0.579737 -0.270965
0.121387 -0.154721 0.002247 -0.30963 -0.169208
0.121387 -0.154721 0.002247 -0.30963 -0.169208
0.155949 -0.163654 0.014414 -0.259658 -0.110802
0.169061 -0.206868 0.037636 0.061308 0.058768
0.169061 -0.206868 0.037636 0.061308 0.058768
0.180947 -0.157421 0.026563 0.046922 0.140229
0.267548 -0.17634 -0.016026 -0.232522 0.002198
0.267548 -0.17634 -0.016026 -0.232522 0.002198
0.078152 -0.285955 -0.093924 -0.186173 0.076341
0.107084 -0.298207 -0.030165 0.102696 0.164273
0.163176 -0.324795 -0.039852 0.040818 0.192708
0.181768 -0.282056 -0.058375 -0.267909 0.143608
0.181768 -0.282056 -0.058375 -0.267909 0.143608
0.181768 -0.282056 -0.058375 -0.267909 0.143608
0.181768 -0.282056 -0.058375 -0.267909 0.143608
0.217138 -0.243462 -0.062579 -0.160377 0.305984
0.192469 -0.319812 -0.113388 -0.29606 0.220992
0.151674 -0.28986 -0.014171 -0.142821 0.047601
0.191211 -0.278787 0.002642 -0.126234 0.046627
0.317661 -0.035067 0.127047 -0.024847 -0.032952
0.106526 -0.212921 -0.055004 -0.018406 0.304097
0.127827 -0.155957 -0.013888 -0.056585 0.192583
0.179507 -0.152247 0.030652 -0.052934 0.066438
0.151973 -0.275862 0.005787 0.107608 0.154038
0.20786 -0.135378 0.092061 0.042159 -0.080825
0.213304 -0.203001 0.086887 0.09756 -0.005591
0.182015 -0.189568 0.058951 -0.140687 -0.190401
0.182015 -0.189568 0.058951 -0.140687 -0.190401
0.061928 -0.307124 -0.102738 -0.356508 0.041288
0.061928 -0.307124 -0.102738 -0.356508 0.041288
0.145202 -0.321202 -0.066872 -0.064325 0.210273
0.070145 -0.462925 -0.151511 -0.138816 0.293859
0.238119 -0.140171 0.032393 -0.23562 -0.199498
0.19613 -0.120213 0.021159 -0.189523 -0.13934
0.056016 -0.279912 0.000482 0.20079 0.069851
0.217124 -0.162247 0.048883 -0.265003 -0.171539
0.217124 -0.162247 0.048883 -0.265003 -0.171539
0.130957 -0.193127 -0.082142 -0.200016 0.227145
0.130957 -0.193127 -0.082142 -0.200016 0.227145
0.222048 -0.132217 -0.021871 -0.135666 0.171263
0.223244 -0.077722 0.070839 -0.016324 -0.035496
0.223244 -0.077722 0.070839 -0.016324 -0.035496
0.256143 -0.100208 0.109637 0.213723 0.073469
0.213865 -0.225508 0.088859 0.078679 -0.035051
0.213865 -0.225508 0.088859 0.078679 -0.035051
0.231831 -0.154793 0.13065 0.215681 0.019032
0.231831 -0.154793 0.13065 0.215681 0.019032
0.30934 -0.041021 0.161978 -0.108285 -0.313576
0.297272 -0.066322 0.130293 -0.251187 -0.426115
0.297272 -0.066322 0.130293 -0.251187 -0.426115
0.297272 -0.066322 0.130293 -0.251187 -0.426115
0.297272 -0.066322 0.130293 -0.251187 -0.426115
0.252427 -0.047607 0.051045 -0.207331 -0.175875
0.155101 -0.139364 -0.017306 -0.210571 -0.097525
0.081078 -0.144019 -0.040454 -0.091493 0.07317
0.118715 -0.046262 0.030267 -0.240306 -0.230129
0.193338 0.019751 0.122166 -0.107148 -0.183712
0.193338 0.019751 0.122166 -0.107148 -0.183712
0.193338 0.019751 0.122166 -0.107148 -0.183712
0.14474 -0.142581 0.011965 -0.438035 -0.317456
0.127976 -0.175188 0.011639 -0.087683 0.017719
-0.025292 -0.3179 -0.099361 -0.277511 0.02897
-0.004993 -0.241613 -0.063866 -0.231718 -0.012156
-0.004993 -0.241613 -0.063866 -0.231718 -0.012156
0.087341 -0.154539 -0.030409 -0.22582 -0.002201
-0.006027 -0.443276 -0.14127 -0.163827 0.178179
0.214529 -0.172116 -0.019422 -0.565361 -0.227025
0.214529 -0.172116 -0.019422 -0.565361 -0.227025
0.27503 -0.031513 0.095827 0.073823 -0.092449
0.179481 -0.254507 0.025503 -0.162601 -0.200601
0.189194 -0.159622 0.04153 -0.199819 -0.216932
0.189194 -0.159622 0.04153 -0.199819 -0.216932
0.137039 -0.146636 0.039041 0.053627 -0.072167
0.011752 -0.326597 -0.065759 -0.329041 -0.092861
0.121271 -0.193406 -0.026541 -0.38867 -0.158094
0.121271 -0.193406 -0.026541 -0.38867 -0.158094
0.121271 -0.193406 -0.026541 -0.38867 -0.158094
0.121271 -0.193406 -0.026541 -0.38867 -0.158094
0.121271 -0.193406 -0.026541 -0.38867 -0.158094
0.196074 -0.116142 0.016641 -0.37054 -0.168497
0.196074 -0.116142 0.016641 -0.37054 -0.168497
0.196074 -0.116142 0.016641 -0.37054 -0.168497
0.196074 -0.116142 0.016641 -0.37054 -0.168497
0.110451 -0.318247 -0.005927 -0.096076 0.021661
0.10496 -0.304156 -0.082433 -0.207003 0.1602
0.10496 -0.304156 -0.082433 -0.207003 0.1602
0.109412 -0.363491 -0.062125 -0.10788 0.149485
0.153267 -0.2282 0.008468 -0.091694 0.01437
0.153267 -0.2282 0.008468 -0.091694 0.01437
0.15528 -0.209008 0.037586 0.099894 0.03696
0.116582 -0.192816 0.029151 -0.288418 -0.267549
0.18249 -0.266981 0.020892 -0.14599 -0.049621
0.131927 -0.216469 -0.053871 -0.038787 0.259834
0.131927 -0.216469 -0.053871 -0.038787 0.259834
0.190417 -0.245849 0.014823 0.182456 0.304011
0.049029 -0.344336 -0.085986 0.172241 0.461886
0.127426 -0.26476 0.007011 0.129965 0.296845
0.16286 -0.125979 0.039064 -0.010253 0.16497
0.137764 -0.19049 0.011968 0.210481 0.312408
0.137764 -0.19049 0.011968 0.210481 0.312408
0.115154 -0.246527 -0.055446 -0.081365 0.234181
0.115154 -0.246527 -0.055446 -0.081365 0.234181
0.16484 -0.263807 -0.028727 -0.21378 0.128591
0.136296 -0.220815 -0.055123 -0.394283 -0.005564
0.136296 -0.220815 -0.055123 -0.394283 -0.005564
0.136296 -0.220815 -0.055123 -0.394283 -0.005564
0.128966 -0.219679 -0.025801 -0.107553 0.147963
0.218892 -0.226346 0.018413 -0.035239 0.137433
0.218892 -0.226346 0.018413 -0.035239 0.137433
0.187249 -0.208989 0.042421 0.330962 0.305859
0.198384 -0.277397 -0.016717 0.153595 0.396428
0.280049 -0.166828 0.062216 -0.009855 0.053121
0.314893 -0.053579 0.118607 -0.018027 -0.012456
0.30823 -0.00679 0.177493 0.017215 -0.191256
0.30823 -0.00679 0.177493 0.017215 -0.191256
0.324751 0.0029 0.176827 -0.089246 -0.219968
0.138428 -0.267233 0.008504 -0.054584 0.104346
0.113778 -0.268297 0.01685 -0.141054 -0.078287
0.113778 -0.268297 0.01685 -0.141054 -0.078287
0.22458 -0.144101 0.092192 -0.175258 -0.148334
0.175637 -0.232537 0.002401 -0.292668 -0.073482
0.175637 -0.232537 0.002401 -0.292668 -0.073482
0.175637 -0.232537 0.002401 -0.292668 -0.073482
0.025781 -0.432387 -0.14018 -0.251121 0.113388
0.091237 -0.358434 -0.072514 0.081135 0.340427
0.091237 -0.358434 -0.072514 0.081135 0.340427
0.13408 -0.304265 -0.054505 -0.070904 0.200118
0.106069 -0.306993 -0.09147 -0.203227 0.059705
0.106069 -0.306993 -0.09147 -0.203227 0.059705
0.106069 -0.306993 -0.09147 -0.203227 0.059705
0.09771 -0.234062 0.010948 0.164571 0.139908
0.071407 -0.337785 0.009431 0.149475 0.138843
-0.062302 -0.442127 -0.164142 -0.271285 0.213238
0.024772 -0.442875 -0.036038 -0.048516 0.002655
0.024772 -0.442875 -0.036038 -0.048516 0.002655
0.024772 -0.442875 -0.036038 -0.048516 0.002655
0.087271 -0.343229 0.01674 0.138246 0.104895
0.196788 -0.189444 0.086411 -0.110414 -0.224567
0.196788 -0.189444 0.086411 -0.110414 -0.224567
0.127187 -0.24618 -0.040848 0.012924 0.325061
0.127187 -0.24618 -0.040848 0.012924 0.325061
0.212324 -0.16296 0.017004 -0.086342 0.079013
0.212324 -0.16296 0.017004 -0.086342 0.079013
0.262993 -0.105759 0.063512 0.052777 0.034386
0.251441 -0.051817 0.085919 0.076501 0.072143
0.251441 -0.051817 0.085919 0.076501 0.072143
0.329052 0.026691 0.154222 0.148586 0.058269
0.346104 -0.094127 0.131872 -0.180188 -0.1703
0.308482 -0.144294 0.081901 -0.287826 -0.112115
0.348664 -0.133239 0.128768 -0.005366 -0.062586
0.182793 -0.341429 0.01476 -0.044789 0.069519
0.146888 -0.379491 -0.019776 0.004512 0.131825
0.144789 -0.365087 0.00642 0.086278 0.072239
0.09028 -0.311733 0.016572 0.167183 0.070937
0.274817 -0.072296 0.178112 0.100509 -0.337769
0.274817 -0.072296 0.178112 0.100509 -0.337769
0.290831 -0.071384 0.13821 -0.155786 -0.40189
0.290831 -0.071384 0.13821 -0.155786 -0.40189
0.176971 -0.156647 0.051532 -0.147918 -0.200119
0.176971 -0.156647 0.051532 -0.147918 -0.200119
0.296099 -0.005442 0.117865 -0.190678 -0.24865
0.296099 -0.005442 0.117865 -0.190678 -0.24865
0.228392 -0.118456 0.091018 -0.215856 -0.277471
0.228392 -0.118456 0.091018 -0.215856 -0.277471
0.228392 -0.118456 0.091018 -0.215856 -0.277471
0.228392 -0.118456 0.091018 -0.215856 -0.277471
0.143486 -0.160173 0.009003 -0.335841 -0.23978
0.143486 -0.160173 0.009003 -0.335841 -0.23978
0.129666 -0.137936 -0.00899 -0.176837 -0.018519
0.184379 -0.077816 0.080343 0.019875 -0.00803
0.162437 -0.066166 0.045355 -0.181817 -0.099865
0.171332 -0.140754 0.067278 0.030089 -0.035393
0.171332 -0.140754 0.067278 0.030089 -0.035393
0.235561 -0.12341 0.115636 0.062711 -0.094858
0.299182 -0.031871 0.151766 -0.014186 -0.224273
0.314939 -0.037974 0.166489 -0.186001 -0.418612
0.314939 -0.037974 0.166489 -0.186001 -0.418612
0.314939 -0.037974 0.166489 -0.186001 -0.418612
0.314939 -0.037974 0.166489 -0.186001 -0.418612
0.314939 -0.037974 0.166489 -0.186001 -0.418612
0.304377 -0.0705 0.170307 0.149522 -0.16258
0.304377 -0.0705 0.170307 0.149522 -0.16258
0.248884 -0.14581 0.105508 0.100785 -0.104198
0.212389 -0.157039 0.059826 -0.045737 -0.127147
0.212389 -0.157039 0.059826 -0.045737 -0.127147
0.157773 -0.240743 -0.007903 -0.139332 -0.032923
0.209759 -0.200337 0.05976 -0.222203 -0.245399
0.209759 -0.200337 0.05976 -0.222203 -0.245399
0.209759 -0.200337 0.05976 -0.222203 -0.245399
0.209759 -0.200337 0.05976 -0.222203 -0.245399
0.209759 -0.200337 0.05976 -0.222203 -0.245399
0.280912 -0.104048 0.085688 -0.056421 -0.071618
0.280912 -0.104048 0.085688 -0.056421 -0.071618
0.291478 -0.11457 0.080653 -0.250864 -0.264782
0.291478 -0.11457 0.080653 -0.250864 -0.264782
0.212072 -0.179499 0.003679 -0.372909 -0.213588
0.213846 -0.174758 -0.023238 -0.565715 -0.322386
0.213846 -0.174758 -0.023238 -0.565715 -0.322386
0.213846 -0.174758 -0.023238 -0.565715 -0.322386
0.213846 -0.174758 -0.023238 -0.565715 -0.322386
0.213846 -0.174758 -0.023238 -0.565715 -0.322386
0.213846 -0.174758 -0.023238 -0.565715 -0.322386
0.213846 -0.174758 -0.023238 -0.565715 -0.322386
0.208985 -0.162781 -0.03318 -0.400048 -0.153311
0.201097 -0.19564 0.037461 0.082411 0.118021
0.227596 -0.226944 0.025608 -0.053382 0.103805
0.227596 -0.226944 0.025608 -0.053382 0.103805
0.222925 -0.271183 -0.004173 -0.104723 0.120781
0.265732 -0.169632 0.025051 -0.171879 0.045364
0.28373 -0.098061 0.075202 -0.270817 -0.228664
0.28373 -0.098061 0.075202 -0.270817 -0.228664
0.28373 -0.098061 0.075202 -0.270817 -0.228664
0.188328 -0.178435 0.057008 0.029748 -0.025347
0.203636 -0.199943 0.056146 -0.191297 -0.212122
0.203636 -0.199943 0.056146 -0.191297 -0.212122
0.145955 -0.294157 -0.001056 -0.210656 -0.074879
0.120884 -0.205535 0.005085 -0.161428 -0.058064
0.12384 -0.282772 -0.03064 -0.244983 -0.037007
0.128588 -0.345294 -0.126029 -0.494787 0.055541
0.128588 -0.345294 -0.126029 -0.494787 0.055541
0.147491 -0.29931 -0.08131 -0.486331 -0.051743
0.197198 -0.220169 -0.048501 -0.582613 -0.135867
0.197198 -0.220169 -0.048501 -0.582613 -0.135867
0.197198 -0.220169 -0.048501 -0.582613 -0.135867
0.046762 -0.457198 -0.100613 -0.130218 0.199718
0.046762 -0.457198 -0.100613 -0.130218 0.199718
0.046762 -0.457198 -0.100613 -0.130218 0.199718
0.047358 -0.35489 -0.025495 -0.00971 0.104786
0.169431 -0.28351 0.060257 0.071102 0.017468
0.129944 -0.284539 0.042886 -0.113923 -0.184406
0.178552 -0.123105 0.014168 -0.52504 -0.236249
0.178552 -0.123105 0.014168 -0.52504 -0.236249
0.176275 -0.115607 -0.054427 -0.202618 0.096895
0.152855 -0.068379 -0.04746 -0.024362 0.295078
0.152855 -0.068379 -0.04746 -0.024362 0.295078
0.152855 -0.068379 -0.04746 -0.024362 0.295078
0.079359 -0.074222 -0.057759 -0.253431 0.08506
0.19489 -0.103915 0.040787 -0.302001 -0.181449
0.19489 -0.103915 0.040787 -0.302001 -0.181449
0.044477 -0.21825 -0.021188 0.189264 0.198021
0.025467 -0.242584 -0.040084 0.401829 0.458913
0.025467 -0.242584 -0.040084 0.401829 0.458913
0.025467 -0.242584 -0.040084 0.401829 0.458913
0.101242 -0.21702 -0.002921 0.154182 0.230236
0.101242 -0.21702 -0.002921 0.154182 0.230236
0.092236 -0.229522 -0.027852 -0.106362 0.124499
0.126693 -0.267813 -0.024195 0.09029 0.31001
0.253456 -0.149664 0.119816 0.071153 -0.181309
0.205501 -0.164295 -0.001573 -0.250446 -0.170004
0.277221 -0.02483 0.132158 0.004832 -0.18107
0.266736 -0.017699 0.151475 0.231935 0.074564
0.229775 -0.130904 0.077441 0.0758 -0.031365
0.198777 -0.164781 0.018499 -0.017109 0.031536
0.144929 -0.129069 0.005074 -0.132088 0.011355
0.113831 -0.18822 -0.041037 -0.170923 0.092709
0.206518 -0.047566 0.076165 -0.1542 -0.105211
0.146459 -0.149469 0.013229 0.055857 0.27129
0.170592 -0.134018 0.055611 0.124493 0.242204
0.265772 -0.051629 0.157085 0.321438 0.183029
0.215511 -0.023314 0.14715 0.095622 -0.036292
0.303078 0.060465 0.229126 0.24648 -0.205716
0.303078 0.060465 0.229126 0.24648 -0.205716
0.213251 -0.149008 0.159184 0.327131 -0.055408
0.211373 -0.147101 0.158037 -0.017258 -0.42025
0.084744 -0.269194 -0.029832 -0.064875 -0.046902
0.028644 -0.386799 -0.055648 -0.041303 0.020287
0.05135 -0.499749 -0.113804 -0.257265 0.104737
-0.002977 -0.46842 -0.116586 -0.113871 0.230789
-0.002977 -0.46842 -0.116586 -0.113871 0.230789
-0.002977 -0.46842 -0.116586 -0.113871 0.230789
0.152749 -0.229944 0.088845 0.147667 -0.004755
0.092564 -0.332329 -0.016222 0.061236 0.171696
0.073171 -0.319413 -0.062289 -0.033945 0.207879
0.073171 -0.319413 -0.062289 -0.033945 0.207879
0.073171 -0.319413 -0.062289 -0.033945 0.207879
0.244138 -0.012267 0.130941 -0.049963 -0.125142
0.167556 -0.057702 0.088843 -0.148457 -0.202709
0.235078 -0.063909 0.159139 0.318319 0.079956
0.235078 -0.063909 0.159139 0.318319 0.079956
0.137162 -0.145685 0.046679 0.199642 0.14847
0.137162 -0.145685 0.046679 0.199642 0.14847
0.137162 -0.145685 0.046679 0.199642 0.14847
0.137162 -0.145685 0.046679 0.199642 0.14847
0.101268 -0.185714 0.006993 0.14487 0.253235
0.076075 -0.23229 -0.056845 0.245125 0.447805
0.196188 -0.015304 0.094903 0.127254 0.125773
0.193296 -0.072114 0.014813 -0.188975 0.040238
0.166165 -0.136097 0.007227 0.031649 0.202147
0.166165 -0.136097 0.007227 0.031649 0.202147
0.166165 -0.136097 0.007227 0.031649 0.202147
0.191203 -0.118886 0.040489 0.104171 0.176876
0.191203 -0.118886 0.040489 0.104171 0.176876
0.206773 -0.019057 0.075737 -0.126529 -0.157134
0.226918 -0.043186 0.098977 -0.128414 -0.227949
0.226918 -0.043186 0.098977 -0.128414 -0.227949
0.102536 -0.226786 -0.039259 0.007262 0.121985
0.164015 -0.118193 0.02232 -0.11835 -0.030242
0.164015 -0.118193 0.02232 -0.11835 -0.030242
0.181841 -0.156206 0.058499 0.010707 -0.070734
0.16086 -0.246909 0.015207 -0.13622 -0.166583
0.102894 -0.38729 -0.112889 -0.293854 0.037536
0.102894 -0.38729 -0.112889 -0.293854 0.037536
0.038166 -0.4387 -0.162598 -0.113495 0.364622
0.038166 -0.4387 -0.162598 -0.113495 0.364622
0.109399 -0.38373 -0.061599 -0.101227 0.091924
0.109399 -0.38373 -0.061599 -0.101227 0.091924
0.126414 -0.340912 -0.044875 -0.254971 -0.016424
0.091789 -0.274883 -0.044912 -0.359801 -0.045399
0.25372 -0.066715 0.133322 -0.131367 -0.190687
0.154008 -0.133878 0.024209 -0.362522 -0.183587
0.154008 -0.133878 0.024209 -0.362522 -0.183587
0.04123 -0.334133 -0.080538 -0.253044 0.052726
0.173168 -0.255992 0.045008 -0.224982 -0.224848
0.173168 -0.255992 0.045008 -0.224982 -0.224848
0.254513 -0.097591 0.055784 -0.191195 -0.156274
0.254513 -0.097591 0.055784 -0.191195 -0.156274
0.267676 -0.04236 0.054167 -0.149013 -0.054243
0.267676 -0.04236 0.054167 -0.149013 -0.054243
0.278822 -0.080884 0.078014 0.12133 0.094279
0.077805 -0.233184 -0.057674 -0.285846 -0.048146
0.147237 -0.164741 7.9e-05 -0.031914 0.085999
0.147237 -0.164741 7.9e-05 -0.031914 0.085999
0.21128 -0.060946 0.054643 -0.09383 0.058044
0.272267 0.042438 0.105968 -0.290527 -0.205839
0.272267 0.042438 0.105968 -0.290527 -0.205839
0.236886 -0.08483 0.027919 -0.398833 -0.148569
0.236886 -0.08483 0.027919 -0.398833 -0.148569
0.236886 -0.08483 0.027919 -0.398833 -0.148569
0.236886 -0.08483 0.027919 -0.398833 -0.148569
0.236886 -0.08483 0.027919 -0.398833 -0.148569
0.23614 -0.114222 0.041334 -0.10612 0.075328
0.23614 -0.114222 0.041334 -0.10612 0.075328
0.245422 -0.106956 0.079975 0.10565 0.148663
0.217945 -0.178432 0.058502 0.128335 0.164363
0.256385 -0.172027 0.055792 0.150684 0.239748
0.181951 -0.240845 0.00104 -0.142107 0.089558
0.196732 -0.149011 0.001552 -0.179526 0.096239
0.230962 -0.098344 -0.015271 -0.33448 -0.013846
0.121636 -0.266947 -0.028848 -0.314707 -0.116573
0.054584 -0.247728 -0.101943 -0.557627 -0.125294
0.054584 -0.247728 -0.101943 -0.557627 -0.125294
0.118154 -0.143758 0.055718 -0.111091 -0.154023
0.270036 -0.094409 0.146917 0.267215 0.099093
0.270036 -0.094409 0.146917 0.267215 0.099093
0.155478 -0.233523 -0.052006 0.024781 0.375008
0.118393 -0.211836 -0.107461 -0.48799 0.062214
0.203554 -0.088934 0.001082 -0.366643 -0.060977
0.203554 -0.088934 0.001082 -0.366643 -0.060977
0.203554 -0.088934 0.001082 -0.366643 -0.060977
0.306012 0.02331 0.130925 -0.198154 -0.224072
0.206062 -0.047674 0.083323 0.104905 0.070926
0.161912 -0.207878 0.041334 0.157861 0.151054
0.217785 -0.171908 0.023615 -0.285848 -0.14604
0.217785 -0.171908 0.023615 -0.285848 -0.14604
0.217785 -0.171908 0.023615 -0.285848 -0.14604
0.217785 -0.171908 0.023615 -0.285848 -0.14604
0.217785 -0.171908 0.023615 -0.285848 -0.14604
0.217785 -0.171908 0.023615 -0.285848 -0.14604
0.217785 -0.171908 0.023615 -0.285848 -0.14604
0.217785 -0.171908 0.023615 -0.285848 -0.14604
0.217785 -0.171908 0.023615 -0.285848 -0.14604
0.217785 -0.171908 0.023615 -0.285848 -0.14604
0.124871 -0.298704 -0.016283 -0.145921 -0.071915
0.148963 -0.25233 -0.023614 -0.329739 -0.161564
0.148963 -0.25233 -0.023614 -0.329739 -0.161564
0.148963 -0.25233 -0.023614 -0.329739 -0.161564
0.148963 -0.25233 -0.023614 -0.329739 -0.161564
0.148963 -0.25233 -0.023614 -0.329739 -0.161564
0.216925 -0.194151 0.056581 -0.144472 -0.198119
0.104193 -0.382062 -0.019613 -0.195892 -0.101469
0.046204 -0.42608 -0.086284 0.100901 0.327685
0.153247 -0.36651 -0.026793 -0.312973 -0.113692
0.153247 -0.36651 -0.026793 -0.312973 -0.113692
0.058733 -0.480699 -0.107167 -0.087935 0.190946
0.058733 -0.480699 -0.107167 -0.087935 0.190946
0.368441 -0.072507 0.14655 -0.148316 -0.429545
0.229402 -0.155621 0.072309 -0.086966 -0.111094
0.229402 -0.155621 0.072309 -0.086966 -0.111094
0.303982 -0.067701 0.09272 -0.147799 -0.196104
0.303982 -0.067701 0.09272 -0.147799 -0.196104
0.219075 -0.177617 -0.023239 -0.237706 0.005115
0.164148 -0.187248 -0.002125 -0.193788 0.01316
0.164148 -0.187248 -0.002125 -0.193788 0.01316
0.145595 -0.174618 -0.019366 -0.272846 0.010023
0.163446 -0.154583 0.037354 -0.367427 -0.232708
0.163446 -0.154583 0.037354 -0.367427 -0.232708
0.316721 0.035716 0.095206 -0.351164 -0.267016
0.316721 0.035716 0.095206 -0.351164 -0.267016
0.327466 0.046644 0.164838 -0.162673 -0.342263
0.327466 0.046644 0.164838 -0.162673 -0.342263
0.245663 -0.051286 0.034042 -0.3028 -0.185174
0.156136 -0.255151 -0.045197 0.130808 0.324882
0.156136 -0.255151 -0.045197 0.130808 0.324882
0.174126 -0.115465 -0.010266 -0.264356 -0.120017
0.074328 -0.2383 -0.069174 -0.147685 0.043939
0.2059 -0.156405 0.024111 -0.199202 -0.15227
0.181264 -0.138072 0.007595 -0.168926 -0.078696
0.109602 -0.348564 -0.073966 0.126166 0.400658
0.109602 -0.348564 -0.073966 0.126166 0.400658
0.15075 -0.291378 -0.011109 0.119469 0.279913
0.15075 -0.291378 -0.011109 0.119469 0.279913
0.15075 -0.291378 -0.011109 0.119469 0.279913
0.227144 -0.131003 0.103621 0.179632 0.047973
0.252935 -0.065534 0.105499 0.01797 -0.096077
0.252935 -0.065534 0.105499 0.01797 -0.096077
0.223814 -0.076518 0.122644 0.149731 -0.000787
0.215259 -0.213038 0.022019 -0.2887 -0.100439
0.202212 -0.167468 0.07542 -0.152174 -0.249787
0.222491 -0.209642 0.080523 0.063458 -0.035442
0.121363 -0.281596 0.011807 -0.024396 0.02664
0.099284 -0.193251 -0.006158 -0.119903 0.034491
0.099284 -0.193251 -0.006158 -0.119903 0.034491
0.179861 -0.088587 -0.010502 -0.441805 -0.215904
0.274335 -0.085012 0.022935 -0.28815 -0.111253
0.274335 -0.085012 0.022935 -0.28815 -0.111253
0.23545 -0.012802 0.086881 -0.190164 -0.204751
0.23545 -0.012802 0.086881 -0.190164 -0.204751
0.224639 -0.053567 0.081795 -0.078686 -0.100766
0.224639 -0.053567 0.081795 -0.078686 -0.100766
0.181012 -0.16383 0.019383 -0.055814 -0.031615
0.181012 -0.16383 0.019383 -0.055814 -0.031615
0.181012 -0.16383 0.019383 -0.055814 -0.031615
0.309031 -0.024273 0.137387 0.02919 -0.19868
0.309031 -0.024273 0.137387 0.02919 -0.19868
0.309031 -0.024273 0.137387 0.02919 -0.19868
0.256102 -0.033654 0.05062 -0.074157 -0.014998
0.274586 0.00921 0.079338 -0.050567 -0.017274
0.233 -0.110503 0.035532 -0.290977 -0.11526
0.233 -0.110503 0.035532 -0.290977 -0.11526
0.233 -0.110503 0.035532 -0.290977 -0.11526
0.20932 -0.175647 0.051202 0.100254 0.138592
0.20932 -0.175647 0.051202 0.100254 0.138592
0.20932 -0.175647 0.051202 0.100254 0.138592
0.20932 -0.175647 0.051202 0.100254 0.138592
0.215147 -0.279671 0.041377 0.256356 0.26745
0.226599 -0.166981 0.07522 0.130195 0.078364
0.200166 -0.200307 0.027206 0.133719 0.251145
0.200166 -0.200307 0.027206 0.133719 0.251145
0.200166 -0.200307 0.027206 0.133719 0.251145
0.242756 -0.157075 0.038468 0.021155 0.170295
0.315554 -0.062507 0.159043 -0.031009 -0.1756
0.311507 -0.131822 0.138035 -0.156999 -0.276215
0.09338 -0.313376 -0.102173 -0.340519 0.130787
0.123905 -0.22967 -0.012056 -0.087561 0.214959
0.105658 -0.297654 -0.057095 -0.224556 0.171241
0.13333 -0.278621 -0.048149 -0.370431 0.018367
0.218566 -0.168953 0.001246 -0.500759 -0.226651
0.166769 -0.248644 -0.043702 -0.399968 -0.076436
0.229391 -0.095714 0.051262 -0.278664 -0.214786
0.268835 -0.048863 0.096624 0.003361 -0.049095
0.268835 -0.048863 0.096624 0.003361 -0.049095
0.199586 -0.170336 0.045616 -0.178169 -0.115194
0.13493 -0.222914 0.005217 -0.012337 0.082243
0.13493 -0.222914 0.005217 -0.012337 0.082243
0.125841 -0.267233 -0.035882 -0.272758 -0.051795
0.103332 -0.294608 -0.014265 -0.180855 -0.092018
0.082013 -0.258075 -0.035681 -0.167265 0.063626
0.270051 -0.107408 0.121622 -0.084028 -0.307229
0.207452 -0.21643 -0.002556 -0.341535 -0.080479
0.207452 -0.21643 -0.002556 -0.341535 -0.080479
0.207452 -0.21643 -0.002556 -0.341535 -0.080479
0.133529 -0.232861 -0.037283 -0.340659 -0.013147
0.135483 -0.185547 -0.047584 -0.423729 -0.041349
0.135483 -0.185547 -0.047584 -0.423729 -0.041349
0.135483 -0.185547 -0.047584 -0.423729 -0.041349
0.135483 -0.185547 -0.047584 -0.423729 -0.041349
0.135483 -0.185547 -0.047584 -0.423729 -0.041349
0.135483 -0.185547 -0.047584 -0.423729 -0.041349
0.064441 -0.19915 -0.056156 -0.227497 -0.037918
0.010231 -0.403417 -0.098898 -0.18945 0.110748
0.123552 -0.280353 -0.005061 -0.152452 0.005735
0.096493 -0.312677 -0.030359 0.042389 0.170497
0.111236 -0.189052 0.001211 -0.089416 0.072913
0.111236 -0.189052 0.001211 -0.089416 0.072913
0.184102 -0.182602 0.015699 -0.136124 0.03083
0.248835 -0.113175 0.096605 -0.16577 -0.342691
0.20051 -0.334016 0.023874 -0.005578 0.021788
0.178625 -0.297082 0.032159 -0.099529 -0.071036
0.187826 -0.344891 0.062632 0.17677 0.074599
0.151217 -0.417782 -0.075246 0.046162 0.262111
0.15589 -0.428257 -0.093733 -0.116158 0.195853
0.189136 -0.352689 -0.071936 -0.23741 0.047945
0.146703 -0.362418 -0.065058 -0.248503 -0.093776
0.120827 -0.392923 -0.088425 -0.094082 0.101334
0.121184 -0.13378 -0.071612 -0.364092 -0.026799
0.229452 -0.070705 0.02659 -0.341047 -0.246356
0.229452 -0.070705 0.02659 -0.341047 -0.246356
0.229452 -0.070705 0.02659 -0.341047 -0.246356
0.229452 -0.070705 0.02659 -0.341047 -0.246356
0.231415 -0.065431 0.052457 -0.294808 -0.273552
0.231415 -0.065431 0.052457 -0.294808 -0.273552
0.285363 -0.176845 0.101876 0.126193 -0.096999
0.144371 -0.322402 -0.043386 -0.052947 0.05497
0.156274 -0.27251 -0.004685 -0.0349 0.021017
0.129773 -0.172503 -0.033274 -0.173512 -0.00684
0.1724 -0.098286 0.035247 -0.119263 -0.059161
0.115971 -0.176084 0.000517 0.081265 0.0955
0.140917 -0.138402 -0.077565 -0.108292 0.219379
0.140917 -0.138402 -0.077565 -0.108292 0.219379
0.144045 -0.181856 -0.027875 0.122337 0.355493
0.188183 -0.170252 0.005615 -0.024771 0.165858
0.167005 -0.150629 -0.021282 -0.180174 0.08254
0.199844 -0.157425 0.017704 -0.146632 0.063689
0.183682 -0.238381 -0.000597 -0.070583 0.096117
0.225578 -0.197861 0.041434 -0.045476 0.104846
0.225578 -0.197861 0.041434 -0.045476 0.104846
0.225578 -0.197861 0.041434 -0.045476 0.104846
0.250818 -0.152073 0.154992 0.234845 -0.070841
0.257841 -0.169085 0.133084 0.143212 -0.122387
0.125829 -0.179882 0.019757 -0.149861 -0.072347
0.058602 -0.249037 -0.030584 0.057417 0.226156
0.058602 -0.249037 -0.030584 0.057417 0.226156
0.145606 -0.106463 0.030508 -0.144448 -0.020475
0.236556 -0.063371 0.085382 -0.036894 -0.019424
0.221658 -0.072578 0.096961 -0.066375 -0.162895
0.065692 -0.25928 -0.038565 -0.203654 -0.081998
0.056061 -0.204667 -0.029925 0.033521 0.19674
0.056061 -0.204667 -0.029925 0.033521 0.19674
0.056061 -0.204667 -0.029925 0.033521 0.19674
0.19017 -0.146965 0.040104 0.092559 0.17916
0.19017 -0.146965 0.040104 0.092559 0.17916
0.19017 -0.146965 0.040104 0.092559 0.17916
0.178623 -0.224897 0.010994 0.121004 0.260897
0.163184 -0.22051 -0.015519 -0.003147 0.247116
0.164465 -0.144123 0.040884 -0.029884 0.104804
0.097858 -0.170193 -0.035591 -0.223477 0.054563
0.159657 -0.333898 -0.03647 -0.09863 0.196216
0.206792 -0.154989 0.052482 -0.025343 0.030463
0.149818 -0.21347 0.016009 0.115431 0.058163
0.258168 -0.026059 0.144772 0.177244 -0.156868
0.083987 -0.390435 -0.096182 -0.088464 0.218098
0.020265 -0.424934 -0.107921 -0.092471 0.218079
0.020265 -0.424934 -0.107921 -0.092471 0.218079
0.087842 -0.311583 -0.045445 -0.072416 0.139619
0.087842 -0.311583 -0.045445 -0.072416 0.139619
0.159767 -0.175707 0.010639 -0.066668 -0.006501
0.159767 -0.175707 0.010639 -0.066668 -0.006501
0.266713 -0.045819 0.066685 -0.270355 -0.196016
0.266713 -0.045819 0.066685 -0.270355 -0.196016
0.266713 -0.045819 0.066685 -0.270355 -0.196016
0.270242 -0.020749 0.085621 -0.159504 -0.166338
0.279764 -0.047448 0.121421 0.092987 -0.083873
0.065982 -0.455424 -0.109986 -0.064852 0.298295
0.065982 -0.455424 -0.109986 -0.064852 0.298295
0.065982 -0.455424 -0.109986 -0.064852 0.298295
0.135247 -0.186096 -0.00252 -0.015907 0.084284
0.12985 -0.263278 -0.020366 -0.249128 -0.134376
0.143607 -0.344681 -0.096777 -0.514663 -0.036363
0.101013 -0.283446 -0.049661 -0.340481 -0.046736
0.101013 -0.283446 -0.049661 -0.340481 -0.046736
0.20592 -0.215859 0.036245 -0.230877 -0.207044
0.20592 -0.215859 0.036245 -0.230877 -0.207044
0.20592 -0.215859 0.036245 -0.230877 -0.207044
0.131265 -0.317207 -0.012848 0.07101 0.274326
0.134608 -0.366127 -0.023755 -0.020939 0.14661
0.133083 -0.295141 -0.030834 -0.37882 -0.072957
0.157325 -0.245704 -0.026052 -0.357166 -0.042608
0.157325 -0.245704 -0.026052 -0.357166 -0.042608
0.21931 -0.232036 0.056988 0.037021 -0.004301
0.233325 -0.102091 0.123267 -0.113041 -0.345659
0.233325 -0.102091 0.123267 -0.113041 -0.345659
0.233325 -0.102091 0.123267 -0.113041 -0.345659
0.228687 -0.130573 0.120363 -0.031771 -0.294433
0.274279 -0.048064 0.125862 0.108671 -0.155027
0.274279 -0.048064 0.125862 0.108671 -0.155027
0.238231 -0.174037 -0.022427 -0.185738 0.019569
0.181753 -0.292852 -0.036046 -0.030435 0.137271
0.190421 -0.168024 0.052475 0.201084 0.122262
0.168227 -0.103421 0.032317 0.102625 0.251568
0.141564 -0.245199 0.005366 -0.016865 0.081244
0.141564 -0.245199 0.005366 -0.016865 0.081244
0.160164 -0.254527 0.002229 0.000181 0.095968
0.110494 -0.277459 -0.095507 -0.235979 0.162474
0.189104 -0.214411 -0.028859 -0.172274 0.128176
0.189104 -0.214411 -0.028859 -0.172274 0.128176
0.189104 -0.214411 -0.028859 -0.172274 0.128176
0.193291 -0.238004 -0.007143 -0.272173 -0.147632
0.193291 -0.238004 -0.007143 -0.272173 -0.147632
0.167763 -0.251368 -0.021514 -0.06028 0.125801
0.141342 -0.28436 0.027702 0.160455 0.169127
0.141342 -0.28436 0.027702 0.160455 0.169127
0.145044 -0.179954 0.031455 0.144918 0.131618
0.145044 -0.179954 0.031455 0.144918 0.131618
0.168188 -0.222751 -0.035035 -0.023094 0.235014
0.261941 -0.080011 0.105133 -0.046976 -0.252544
0.261941 -0.080011 0.105133 -0.046976 -0.252544
0.261941 -0.080011 0.105133 -0.046976 -0.252544
0.285738 -0.154671 0.078754 -0.231825 -0.389475
0.264263 -0.09842 0.055894 -0.351669 -0.351774
0.264263 -0.09842 0.055894 -0.351669 -0.351774
0.264263 -0.09842 0.055894 -0.351669 -0.351774
0.264263 -0.09842 0.055894 -0.351669 -0.351774
0.247741 -0.086783 0.056427 -0.324745 -0.221109
0.135733 -0.301802 -0.075194 -0.289495 0.102116
0.135733 -0.301802 -0.075194 -0.289495 0.102116
0.112387 -0.291452 -0.065729 -0.129523 0.24176
0.236924 -0.065574 0.035156 -0.364599 -0.10649
0.236924 -0.065574 0.035156 -0.364599 -0.10649
0.236924 -0.065574 0.035156 -0.364599 -0.10649
0.243909 -0.001804 0.079797 -0.066696 0.018155
0.243909 -0.001804 0.079797 -0.066696 0.018155
0.2498 0.008064 0.104246 0.244821 0.243287
0.2498 0.008064 0.104246 0.244821 0.243287
0.187289 -0.166713 -0.025079 -0.183239 0.079587
0.219765 -0.143044 0.012902 -0.196103 -0.017742
0.208322 -0.114687 0.012223 -0.0348 0.189005
0.259299 -0.068042 0.114416 0.158778 0.091224
0.146002 -0.242888 0.005026 0.107308 0.23104
0.146002 -0.242888 0.005026 0.107308 0.23104
0.146002 -0.242888 0.005026 0.107308 0.23104
0.146002 -0.242888 0.005026 0.107308 0.23104
0.146002 -0.242888 0.005026 0.107308 0.23104
0.231174 -0.079012 0.06692 -0.19783 -0.110957
0.186948 -0.140858 0.043368 -0.032044 -0.003392
0.126184 -0.176014 0.020291 -0.165689 -0.138155
0.06652 -0.232392 -0.023933 -0.07253 0.068382
0.06652 -0.232392 -0.023933 -0.07253 0.068382
0.118597 -0.234477 -0.046698 -0.199891 0.004063
0.164938 -0.236809 -0.040301 -0.303084 -0.077832
0.164938 -0.236809 -0.040301 -0.303084 -0.077832
0.164938 -0.236809 -0.040301 -0.303084 -0.077832
0.208802 -0.141148 0.020367 -0.37328 -0.219282
0.208802 -0.141148 0.020367 -0.37328 -0.219282
0.178244 -0.208749 -0.037977 -0.088196 0.273694
0.143736 -0.217459 -0.043747 0.025492 0.314819
0.214631 -0.136399 -0.001083 -0.261125 0.003999
0.214631 -0.136399 -0.001083 -0.261125 0.003999
0.214631 -0.136399 -0.001083 -0.261125 0.003999
0.124039 -0.229016 -0.047499 -0.158668 0.112264
0.080341 -0.247581 -0.124736 -0.387251 0.112902
0.141729 -0.264969 -0.058268 -0.258515 0.097888
0.141729 -0.264969 -0.058268 -0.258515 0.097888
0.189802 -0.235747 -0.059607 -0.425253 0.029424
0.189802 -0.235747 -0.059607 -0.425253 0.029424
0.189802 -0.235747 -0.059607 -0.425253 0.029424
0.189802 -0.235747 -0.059607 -0.425253 0.029424
0.216409 -0.234322 -0.0202 -0.143911 0.122911
0.220923 -0.191469 -0.017514 -0.137758 0.067095
0.16524 -0.216926 -0.080717 -0.291084 0.136791
0.202501 -0.038356 -0.013081 -0.21453 0.167586
0.237779 -0.10261 0.009719 0.042051 0.27301
0.356922 0.049886 0.211818 0.015625 -0.170735
0.254733 -0.045237 0.151599 0.210762 0.036628
0.228006 -0.033728 0.104874 -0.065342 -0.094187
0.250676 -0.032104 0.133263 -0.178485 -0.42154
0.250676 -0.032104 0.133263 -0.178485 -0.42154
0.250676 -0.032104 0.133263 -0.178485 -0.42154
0.15481 -0.100437 -0.013104 -0.214023 -0.022088
0.15481 -0.100437 -0.013104 -0.214023 -0.022088
0.15481 -0.100437 -0.013104 -0.214023 -0.022088
0.149927 -0.191712 -0.02242 -0.201275 -0.02288
0.188249 -0.101281 -0.004937 -0.393438 -0.165062
0.168615 -0.257459 -0.065269 -0.384362 -0.016209
0.222753 -0.203453 -0.011595 -0.269269 -0.041197
0.222753 -0.203453 -0.011595 -0.269269 -0.041197
0.222753 -0.203453 -0.011595 -0.269269 -0.041197
0.128735 -0.2971 -0.043206 -0.272159 0.026733
0.128735 -0.2971 -0.043206 -0.272159 0.026733
0.267001 -0.014845 0.081648 -0.130174 -0.15947
0.211089 -0.107295 0.034758 -0.433762 -0.280169
0.211089 -0.107295 0.034758 -0.433762 -0.280169
0.196266 -0.185858 0.010333 -0.357933 -0.105269
0.196266 -0.185858 0.010333 -0.357933 -0.105269
0.196266 -0.185858 0.010333 -0.357933 -0.105269
0.219256 -0.153779 0.012914 -0.181264 0.059132
0.219256 -0.153779 0.012914 -0.181264 0.059132
0.266982 -0.071572 0.08993 -0.103526 -0.058381
0.266982 -0.071572 0.08993 -0.103526 -0.058381
0.275315 -0.053281 0.028095 -0.25371 -0.080724
0.210937 -0.137698 -0.053429 -0.154822 0.213942
0.210937 -0.137698 -0.053429 -0.154822 0.213942
0.083104 -0.366499 -0.171724 -0.194644 0.33325
0.01793 -0.400268 -0.146197 -0.135164 0.278753
-0.035744 -0.425521 -0.152909 -0.134517 0.220781
0.064348 -0.43038 -0.097599 -0.145493 0.106155
0.064348 -0.43038 -0.097599 -0.145493 0.106155
0.064348 -0.43038 -0.097599 -0.145493 0.106155
0.144492 -0.241287 -0.036487 -0.332954 -0.25754
0.079838 -0.306277 -0.084082 -0.108164 0.060364
0.079838 -0.306277 -0.084082 -0.108164 0.060364
0.079838 -0.306277 -0.084082 -0.108164 0.060364
0.241039 -0.147238 -0.001287 -0.310113 -0.15487
0.1404 -0.247833 -0.082038 -0.444081 -0.136332
0.1404 -0.247833 -0.082038 -0.444081 -0.136332
0.182973 -0.251525 -0.016689 -0.336722 -0.210979
0.182973 -0.251525 -0.016689 -0.336722 -0.210979
0.215147 -0.227928 0.050308 -0.167884 -0.265669
0.215147 -0.227928 0.050308 -0.167884 -0.265669
0.201563 -0.251914 0.00769 -0.36292 -0.29259
0.158022 -0.338277 -0.01287 -0.217574 -0.083516
0.117104 -0.258533 -0.04721 -0.207704 -0.022299
0.117104 -0.258533 -0.04721 -0.207704 -0.022299
0.117104 -0.258533 -0.04721 -0.207704 -0.022299
0.117104 -0.258533 -0.04721 -0.207704 -0.022299
0.117104 -0.258533 -0.04721 -0.207704 -0.022299
0.220466 -0.08439 0.020943 -0.279689 -0.085502
0.312766 0.023823 0.134198 -0.111309 -0.248841
0.150859 -0.18422 0.053392 0.205283 0.124529
0.268102 -0.077131 0.137152 0.047927 -0.127092
0.146428 -0.194714 0.069599 0.050767 -0.089844
0.146428 -0.194714 0.069599 0.050767 -0.089844
0.146428 -0.194714 0.069599 0.050767 -0.089844
0.035575 -0.337684 -0.026081 -0.068775 -0.054093
0.011136 -0.357957 -0.041856 -0.101973 -0.094451
0.037906 -0.248387 -0.030633 -0.181565 -0.099752
0.122825 -0.178458 -0.016138 -0.325501 -0.256188
0.069642 -0.254907 -0.105483 -0.374289 -0.001444
0.077458 -0.291205 -0.032777 -0.211269 -0.147656
0.087352 -0.234503 -0.019108 -0.14373 -0.082299
0.141854 -0.187247 -0.065083 -0.383108 0.025412
0.15058 -0.1536 -0.030423 -0.291709 -0.014978
0.15058 -0.1536 -0.030423 -0.291709 -0.014978
0.15058 -0.1536 -0.030423 -0.291709 -0.014978
0.15058 -0.1536 -0.030423 -0.291709 -0.014978
0.136908 -0.226396 -0.00899 -0.14504 -0.057468
0.197066 -0.156867 0.043604 0.056289 -0.014683
0.313792 -0.001353 0.130017 -0.052559 -0.208197
0.299177 -0.024324 0.141389 -0.106379 -0.354876
0.235017 -0.08937 0.050311 -0.235069 -0.201554
0.24501 -0.096393 0.039498 -0.20449 -0.083369
0.215091 -0.053639 0.075995 -0.107395 -0.1384
0.191394 -0.061728 0.01921 -0.216275 -0.123461
0.204446 -0.148484 -0.063104 -0.527883 -0.023557
0.204446 -0.148484 -0.063104 -0.527883 -0.023557
0.204446 -0.148484 -0.063104 -0.527883 -0.023557
0.204446 -0.148484 -0.063104 -0.527883 -0.023557
0.228549 -0.037188 0.017739 -0.607597 -0.324859
0.228549 -0.037188 0.017739 -0.607597 -0.324859
0.228549 -0.037188 0.017739 -0.607597 -0.324859
0.228549 -0.037188 0.017739 -0.607597 -0.324859
0.228549 -0.037188 0.017739 -0.607597 -0.324859
0.228549 -0.037188 0.017739 -0.607597 -0.324859
0.228549 -0.037188 0.017739 -0.607597 -0.324859
0.228549 -0.037188 0.017739 -0.607597 -0.324859
0.228549 -0.037188 0.017739 -0.607597 -0.324859
0.228549 -0.037188 0.017739 -0.607597 -0.324859
0.228549 -0.037188 0.017739 -0.607597 -0.324859
0.228549 -0.037188 0.017739 -0.607597 -0.324859
0.228549 -0.037188 0.017739 -0.607597 -0.324859
0.129301 -0.199522 0.008947 -0.330059 -0.135028
0.144094 -0.127067 -0.002 -0.344328 -0.057815
0.283441 0.013819 0.098912 -0.160975 0.031447
0.33865 0.01246 0.142405 -0.326324 -0.248311
0.219313 -0.117468 0.058595 -0.197901 -0.119915
0.158963 -0.180018 0.018325 -0.017698 0.133307
0.150969 -0.222661 -0.020569 -0.163391 0.054912
0.127915 -0.235174 -0.058139 -0.224901 0.098506
0.127915 -0.235174 -0.058139 -0.224901 0.098506
0.249069 -0.119878 0.008417 -0.301223 -0.013134
0.230076 -0.107232 0.05554 -0.17605 -0.198513
0.127057 -0.245911 -0.00138 -0.083273 0.012466
0.170991 -0.216919 0.043704 -0.190216 -0.247097
0.170991 -0.216919 0.043704 -0.190216 -0.247097
0.111576 -0.360209 0.006119 -0.089739 -0.134691
0.169434 -0.241619 0.05142 -0.015455 -0.176455
0.223194 -0.173662 0.101239 0.159724 -0.06335
0.247499 -0.156025 0.055067 -0.1453 -0.127004
0.247499 -0.156025 0.055067 -0.1453 -0.127004
0.247499 -0.156025 0.055067 -0.1453 -0.127004
0.193503 -0.307347 0.011943 -0.28783 -0.249296
0.174511 -0.264289 0.011913 -0.316794 -0.292285
0.174511 -0.264289 0.011913 -0.316794 -0.292285
0.174511 -0.264289 0.011913 -0.316794 -0.292285
0.174511 -0.264289 0.011913 -0.316794 -0.292285
0.13751 -0.328557 0.000253 -0.26941 -0.18066
0.181626 -0.261011 -0.065278 -0.319979 0.026741
0.198859 -0.262162 0.000274 -0.009332 0.079502
0.165234 -0.273119 -0.031938 -0.320199 -0.089626
0.165234 -0.273119 -0.031938 -0.320199 -0.089626
0.180652 -0.329313 -0.025142 -0.22088 -0.023869
0.180652 -0.329313 -0.025142 -0.22088 -0.023869
0.120237 -0.262195 -0.021044 0.000119 0.071619
0.203241 -0.100082 0.03926 -0.221294 -0.114667
0.203241 -0.100082 0.03926 -0.221294 -0.114667
0.203241 -0.100082 0.03926 -0.221294 -0.114667
0.203241 -0.100082 0.03926 -0.221294 -0.114667
0.184099 -0.158748 0.030407 -0.088541 0.008302
0.184099 -0.158748 0.030407 -0.088541 0.008302
0.184099 -0.158748 0.030407 -0.088541 0.008302
0.197377 -0.147565 0.057673 -0.00122 0.047488
0.208539 -0.142912 0.026198 -0.311672 -0.179507
0.151945 -0.132719 0.001829 -0.127673 0.007733
0.151945 -0.132719 0.001829 -0.127673 0.007733
0.203485 -0.111709 0.035664 -0.432488 -0.350299
0.203485 -0.111709 0.035664 -0.432488 -0.350299
0.203485 -0.111709 0.035664 -0.432488 -0.350299
0.203485 -0.111709 0.035664 -0.432488 -0.350299
0.203485 -0.111709 0.035664 -0.432488 -0.350299
0.203485 -0.111709 0.035664 -0.432488 -0.350299
0.203485 -0.111709 0.035664 -0.432488 -0.350299
0.203485 -0.111709 0.035664 -0.432488 -0.350299
0.203485 -0.111709 0.035664 -0.432488 -0.350299
0.203485 -0.111709 0.035664 -0.432488 -0.350299
0.203485 -0.111709 0.035664 -0.432488 -0.350299
0.167486 -0.134859 0.009156 -0.300937 -0.220505
0.187987 -0.200914 0.071783 0.085147 0.026226
0.199988 -0.216481 0.039911 -0.035789 0.024643
0.214107 -0.080734 0.097063 -0.146513 -0.224127
0.241396 -0.130546 0.062797 -0.157948 -0.12376
0.241396 -0.130546 0.062797 -0.157948 -0.12376
0.241396 -0.130546 0.062797 -0.157948 -0.12376
0.241396 -0.130546 0.062797 -0.157948 -0.12376
0.079686 -0.260651 -0.040053 0.17337 0.39074
0.041931 -0.286448 -0.10706 -0.317367 0.031474
0.078923 -0.275317 -0.113511 -0.660761 -0.199997
0.140965 -0.201421 0.025811 -0.160115 -0.155636
0.096644 -0.350321 -0.01824 -0.000226 0.020778
0.077448 -0.33961 -0.05372 0.044737 0.169924
0.095823 -0.292679 0.004824 0.161018 0.07242
0.242935 -0.173705 0.104551 0.059582 -0.040848
0.169243 -0.245625 0.003592 -0.078528 0.094837
0.171593 -0.283119 -0.013859 0.102045 0.324439
0.187189 -0.25904 0.014306 0.030428 0.155358
0.187189 -0.25904 0.014306 0.030428 0.155358
0.175424 -0.15603 0.077995 -0.132862 -0.154065
0.238624 -0.081834 0.099109 -0.174547 -0.208796
0.238624 -0.081834 0.099109 -0.174547 -0.208796
0.238624 -0.081834 0.099109 -0.174547 -0.208796
0.137707 -0.171575 0.044322 0.066064 0.062257
0.137707 -0.171575 0.044322 0.066064 0.062257
0.159894 -0.153927 0.062282 0.108411 0.125513
0.159894 -0.153927 0.062282 0.108411 0.125513
0.201018 -0.148966 0.033377 -0.114231 0.079964
0.224805 -0.136209 0.052494 0.096125 0.217424
0.224805 -0.136209 0.052494 0.096125 0.217424
0.224805 -0.136209 0.052494 0.096125 0.217424
0.224805 -0.136209 0.052494 0.096125 0.217424
0.224805 -0.136209 0.052494 0.096125 0.217424
0.148162 -0.266547 -0.058389 0.006209 0.24335
0.130322 -0.302406 -0.068063 0.016971 0.229834
0.183607 -0.248928 -0.018424 0.049636 0.239256
0.183607 -0.248928 -0.018424 0.049636 0.239256
0.1734 -0.268428 -0.0366 0.123273 0.319517
0.183823 -0.247994 0.02904 -0.107478 0.014272
0.19656 -0.224812 0.012683 -0.205074 0.025624
0.19656 -0.224812 0.012683 -0.205074 0.025624
0.19656 -0.224812 0.012683 -0.205074 0.025624
0.052333 -0.286997 -0.016574 0.029633 0.099815
0.052333 -0.286997 -0.016574 0.029633 0.099815
0.090207 -0.18535 0.025137 0.082333 0.057393
0.090207 -0.18535 0.025137 0.082333 0.057393
0.209255 -0.17333 0.073178 0.072399 -0.055264
0.248935 -0.169435 0.089343 0.160527 0.031766
0.248935 -0.169435 0.089343 0.160527 0.031766
0.20027 -0.203655 0.013414 0.107168 0.269036
0.242672 -0.121697 0.098737 0.142889 0.004797
0.218333 -0.242691 0.020895 -0.256672 0.015542
0.167225 -0.234582 0.024114 -0.400691 -0.219394
0.167225 -0.234582 0.024114 -0.400691 -0.219394
0.167225 -0.234582 0.024114 -0.400691 -0.219394
0.114582 -0.227778 0.011406 -0.235226 -0.062024
0.114582 -0.227778 0.011406 -0.235226 -0.062024
0.114582 -0.227778 0.011406 -0.235226 -0.062024
0.128419 -0.218634 0.080136 -0.030386 -0.116435
0.372982 0.045152 0.172827 0.191978 0.046002
0.337098 -0.064963 0.149239 0.345069 0.219294
0.337098 -0.064963 0.149239 0.345069 0.219294
0.326785 -0.022223 0.083037 -0.137635 -0.083927
0.30018 -0.101427 0.160344 0.018595 -0.312144
0.215538 -0.181072 0.039162 -0.32828 -0.283697
0.068195 -0.330177 -0.091138 -0.511025 -0.088086
0.129497 -0.253835 -0.017894 -0.23331 -0.029217
0.129497 -0.253835 -0.017894 -0.23331 -0.029217
0.129497 -0.253835 -0.017894 -0.23331 -0.029217
0.175553 -0.265669 -0.010868 -0.254974 -0.09563
0.175553 -0.265669 -0.010868 -0.254974 -0.09563
0.113272 -0.327866 -0.050157 -0.161551 0.019312
0.132899 -0.198485 0.015725 0.077027 0.037593
0.077496 -0.372436 -0.089229 -0.04285 0.203303
0.032593 -0.448579 -0.132493 0.109359 0.338213
0.032593 -0.448579 -0.132493 0.109359 0.338213
0.032593 -0.448579 -0.132493 0.109359 0.338213
0.032593 -0.448579 -0.132493 0.109359 0.338213
0.097404 -0.221285 -0.09968 -0.268153 0.129394
0.175786 -0.13043 -0.033755 -0.406197 -0.118324
0.175786 -0.13043 -0.033755 -0.406197 -0.118324
0.255648 -0.084847 0.062303 -0.102338 -0.044192
0.272699 -0.044013 0.105332 0.052633 -0.036149
0.108345 -0.284041 -0.044493 -0.134187 -0.024181
0.239821 -0.173526 -0.006219 -0.398334 -0.272101
0.239821 -0.173526 -0.006219 -0.398334 -0.272101
0.239821 -0.173526 -0.006219 -0.398334 -0.272101
0.239821 -0.173526 -0.006219 -0.398334 -0.272101
0.239821 -0.173526 -0.006219 -0.398334 -0.272101
0.27932 -0.081395 0.064495 -0.428245 -0.385551
0.27932 -0.081395 0.064495 -0.428245 -0.385551
0.27932 -0.081395 0.064495 -0.428245 -0.385551
0.27932 -0.081395 0.064495 -0.428245 -0.385551
0.338641 -0.018322 0.110081 -0.267125 -0.329118
0.338641 -0.018322 0.110081 -0.267125 -0.329118
0.270992 -0.087515 0.086222 -0.120535 -0.216917
0.270992 -0.087515 0.086222 -0.120535 -0.216917
0.270992 -0.087515 0.086222 -0.120535 -0.216917
0.270992 -0.087515 0.086222 -0.120535 -0.216917
0.276897 -0.150715 0.066192 -0.252778 -0.186649
0.276897 -0.150715 0.066192 -0.252778 -0.186649
0.343229 -0.043926 0.182848 -0.254358 -0.505033
0.265252 0.004442 0.137987 0.205146 0.006986
0.196303 -0.159677 -0.016352 0.040939 0.183042
0.129839 -0.128935 -0.078019 -0.264012 0.148839
0.099514 -0.257897 -0.049029 -0.207102 0.020895
0.187697 -0.152681 0.004779 -0.064073 0.109198
0.213496 -0.08751 0.013214 -0.208993 -0.073606
0.213496 -0.08751 0.013214 -0.208993 -0.073606
0.213496 -0.08751 0.013214 -0.208993 -0.073606
0.173842 -0.086734 0.056455 -0.027199 -0.046716
0.104908 -0.121358 -0.007556 0.191423 0.325664
0.20434 -0.061647 0.06368 0.192041 0.183412
0.301963 0.012084 0.10835 0.006585 -0.038443
0.254978 -0.156308 0.045326 0.166011 0.216036
0.254978 -0.156308 0.045326 0.166011 0.216036
0.198306 -0.264366 -0.026221 -0.047421 0.218966
0.194572 -0.142108 0.005001 -0.081223 0.025104
0.239596 -0.10484 0.035917 -0.0661 0.031605
0.229473 -0.085257 0.040422 -0.127851 -0.10417
0.185686 -0.138653 0.019925 -0.324451 -0.218245
0.185686 -0.138653 0.019925 -0.324451 -0.218245
0.215463 -0.083577 0.085286 -0.091317 -0.228563
0.256973 -0.070776 0.110557 -0.317129 -0.479229
0.250149 -0.181006 0.063293 -0.059092 -0.077062
0.291957 -0.087835 0.078604 -0.39484 -0.435416
0.291957 -0.087835 0.078604 -0.39484 -0.435416
0.291957 -0.087835 0.078604 -0.39484 -0.435416
0.318128 -0.019667 0.070788 -0.256021 -0.235429
0.318128 -0.019667 0.070788 -0.256021 -0.235429
0.184511 -0.236028 -0.02617 0.04114 0.298513
0.184511 -0.236028 -0.02617 0.04114 0.298513
0.269822 -0.131182 0.040681 0.013319 0.14567
0.202527 -0.138964 0.026512 0.110662 0.294955
0.198007 -0.08528 0.062494 0.097611 0.171373
0.198007 -0.08528 0.062494 0.097611 0.171373
0.228183 -0.031867 0.050997 -0.203931 -0.022219
0.256296 -0.111742 0.055471 -0.202516 0.019957
0.166093 -0.312425 -0.044103 -0.041217 0.314197
0.166093 -0.312425 -0.044103 -0.041217 0.314197
0.270582 -0.17403 0.085714 0.155077 0.211099
0.271974 -0.154506 0.087346 0.011632 0.089769
0.194627 -0.234255 -0.027495 -0.313952 0.089294
0.168905 -0.233389 -0.064997 -0.498533 -0.032874
0.168905 -0.233389 -0.064997 -0.498533 -0.032874
0.168905 -0.233389 -0.064997 -0.498533 -0.032874
0.168905 -0.233389 -0.064997 -0.498533 -0.032874
0.168905 -0.233389 -0.064997 -0.498533 -0.032874
0.076759 -0.382573 -0.092951 -0.000477 0.272452
0.143101 -0.209247 -0.015653 0.099668 0.228207
0.153976 -0.242701 -0.013846 0.157067 0.29132
0.06188 -0.388505 -0.08291 -0.05264 0.177609
0.06188 -0.388505 -0.08291 -0.05264 0.177609
0.126889 -0.29095 -0.029441 -0.062422 0.049947
