-874.7364
-720.4833
-720.4693
-719.8772
-721.4404
-720.2404
-720.2404
-720.2404
-720.19
-720.19
-720.3783
-719.9517
-719.9517
-720.5879
-720.5037
-721.3817
-720.4907
-720.4907
-719.9226
-720.734
-721.527
-721.527
-719.8626
-719.709
-719.709
-719.709
-719.709
-721.4431
-724.3279
-720.0051
-720.9385
-721.1508
-720.1778
-720.1778
-720.1778
-720.1778
-720.1778
-719.6114
-719.9003
-719.9003
-719.3505
-719.3505
-719.3505
-720.7073
-720.4436
-720.751
-720.751
-720.751
-720.8639
-720.2263
-721.0379
-719.6032
-720.4097
-720.4097
-724.1351
-724.8462
-720.0831
-720.3429
-720.3429
-720.7802
-721.5895
-721.5895
-721.8305
-721.5328
-720.2726
-720.003
-720.003
-719.9707
-719.9707
-720.2894
-719.8836
-719.2694
-720.0022
-720.0022
-720.8469
-719.7472
-719.7472
-719.7472
-721.3754
-721.218
-720.7205
-719.8385
-719.754
-719.754
-720.6384
-720.6384
-720.6384
-720.6384
-721.2759
-720.155
-720.155
-720.155
-720.2958
-720.0939
-720.0939
-720.9507
-720.9507
-720.9507
-720.9507
-720.9507
-720.5002
-720.3224
-720.3224
-723.9052
-722.2048
-721.632
-720.0372
-720.0372
-719.7689
-719.7689
-719.7689
-719.2072
-719.2072
-719.3568
-720.3265
-720.3265
-720.1689
-719.6135
-719.6604
-719.5823
-719.7943
-719.7943
-719.1097
-719.9866
-720.7787
-719.9524
-719.8926
-719.8925
-719.8925
-719.8925
-719.8925
-719.8925
-720.8237
-720.8237
-720.5684
-720.5684
-720.7895
-720.7429
-721.5424
-719.7413
-719.7413
-719.7413
-719.7413
-719.7413
-719.7413
-719.7049
-719.7049
-719.827
-720.0595
-719.5995
-719.5995
-719.8129
-720.0063
-719.501
-719.9876
-721.1455
-720.445
-720.445
-720.445
-722.7798
-720.003
-720.6675
-720.6675
-720.6675
-719.7719
-720.9717
-720.7978
-720.7978
-720.4623
-720.4623
-720.4623
-720.4623
-720.4623
-720.7435
-719.5686
-719.5686
-719.7226
-720.836
-720.836
-720.836
-720.836
-720.8208
-719.7965
-719.7965
-721.9627
-721.5648
-721.1977
-719.4405
-719.4405
-719.1976
-720.1346
-720.338
-721.4496
-721.0605
-719.7359
-719.2315
-721.0111
-721.0111
-721.0111
-723.7342
-720.7595
-720.5383
-721.6841
-721.6841
-721.4397
-720.7073
-720.4221
-722.0688
-721.7056
-720.52
-722.4491
-721.4664
-722.7944
-720.9756
-720.9426
-719.903
-719.903
-719.7474
-719.7474
-719.7474
-719.7474
-719.7474
-719.7474
-719.7474
-719.322
-720.4039
-720.4039
-720.9258
-720.0139
-722.1815
-721.3284
-721.8658
-722.7986
-724.0306
-725.5495
-725.5495
-724.4502
-724.4502
-721.4638
-720.4681
-720.4681
-720.4681
-720.4681
-719.3527
-719.5984
-719.5984
-719.5984
-720.0171
-722.2423
-720.7264
-720.7264
-720.7264
-719.4997
-720.0757
-720.8687
-720.8687
-720.1115
-720.745
-720.1708
-719.4797
-719.4797
-719.4797
-720.3206
-720.3206
-720.3206
-720.3206
-719.3713
-719.9023
-720.3798
-720.8866
-719.3734
-721.7271
-722.7735
-721.667
-720.4261
-720.4261
-719.0166
-719.0166
-719.0166
-719.0166
-719.0166
-719.0166
-719.0166
-719.5538
-719.5538
-720.4562
-719.8537
-720.4934
-720.4754
-719.8047
-720.3212
-720.0475
-719.8292
-722.1963
-722.1963
-722.1963
-722.2506
-722.1339
-722.1339
-720.4021
-720.4021
-720.1811
-720.1811
-720.1811
-721.8489
-722.706
-722.706
-722.706
-722.706
-722.706
-722.706
-723.0046
-720.5746
-720.5746
-720.5746
-720.5746
-720.5746
-719.9411
-719.8695
-719.8695
-719.8695
-721.2919
-721.0432
-721.0432
-722.2606
-721.2966
-720.0297
-720.0297
-720.0297
-720.6235
-720.6235
-720.4485
-724.3666
-721.8758
-722.2096
-721.0978
-721.4051
-719.6602
-719.6602
-719.6602
-719.6602
-719.6602
-721.824
-721.4121
-720.0617
-720.4715
-721.5072
-721.1982
-721.1982
-723.1805
-723.1805
-723.1805
-721.7549
-719.6616
-719.6616
-720.049
-719.5139
-719.7043
-719.7043
-719.7043
-719.7043
-719.6751
-719.6751
-720.6778
-720.6778
-720.6778
-720.6778
-720.8785
-720.8785
-721.0515
-721.0515
-723.8659
-721.6783
-721.6783
-721.6783
-722.6167
-721.4678
-721.4678
-721.3736
-719.9258
-719.9258
-719.9258
-719.5578
-719.773
-719.773
-721.7427
-721.7427
-721.3007
-720.0545
-720.7945
-720.7945
-723.0844
-722.7195
-720.9285
-721.512
-722.7005
-722.7005
-720.1759
-720.1759
-720.1759
-721.1139
-721.1139
-720.2335
-721.4656
-721.4656
-721.8565
-720.6129
-721.0966
-721.4652
-720.0873
-719.6627
-719.3552
-721.2309
-720.5365
-720.9679
-720.718
-719.7713
-719.7713
-719.6433
-719.6433
-720.6522
-720.6522
-719.5242
-720.2915
-720.0741
-720.3672
-720.3672
-719.7957
-719.7957
-719.781
-719.781
-719.6219
-719.6219
-719.6219
-719.6219
-720.038
-720.038
-720.038
-719.9908
-721.062
-719.7924
-719.7924
-719.9302
-721.5621
-721.5621
-721.5621
-721.5621
-721.5621
-721.6091
-721.1268
-721.1268
-721.4657
-719.5581
-719.2338
-719.2338
-719.2338
-719.2338
-720.5877
-720.6632
-720.6632
-720.334
-720.334
-720.8714
-719.7966
-719.7699
-719.7699
-719.7699
-719.7699
-719.7699
-719.977
-721.1009
-721.5273
-721.093
-723.0259
-726.2424
-726.2424
-723.2142
-721.2157
-720.3191
-720.1422
-720.1422
-719.4421
-719.4421
-719.5065
-719.7135
-719.7135
-719.7689
-721.0778
-721.4069
-720.7322
-720.9275
-721.0078
-721.0078
-721.0078
-721.4113
-720.6387
-721.7627
-721.7627
-721.7627
-720.6004
-720.6004
-720.7916
-720.0581
-719.5702
-720.3321
-721.3486
-721.7393
-721.7393
-721.7393
-720.0414
-720.0414
-720.0414
-719.8198
-719.8198
-719.7244
-719.7244
-719.7317
-719.7317
-720.403
-720.403
-720.403
-720.403
-720.403
-720.403
-720.403
-720.1048
-719.9123
-719.9123
-719.0532
-719.0532
-719.8237
-720.0613
-720.9755
-720.9755
-720.4841
-721.3626
-724.5571
-724.5571
-723.0571
-722.4608
-722.4608
-721.0689
-721.6242
-721.6242
-721.6825
-720.0253
-720.0253
-720.0253
-719.2813
-719.7711
-719.5794
-720.1858
-720.1858
-720.1858
-720.1966
-720.0708
-719.6429
-719.709
-719.6884
-719.4658
-719.988
-721.1066
-721.1066
-719.8724
-720.1799
-719.8378
-719.3349
-719.3349
-719.3349
-719.3349
-719.5384
-719.5384
-720.3121
-720.1376
-721.0001
-721.9151
-721.9151
-720.482
-720.6294
-720.6294
-720.6294
-720.4252
-720.9134
-720.4461
-720.4461
-720.4461
-722.0934
-721.8411
-721.8411
-719.6839
-719.6839
-720.9226
-720.4933
-720.4933
-720.4933
-720.4933
-720.3037
-720.4427
-720.4427
-720.8341
-720.5402
-720.4837
-719.8737
-719.8888
-721.8674
-721.8674
-721.1038
-720.0664
-720.0664
-721.2507
-721.6991
-720.9103
-719.9889
-719.3456
-719.8183
-719.8183
-719.8183
-720.2509
-720.2509
-720.2509
-720.2509
-720.2509
-720.6072
-720.4667
-720.5469
-719.8537
-719.6467
-719.6467
-719.2743
-720.6465
-720.4307
-720.8972
-720.5568
-719.5608
-720.5631
-720.5631
-720.5631
-720.5631
-720.5631
-720.5631
-720.5631
-720.1591
-720.1591
-720.1591
-720.1591
-720.1591
-720.1591
-720.1591
-720.1591
-720.1591
-720.1591
-719.7405
-719.7405
-720.3466
-719.859
-719.859
-719.859
-720.3201
-720.3201
-720.7715
-720.7715
-720.7715
-720.7534
-720.0658
-719.2976
-719.2976
-719.2976
-720.3651
-723.6968
-725.2223
-725.2223
-723.3618
-723.3618
-723.3618
-723.3618
-723.3618
-723.3618
-720.8018
-719.1874
-719.312
-719.7038
-720.1539
-720.1539
-719.6076
-719.6076
-719.4385
-719.4385
-719.4385
-719.4385
-720.0969
-720.282
-720.282
-720.282
-720.282
-720.282
-722.4347
-722.4347
-720.2
-720.2
-719.8137
-719.8137
-722.2324
-721.9446
-723.1963
-723.1963
-724.7171
-721.2778
-719.944
-719.944
-719.944
-719.944
-719.944
-719.944
-719.7757
-719.8676
-719.9574
-719.9574
-719.6138
-719.6138
-719.6138
-720.3566
-721.4195
-721.9402
-720.0928
-721.1469
-721.1469
-720.0599
-720.0599
-721.3478
-720.3902
-722.46
-721.7916
-721.7916
-721.7916
-721.7916
-722.5364
-722.5364
-721.2682
-720.2063
-719.5588
-720.7011
-719.9251
-719.9251
-719.9251
-719.9251
-719.9251
-719.9251
-719.391
-719.391
-719.5244
-719.5636
-719.978
-720.4456
-719.5784
-719.7767
-719.79
-719.79
-719.79
-719.79
-720.8474
-720.3687
-719.7774
-719.7774
-719.8421
-719.8421
-721.5361
-720.3784
-723.2721
-719.338
-720.2328
-720.2328
-720.1048
-719.2922
-719.2922
-719.8218
-719.8218
-719.6468
-719.72
-719.72
-719.72
-721.5054
-719.6947
-719.4195
-720.0313
-719.5133
-719.5133
-719.6438
-719.4114
-720.5894
-719.4659
-719.4659
-719.1296
-719.502
-719.502
-720.5919
-720.5919
-720.311
-720.311
-719.5815
-719.5815
-719.5815
-720.1647
-720.2801
-720.4768
-719.3114
-719.3114
-719.3114
-719.3114
-719.3883
-720.4033
-720.7989
-724.2217
-722.5714
-723.2202
-722.3333
-722.3333
-722.3333
-722.3333
-722.3333
-722.3333
-722.3836
-722.8643
-723.0568
-721.5454
-721.6249
-720.1316
-721.9857
-721.4295
-721.0148
-721.0148
-721.53
-720.9627
-720.9627
-721.0677
-720.8691
-721.0171
-721.0171
-721.1878
-720.3979
-720.1836
-719.4158
-719.3562
-719.277
-719.277
-720.4776
-720.8452
-720.8452
-720.8452
-720.8452
-721.9258
-721.9258
-721.9258
-720.7649
-720.3006
-721.0638
-720.4928
-720.4928
-721.4591
-721.3056
-721.3445
-721.311
-719.3371
-719.3798
-719.3798
-720.1898
-720.8507
-720.8234
-721.3615
-721.3615
-720.4227
-720.8424
-719.6256
-721.181
-721.181
-721.181
-720.2231
-719.2129
-719.6399
-721.5045
-720.0024
-720.0945
-720.0945
-719.6902
-720.7397
-720.2832
-720.1991
-720.663
-720.1827
-720.1827
-720.3149
-720.3925
-720.6186
-719.6485
-719.9679
-721.5669
-720.3377
-720.188
-719.8864
-719.8864
-719.8864
-719.8864
-719.8864
-720.734
-720.4239
-720.4239
-720.4239
-719.7598
-719.7598
-719.7598
-719.7598
-719.3333
-719.3333
-720.3165
-720.3165
-719.3117
-719.3117
-722.2515
-721.677
-720.4004
-720.4004
-722.5502
-721.1025
-721.2291
-721.2291
-721.2291
-720.6222
-722.3979
-722.1447
-722.1447
-720.071
-720.9583
-720.0204
-719.4966
-719.4966
-720.0781
-721.2506
-719.8492
-720.6967
-720.7823
-720.7823
-720.7823
-720.7823
-720.7823
-721.1798
-721.1798
-720.9282
-720.5945
-720.2863
-720.1964
-720.1964
-720.6891
-720.1283
-719.8643
-719.8643
-720.0929
-720.0929
-720.0929
-720.143
-720.143
-720.3259
-721.0247
-719.8476
-721.0952
-721.4105
-721.3359
-720.1232
-720.1232
-719.8956
-719.8956
-719.8956
-719.297
-719.297
-719.297
-719.297
-720.0901
-720.7502
-721.7342
-721.0797
-719.4988
-719.9147
-720.5212
-721.1889
-721.1889
-719.9803
-719.9803
-721.2122
-721.2122
-719.8938
-720.9927
-721.615
-721.615
-721.615
-721.723
-721.6453
-721.8148
-722.2344
-722.5456
-721.9003
-721.9003
-722.4142
-724.645
-724.645
-724.8979
-725.9657
-725.9657
-721.6309
-721.6309
-721.3383
-721.3383
-721.3383
-721.1563
-721.7186
-721.7186
-721.7186
-721.7186
-721.7186
-720.7855
-720.7855
-720.7855
-722.2955
-721.4099
-721.2094
-720.5577
-720.7299
-720.302
-720.302
-720.302
-719.5719
-720.449
-720.6682
-720.7781
-720.7781
-719.6
-719.6951
-719.6386
-719.6386
-720.3455
-720.256
-720.7766
-720.7766
-719.5685
-719.8033
-720.5451
-720.0869
-720.0869
-720.5317
-723.3434
-721.7545
-720.2456
-721.5996
-721.5996
-722.2756
-722.2756
-720.1969
-720.2375
-720.4298
-720.1859
-720.1859
-720.4104
-719.4821
-719.4821
-719.4821
-719.4821
-719.4821
-719.8081
-720.0055
-719.4715
-720.0131
-720.496
-721.9118
-720.8633
-720.9535
-720.031
-720.031
-720.495
-720.495
-720.493
-720.8597
-719.6643
-720.1559
-719.7834
-719.7834
-719.9147
-719.9147
-719.6321
-719.6321
-719.6321
-719.6321
-719.6321
-720.9043
-720.2727
-719.283
-719.0718
-719.2117
-719.2117
-719.5879
-719.6424
-720.384
-720.384
-719.7477
-720.1274
-719.8807
-721.367
-720.6512
-721.1857
-721.4686
-720.4379
-719.5065
-720.2051
-720.2051
-720.2051
-720.7766
-720.4322
-720.4322
-720.4322
-720.5383
-720.5383
-720.8359
-720.3115
-721.438
-721.438
-722.0662
-722.0662
-721.8011
-720.7868
-720.4046
-720.4046
-719.3254
-719.6002
-719.5716
-719.5528
-721.0891
-720.3393
-721.3138
-719.1502
-720.0343
-719.2222
-720.9698
-720.9698
-720.9698
-720.9698
-719.0836
-722.0399
-721.143
-721.143
-721.955
-722.9009
-722.7794
-720.391
-720.391
-720.015
-722.0672
-723.1052
-723.1052
-721.1817
-721.1817
-721.1817
-720.8515
-720.8515
-720.8515
-720.3314
-720.4724
-720.4724
-720.4221
-719.5733
-719.5733
-719.9401
-719.971
-719.971
-720.113
-720.113
-720.113
-720.113
-720.113
-720.113
-720.11
-719.7901
-719.5828
-719.5828
-720.3341
-719.6904
-719.6904
-719.6904
-720.7786
-720.7786
-720.7786
-719.4344
-719.4344
-719.4344
-719.4344
-719.4344
-719.4344
-719.4344
-719.4344
-719.4344
-719.4344
-719.4344
-719.4344
-719.4344
-719.4344
-719.9543
-720.2759
-719.6274
-721.2248
-721.2917
-721.183
-720.6282
-719.9798
-719.8257
-721.4659
-720.2004
-722.1124
-721.3914
-719.7927
-719.7927
-720.2845
-720.2845
-719.9474
-720.7647
-720.7647
-720.7647
-719.6434
-720.5044
-721.8773
-721.2159
-720.2158
-720.2158
-721.2975
-720.586
-719.9566
-721.2281
-721.2281
-721.2281
-721.2281
-721.2281
-721.2281
-723.1219
-722.3783
-722.4712
-720.6652
-720.8319
-720.8319
-720.8319
-720.8319
-720.2982
-720.2982
-720.2982
-720.2982
-720.55
-720.2001
-721.0689
-721.0689
