-1500.022
-1410.476
-1410.476
-1410.476
-1410.476
-1410.476
-1410.476
-1412.259
-1412.259
-1412.259
-1411.769
-1411.769
-1411.769
-1411.769
-1411.769
-1411.769
-1411.769
-1411.769
-1412.71
-1412.71
-1411.642
-1411.642
-1411.642
-1411.642
-1411.642
-1411.642
-1411.642
-1412.314
-1412.314
-1412.314
-1412.314
-1412.314
-1412.314
-1412.314
-1412.314
-1412.314
-1411.292
-1411.292
-1411.292
-1411.292
-1410.483
-1410.483
-1410.483
-1410.483
-1410.483
-1410.791
-1410.791
-1410.791
-1410.791
-1410.791
-1410.791
-1410.791
-1410.791
-1410.354
-1410.354
-1410.354
-1410.354
-1410.354
-1410.354
-1410.354
-1410.354
-1410.354
-1410.354
-1410.354
-1410.354
-1410.354
-1410.761
-1410.761
-1410.761
-1410.761
-1410.394
-1410.394
-1410.394
-1410.394
-1410.394
-1410.921
-1410.921
-1410.921
-1410.921
-1410.921
-1410.921
-1410.921
-1410.921
-1410.921
-1410.921
-1410.921
-1410.921
-1410.921
-1410.921
-1412.227
-1412.227
-1412.227
-1412.316
-1412.316
-1412.316
-1412.316
-1412.316
-1412.316
-1412.316
-1412.316
-1412.316
-1412.316
-1412.316
-1412.316
-1413.051
-1413.051
-1413.051
-1413.051
-1413.051
-1413.051
-1413.051
-1413.051
-1413.051
-1413.051
-1413.051
-1411.426
-1411.426
-1411.426
-1411.426
-1411.426
-1411.426
-1411.426
-1410.374
-1410.374
-1410.374
-1410.374
-1410.374
-1410.374
-1410.374
-1410.374
-1410.374
-1410.374
-1410.374
-1410.493
-1410.493
-1410.493
-1410.493
-1410.493
-1410.362
-1411.735
-1411.735
-1411.826
-1411.826
-1411.826
-1411.826
-1411.826
-1411.826
-1411.826
-1410.998
-1410.998
-1412.157
-1412.157
-1412.157
-1413.258
-1413.258
-1413.258
-1413.258
-1413.258
-1412.054
-1412.054
-1412.054
-1411.832
-1411.832
-1411.832
-1411.832
-1411.832
-1411.832
-1411.832
-1411.832
-1411.832
-1411.832
-1411.832
-1411.832
-1411.832
-1411.832
-1411.832
-1411.832
-1411.832
-1411.725
-1411.725
-1411.725
-1411.725
-1411.725
-1411.725
-1411.725
-1411.725
-1411.725
-1411.725
-1411.725
-1410.65
-1410.18
-1410.18
-1410.18
-1410.18
-1410.18
-1410.18
-1410.18
-1410.18
-1410.18
-1410.18
-1410.18
-1410.18
-1410.18
-1410.18
-1410.18
-1410.18
-1410.18
-1410.18
-1410.18
-1410.18
-1410.18
-1410.18
-1410.18
-1410.18
-1410.18
-1410.18
-1410.18
-1410.18
-1410.18
-1410.18
-1410.18
-1410.18
-1410.703
-1410.703
-1410.703
-1410.703
-1410.703
-1411.413
-1411.413
-1411.413
-1411.609
-1411.609
-1411.609
-1411.609
-1411.609
-1411.609
-1411.609
-1410.754
-1410.754
-1410.754
-1410.754
-1410.754
-1410.754
-1410.754
-1410.754
-1410.754
-1410.754
-1410.754
-1410.754
-1410.754
-1410.754
-1410.754
-1410.754
-1410.754
-1410.754
-1410.754
-1410.754
-1410.754
-1410.754
-1410.754
-1410.754
-1410.754
-1410.754
-1410.129
-1410.129
-1410.129
-1410.129
-1410.129
-1410.129
-1410.129
-1410.129
-1410.129
-1411.307
-1411.307
-1411.307
-1411.307
-1411.307
-1411.307
-1411.307
-1411.307
-1411.307
-1411.307
-1411.307
-1411.307
-1411.307
-1411.307
-1411.242
-1411.242
-1411.242
-1411.242
-1411.242
-1411.242
-1410.972
-1410.972
-1410.972
-1410.972
-1410.972
-1410.972
-1410.972
-1410.972
-1410.972
-1410.972
-1410.972
-1410.972
-1410.972
-1410.972
-1410.972
-1410.972
-1410.972
-1410.972
-1410.972
-1410.972
-1410.972
-1410.779
-1410.779
-1410.779
-1410.961
-1410.961
-1410.961
-1410.961
-1410.961
-1410.961
-1410.961
-1410.836
-1410.836
-1410.836
-1410.836
-1410.836
-1410.836
-1410.836
-1410.836
-1410.836
-1410.836
-1410.836
-1411.607
-1411.607
-1411.607
-1411.607
-1411.607
-1411.607
-1411.607
-1411.607
-1411.607
-1411.607
-1411.607
-1411.607
-1411.607
-1411.607
-1411.196
-1413.113
-1413.113
-1413.113
-1413.113
-1413.113
-1413.113
-1413.113
-1413.113
-1413.113
-1413.113
-1413.113
-1412.402
-1412.402
-1412.402
-1412.018
-1412.018
-1412.018
-1413.295
-1411.783
-1411.783
-1411.783
-1411.783
-1411.783
-1411.783
-1411.783
-1410.915
-1410.915
-1410.915
-1410.915
-1410.915
-1410.915
-1410.915
-1411.28
-1411.28
-1411.28
-1411.28
-1411.403
-1411.403
-1411.403
-1411.403
-1411.403
-1411.366
-1411.06
-1410.788
-1410.788
-1410.788
-1410.788
-1410.788
-1410.788
-1410.788
-1410.788
-1410.788
-1410.788
-1410.788
-1410.788
-1410.788
-1410.711
-1410.711
-1410.711
-1410.711
-1410.711
-1410.711
-1411.756
-1411.756
-1411.756
-1411.756
-1411.756
-1411.756
-1411.756
-1410.714
-1410.714
-1410.714
-1410.714
-1410.714
-1410.714
-1410.714
-1410.714
-1410.714
-1410.714
-1410.714
-1410.621
-1410.621
-1410.621
-1410.931
-1410.732
-1410.732
-1410.732
-1410.732
-1410.732
-1411.114
-1411.114
-1410.69
-1410.69
-1410.69
-1410.69
-1410.549
-1410.549
-1410.549
-1410.549
-1410.549
-1412.149
-1412.149
-1411.619
-1411.619
-1411.619
-1411.453
-1411.453
-1411.453
-1411.453
-1411.453
-1411.453
-1411.453
-1411.453
-1411.039
-1411.039
-1411.039
-1411.5
-1411.5
-1411.5
-1410.512
-1410.512
-1410.512
-1410.512
-1410.512
-1410.512
-1410.512
-1410.512
-1410.512
-1410.512
-1410.512
-1410.512
-1410.512
-1410.512
-1410.512
-1411.287
-1411.287
-1411.287
-1411.287
-1411.287
-1411.287
-1411.287
-1411.287
-1411.287
-1411.287
-1411.287
-1411.287
-1411.287
-1411.287
-1411.287
-1411.287
-1411.287
-1411.287
-1411.287
-1410.846
-1410.846
-1410.496
-1410.496
-1410.496
-1410.496
-1410.496
-1410.496
-1410.496
-1410.496
-1410.496
-1410.496
-1410.496
-1411.895
-1411.895
-1412.613
-1412.613
-1412.613
-1412.613
-1412.151
-1412.151
-1412.151
-1412.151
-1412.151
-1412.151
-1410.821
-1410.821
-1410.821
-1411.294
-1411.294
-1411.294
-1411.266
-1411.266
-1411.266
-1411.266
-1411.266
-1411.266
-1411.266
-1411.266
-1411.266
-1411.266
-1411.189
-1410.874
-1411.402
-1411.402
-1411.402
-1411.402
-1411.539
-1411.539
-1411.539
-1411.539
-1411.539
-1411.539
-1411.539
-1411.539
-1411.539
-1411.539
-1411.539
-1411.539
-1411.539
-1411.539
-1411.539
-1411.539
-1411.539
-1411.539
-1412.136
-1412.136
-1411.347
-1411.347
-1411.347
-1411.347
-1411.347
-1411.347
-1411.347
-1411.347
-1411.347
-1411.347
-1411.347
-1411.347
-1411.347
-1411.21
-1411.21
-1411.21
-1411.21
-1411.21
-1411.21
-1410.817
-1410.817
-1410.817
-1410.817
-1410.817
-1410.817
-1410.817
-1410.667
-1410.667
-1410.667
-1410.667
-1410.667
-1410.667
-1410.667
-1410.667
-1410.667
-1410.667
-1410.667
-1410.667
-1410.667
-1410.667
-1410.667
-1410.667
-1410.667
-1410.667
-1410.667
-1410.667
-1410.667
-1410.667
-1410.667
-1410.667
-1410.667
-1410.667
-1410.667
-1410.667
-1410.667
-1410.667
-1410.667
-1410.667
-1410.667
-1410.667
-1410.667
-1410.667
-1410.667
-1410.667
-1410.667
-1410.667
-1410.667
-1410.667
-1410.667
-1410.667
-1411.746
-1411.746
-1411.746
-1411.746
-1411.746
-1411.746
-1411.746
-1411.777
-1411.777
-1411.777
-1411.211
-1411.211
-1411.211
-1411.211
-1410.933
-1410.933
-1410.933
-1410.933
-1410.89
-1410.89
-1410.91
-1411.287
-1411.287
-1411.573
-1411.573
-1411.573
-1411.573
-1411.573
-1411.573
-1411.573
-1410.96
-1410.96
-1410.96
-1410.96
-1410.96
-1410.96
-1410.96
-1410.96
-1410.96
-1410.96
-1410.96
-1410.96
-1410.96
-1411.295
-1411.295
-1412.888
-1412.888
-1412.888
-1412.888
-1412.888
-1412.888
-1412.888
-1412.888
-1412.888
-1412.888
-1412.888
-1412.888
-1412.888
-1412.888
-1412.888
-1412.888
-1411.544
-1411.544
-1411.544
-1411.544
-1411.162
-1411.162
-1411.59
-1411.59
-1411.59
-1411.501
-1411.501
-1411.501
-1411.501
-1411.501
-1411.501
-1411.501
-1411.501
-1411.501
-1411.501
-1411.501
-1411.501
-1410.765
-1410.765
-1410.765
-1410.765
-1410.765
-1410.765
-1410.765
-1410.765
-1410.765
-1410.765
-1410.765
-1410.765
-1410.765
-1410.765
-1410.765
-1410.765
-1410.765
-1410.765
-1410.765
-1410.368
-1411.004
-1411.004
-1411.036
-1411.036
-1411.036
-1411.036
-1411.036
-1411.036
-1411.036
-1410.535
-1410.417
-1410.417
-1411.334
-1411.334
-1410.769
-1411.768
-1411.768
-1411.768
-1411.768
-1411.768
-1411.768
-1411.768
-1411.768
-1413.009
-1411.117
-1411.117
-1411.117
-1411.117
-1411.117
-1411.117
-1411.117
-1411.117
-1411.117
-1411.117
-1411.117
-1411.117
-1411.117
-1411.117
-1411.117
-1411.117
-1411.117
-1411.117
-1411.23
-1411.23
-1411.23
-1411.23
-1411.23
-1411.23
-1411.23
-1411.23
-1411.23
-1411.23
-1411.23
-1411.23
-1411.23
-1411.23
-1411.23
-1411.23
-1411.23
-1411.23
-1411.23
-1411.23
-1411.23
-1411.23
-1411.23
-1411.23
-1411.23
-1411.23
-1411.23
-1411.23
-1411.23
-1411.23
-1410.87
-1410.87
-1410.87
-1410.87
-1411.017
-1411.017
-1411.017
-1411.017
-1411.017
-1411.017
-1411.017
-1411.204
-1411.204
-1411.204
-1411.204
-1411.204
-1411.204
-1411.204
-1411.204
-1411.204
-1411.204
-1410.597
-1410.597
-1410.597
-1410.597
-1410.597
-1410.597
-1410.597
-1410.597
-1410.597
-1410.597
-1410.597
-1410.597
-1410.597
-1410.597
-1410.597
-1410.597
-1410.993
-1410.993
-1410.993
-1410.993
-1412.246
-1412.246
-1411.723
-1410.494
-1410.494
-1410.494
-1410.494
-1410.494
-1410.494
-1410.494
-1410.428
-1410.428
-1410.428
-1410.982
-1410.982
-1410.902
-1410.902
-1410.902
-1410.902
-1410.902
-1410.902
-1410.902
-1410.966
-1410.966
-1410.966
-1410.966
-1410.966
-1410.966
-1410.966
-1410.966
-1410.966
-1410.966
-1410.966
-1410.551
-1410.551
-1410.551
-1410.551
-1410.551
-1410.551
-1410.551
-1410.551
-1410.551
-1410.551
-1410.551
-1410.551
-1410.551
-1410.551
-1410.551
-1410.551
-1410.551
-1410.551
-1410.551
-1410.551
-1410.551
-1410.551
-1410.551
-1410.551
-1410.551
-1410.551
-1410.551
-1410.551
-1410.551
-1410.551
-1410.551
-1410.551
-1410.551
-1410.551
-1410.551
-1410.551
-1410.754
-1410.754
-1410.754
-1411.764
-1411.764
-1411.764
-1411.764
-1411.764
-1411.639
-1411.639
-1411.639
-1411.639
-1411.639
-1411.639
-1411.639
-1411.639
-1411.639
-1411.639
-1411.639
-1411.638
-1411.638
-1411.638
-1411.638
-1411.638
-1411.366
-1411.366
-1411.366
-1411.366
-1411.366
-1411.92
-1411.92
-1411.92
-1411.92
-1411.92
-1411.92
-1411.852
-1411.852
-1411.852
-1411.852
-1411.852
-1411.852
-1411.852
-1411.378
-1411.378
-1411.378
-1410.659
-1410.659
-1410.659
-1410.659
-1410.659
-1410.659
-1411.905
-1411.215
-1411.215
-1411.215
-1411.215
-1411.215
-1411.215
-1411.361
-1411.361
-1411.361
-1411.361
-1411.361
-1411.361
-1411.361
-1411.361
-1411.361
-1411.361
-1411.361
-1411.361
-1411.361
-1411.361
-1410.891
-1410.891
-1410.891
-1410.891
-1410.956
-1410.956
-1410.956
-1410.956
-1410.956
-1410.956
-1410.956
-1410.956
-1410.956
-1410.956
-1412.673
-1411.809
-1411.809
-1411.136
-1411.136
-1411.136
-1411.136
-1411.136
-1411.136
-1411.136
-1411.136
-1411.821
-1411.821
-1411.821
-1411.821
-1411.821
-1411.821
-1412.602
-1412.602
-1412.051
-1412.051
-1412.051
-1411.129
-1411.129
-1411.129
-1411.129
-1411.064
-1411.064
-1411.079
-1411.079
-1411.079
-1411.079
-1410.961
-1410.961
-1410.961
-1410.961
-1410.961
-1410.961
-1410.961
-1410.961
-1410.473
-1410.473
-1410.473
-1410.473
-1410.473
-1411.041
-1411.041
-1411.877
-1413.417
-1413.417
-1411.525
-1411.525
-1411.525
-1411.525
-1411.525
-1411.525
-1411.525
-1411.525
-1411.525
-1411.525
-1411.525
-1411.525
-1411.525
-1411.525
-1411.525
-1411.525
-1411.525
-1411.525
-1411.269
-1411.269
-1411.269
-1411.269
-1411.269
-1411.269
-1411.269
-1412.017
-1411.143
-1411.143
-1411.143
-1411.143
-1411.703
-1411.703
-1410.945
-1412.701
-1413.952
-1413.952
-1412.235
-1412.235
-1412.235
-1410.612
-1410.612
-1410.612
-1410.612
-1410.612
-1410.612
-1410.612
-1410.612
-1410.612
-1410.612
-1410.612
-1410.612
-1410.612
-1410.522
-1410.522
-1410.522
-1410.522
-1410.522
-1410.522
-1410.522
-1410.522
-1410.522
-1410.522
-1410.522
-1410.522
-1410.755
-1410.755
-1410.916
-1410.916
-1410.916
-1410.916
-1410.916
-1410.916
-1410.916
-1410.916
-1410.916
-1411.83
-1411.83
-1411.12
-1411.12
-1411.12
-1411.12
-1411.12
-1411.12
-1411.12
-1411.12
-1411.12
-1411.12
-1411.641
-1411.641
-1411.641
-1411.641
-1411.641
-1411.641
-1411.641
-1411.641
-1411.641
-1411.641
-1411.641
-1411.641
-1411.509
-1411.509
-1411.138
-1411.138
-1411.138
-1411.138
-1411.138
-1411.138
-1411.138
-1410.92
-1410.92
-1410.92
-1410.92
-1411.058
-1411.058
-1413.189
-1413.189
-1413.024
-1413.024
-1413.024
-1413.024
-1413.024
-1413.753
-1411.825
-1411.825
-1411.825
-1411.574
-1411.574
-1411.574
-1411.574
-1411.574
-1411.574
-1411.574
-1411.574
-1411.574
-1412.542
-1412.542
-1412.542
-1412.542
-1412.542
-1412.542
-1412.542
-1412.542
-1412.542
-1412.542
-1412.542
-1412.542
-1410.998
-1410.998
-1410.998
-1410.998
-1410.998
-1410.998
-1410.998
-1410.998
-1410.998
-1410.998
-1410.998
-1410.998
-1411.515
-1411.515
-1411.515
-1411.515
-1411.515
-1411.515
-1411.515
-1411.515
-1411.515
-1411.515
-1411.515
-1411.515
-1411.515
-1411.515
-1411.515
-1411.515
-1411.515
-1411.515
-1411.515
-1411.515
-1411.515
-1410.51
-1410.51
-1410.51
-1410.51
-1410.51
-1410.51
-1410.51
-1410.51
-1410.51
-1410.99
-1410.99
-1410.99
-1410.99
-1410.99
-1410.99
-1410.99
-1410.99
-1410.99
-1410.99
-1410.99
-1410.99
-1410.99
-1410.99
-1410.99
-1410.99
-1410.99
-1410.99
-1410.99
-1410.99
-1410.99
-1411.357
-1411.357
-1411.357
-1411.357
-1411.357
-1411.653
-1411.653
-1411.653
-1411.653
-1411.653
-1411.653
-1411.653
-1411.653
-1411.653
-1411.653
-1411.653
-1411.653
-1411.653
-1411.653
-1411.653
-1411.653
-1411.653
-1411.653
-1411.653
-1411.653
-1411.653
-1411.653
-1411.653
-1411.653
-1411.653
-1411.653
-1411.653
-1411.653
-1411.653
-1411.653
-1411.653
-1411.653
-1411.653
-1411.653
-1411.653
-1411.653
-1411.653
-1411.653
-1411.653
-1411.653
-1411.653
-1411.653
-1411.653
-1411.653
-1411.653
-1411.653
-1411.653
-1411.653
-1411.653
-1411.653
-1411.653
-1411.653
-1411.653
-1411.653
-1411.653
-1411.653
-1411.653
-1411.653
-1411.781
-1411.781
-1411.781
-1411.781
-1412.339
-1412.339
-1412.339
-1411.568
-1412.119
-1413.033
-1413.033
-1413.735
-1413.735
-1413.735
-1413.735
-1413.735
-1413.735
-1411.456
-1411.456
-1411.456
-1411.456
-1411.456
-1411.456
-1411.456
-1411.456
-1411.456
-1411.456
-1411.456
-1411.456
-1411.456
-1412.375
-1412.375
-1412.375
-1412.375
-1412.375
-1412.375
-1412.375
-1412.375
-1412.375
-1415.925
-1410.776
-1410.776
-1411.455
-1411.455
-1412.886
-1412.886
-1411.066
-1411.066
-1411.419
-1411.419
-1411.419
-1411.419
-1411.419
-1411.419
-1411.419
-1411.419
-1411.419
-1411.419
-1411.419
-1411.419
-1411.419
-1411.419
-1411.724
-1411.632
-1411.632
-1411.632
-1411.632
-1411.632
-1411.632
-1411.632
-1411.632
-1411.056
-1411.056
-1411.376
-1411.376
-1411.376
-1411.017
-1411.017
-1411.017
-1411.017
-1411.017
-1411.017
-1411.017
-1411.017
-1411.017
-1411.017
-1411.017
-1411.017
-1411.017
-1411.017
-1411.017
-1411.017
-1411.017
-1411.017
-1411.017
-1410.682
-1410.682
-1411.306
-1410.834
-1410.834
-1410.834
-1410.834
-1410.834
-1410.834
-1410.834
-1410.834
-1410.834
-1410.834
-1410.834
-1410.834
-1410.834
-1410.834
-1410.834
-1410.834
-1410.834
-1410.834
-1410.834
-1410.834
-1410.834
-1410.834
-1412.998
-1412.998
-1411.921
-1411.921
-1411.921
-1411.921
-1411.921
-1411.921
-1411.921
-1411.921
-1411.921
-1414
-1411.768
-1411.768
-1411.768
-1411.768
-1411.768
-1410.889
-1410.889
-1410.889
-1410.889
-1410.889
-1410.889
-1410.889
-1411.49
-1411.49
-1411.939
-1411.939
-1411.939
-1411.3
-1411.618
-1411.618
-1411.618
-1411.618
-1411.618
-1411.618
-1411.618
-1411.618
-1411.618
-1411.618
-1411.618
-1411.618
-1411.618
-1411.445
-1411.445
-1411.445
-1411.445
-1411.445
-1411.445
-1411.445
-1411.445
-1411.445
-1411.445
-1411.445
-1411.104
-1411.639
-1411.639
-1411.639
-1411.639
-1411.639
-1411.639
-1411.639
-1411.639
-1411.639
-1411.639
-1411.639
-1411.639
-1411.639
-1411.639
-1411.639
-1411.639
-1411.639
-1411.639
-1411.639
-1411.639
-1411.72
-1411.72
-1411.287
-1411.287
-1411.287
-1411.287
-1411.287
-1411.287
-1411.287
-1411.287
-1411.287
-1411.287
-1411.287
-1411.287
-1411.287
-1411.287
-1411.287
-1411.287
-1411.287
-1411.287
-1411.287
-1411.272
-1411.272
-1411.823
-1411.33
-1411.33
-1411.33
-1411.33
-1411.33
-1411.33
-1411.33
-1411.33
-1411.33
-1411.33
-1411.33
-1411.33
-1412.042
-1412.042
-1412.042
-1411.476
-1411.476
-1411.476
-1411.761
-1411.761
-1411.761
-1411.761
-1411.605
-1411.605
-1411.605
-1411.605
-1411.605
-1411.605
-1411.605
-1411.605
-1411.605
-1411.605
-1412.5
-1412.5
-1412.5
-1410.593
-1412.379
-1412.379
-1412.379
-1413.704
-1413.704
-1413.704
-1413.704
-1413.704
-1413.704
-1413.704
-1413.704
-1413.704
-1413.704
-1413.704
-1414.333
-1414.333
-1413.604
-1413.604
-1413.604
-1412.361
-1412.361
-1412.361
-1411.478
-1411.478
-1411.478
-1411.478
-1411.478
-1411.478
-1411.478
-1411.478
-1411.478
-1411.478
-1411.478
-1411.478
-1411.478
-1411.478
-1411.478
-1411.621
-1411.604
-1411.604
-1411.604
-1410.914
-1410.914
-1411.492
-1410.761
-1410.761
-1410.761
-1410.761
-1410.926
-1410.926
-1410.926
-1410.926
-1410.926
-1410.926
-1410.926
-1410.926
-1410.926
-1410.926
-1410.926
-1410.926
-1410.926
-1410.926
-1410.926
-1410.926
-1412.265
-1412.265
-1411.558
-1411.558
-1411.676
-1411.676
-1411.676
-1411.676
-1411.676
-1411.676
-1411.676
-1411.676
-1411.676
-1411.676
-1411.676
-1411.676
-1411.676
-1411.676
-1412.047
-1412.047
-1412.047
-1412.047
-1412.047
-1412.047
-1412.047
-1412.047
-1412.047
-1412.047
-1412.047
-1412.047
-1412.047
-1411.608
-1411.398
-1411.398
-1411.398
-1410.943
-1410.943
-1410.943
-1410.943
-1410.943
-1410.943
-1412.891
-1412.891
-1412.891
-1412.891
-1412.891
-1410.735
-1410.735
-1410.735
-1410.735
-1410.735
-1410.735
-1410.735
-1410.735
-1410.735
-1410.735
-1410.735
-1410.735
-1410.735
-1410.735
-1410.735
-1410.735
-1410.735
-1410.735
-1410.735
-1410.804
-1411.39
-1411.39
-1411.39
-1411.39
-1410.883
-1410.909
-1410.909
-1410.909
-1410.909
-1410.75
-1410.605
-1411.302
-1411.302
-1411.302
-1411.302
-1411.302
-1411.302
-1411.75
-1411.343
-1411.264
-1411.264
-1411.264
-1411.264
-1411.02
-1411.02
-1411.02
-1411.02
-1411.02
-1411.02
-1411.02
-1411.02
-1410.731
-1410.731
-1410.731
-1410.731
-1410.413
-1410.413
-1410.413
-1410.942
-1410.942
-1410.942
-1410.942
-1410.942
-1410.942
-1410.942
-1410.942
-1410.942
-1410.942
-1410.942
-1410.942
-1410.942
-1410.942
-1410.942
-1410.942
-1410.942
-1410.942
-1410.116
-1410.116
-1410.116
-1410.116
-1410.116
-1410.116
-1410.116
-1410.116
-1410.116
-1410.116
-1410.116
-1410.116
-1410.116
-1410.672
-1410.672
-1410.672
-1410.672
-1410.672
-1410.672
-1410.672
-1410.672
-1410.672
-1410.563
-1411.301
-1411.301
-1411.301
-1411.301
-1411.301
-1411.301
-1411.301
-1410.268
-1410.268
-1410.268
-1410.268
-1410.268
-1410.268
-1410.268
-1410.268
-1410.268
-1410.268
-1410.268
-1410.268
-1410.268
-1410.268
-1410.268
-1410.268
-1410.268
-1410.268
-1410.268
-1410.268
-1410.268
-1410.268
-1410.268
-1410.268
-1410.268
-1410.268
-1410.268
-1410.268
-1410.268
-1410.268
-1410.268
-1410.268
-1410.268
-1410.268
-1410.268
-1410.268
-1410.268
-1410.268
-1410.268
-1410.268
-1410.268
-1410.685
-1410.685
-1410.685
-1410.685
-1410.685
-1410.685
-1410.685
-1410.685
-1410.685
-1410.685
-1410.685
-1412.138
-1412.138
-1412.138
-1413.127
-1413.127
-1410.462
-1410.462
-1410.462
-1410.462
-1410.462
-1410.462
-1410.462
-1410.462
-1410.462
-1410.462
-1410.462
-1410.462
-1410.462
-1410.462
-1410.462
-1410.59
-1410.548
-1410.548
-1412.363
-1412.363
-1412.363
-1412.363
-1412.363
-1412.363
-1412.363
-1412.363
-1410.786
-1410.786
-1410.786
-1410.786
-1411.119
-1411.119
-1411.119
-1411.119
-1411.119
-1411.119
-1411.042
-1411.042
-1411.042
-1411.042
-1411.042
-1411.042
-1411.042
-1411.541
-1411.541
-1411.541
-1411.541
-1411.541
-1411.541
-1411.541
-1411.541
-1413.728
-1413.728
-1413.728
-1411.62
-1411.651
-1411.651
-1411.651
-1410.977
-1410.977
-1410.977
-1410.977
-1410.977
-1410.977
-1410.957
-1410.957
-1412.916
-1412.916
-1411.358
-1411.358
-1411.358
-1411.358
-1411.358
-1411.358
-1411.358
-1411.358
-1411.358
-1411.358
-1411.358
-1411.358
-1411.271
-1411.271
-1410.745
-1411.285
-1411.285
-1411.285
-1411.285
-1411.285
-1413.014
-1410.895
-1410.895
-1410.895
-1410.895
-1410.895
-1410.895
-1410.895
-1411.666
-1411.666
-1411.666
-1411.666
-1411.666
-1411.666
-1411.666
-1411.666
-1411.666
-1411.666
-1411.666
-1411.666
-1411.666
-1411.666
-1411.666
-1411.118
-1411.118
-1411.118
-1411.118
-1411.118
-1411.118
-1411.118
-1411.118
-1411.267
-1411.267
-1411.267
-1411.267
-1412.548
-1412.548
-1412.548
-1412.548
-1412.548
-1412.548
-1412.548
-1412.548
-1412.548
-1412.548
-1411.223
-1411.223
-1411.223
-1411.223
-1411.223
-1411.223
-1410.456
-1410.456
-1410.456
-1410.456
