0.039827 -1.307269 -0.417313 0.101851 0.159765
0.171199 -0.212678 0.050945 0.061196 0.02374
0.172174 -0.250573 0.02814 0.142931 0.191254
0.172174 -0.250573 0.02814 0.142931 0.191254
0.179289 -0.224766 0.002445 -0.029359 0.131836
0.179289 -0.224766 0.002445 -0.029359 0.131836
0.095344 -0.299917 -0.051619 0.002961 0.257937
0.095344 -0.299917 -0.051619 0.002961 0.257937
0.147169 -0.236858 0.016168 0.029516 0.123285
0.13994 -0.184678 -0.010941 -0.061004 0.154465
0.145667 -0.220006 -0.003365 0.025943 0.113025
0.145667 -0.220006 -0.003365 0.025943 0.113025
0.123371 -0.172255 -0.011796 0.041096 0.177589
0.067614 -0.206407 -0.105748 -0.097146 0.351129
0.044315 -0.249467 -0.054475 0.125288 0.218855
0.038486 -0.277423 -0.063124 0.098967 0.204903
0.044778 -0.260394 -0.067252 0.103257 0.241356
0.044778 -0.260394 -0.067252 0.103257 0.241356
0.062025 -0.247817 -0.037038 0.096474 0.185128
0.11729 -0.272188 -0.015868 0.170999 0.205354
0.195134 -0.135476 0.016499 -0.11555 -0.038119
0.181131 -0.247567 0.007376 0.128954 0.210816
0.181131 -0.247567 0.007376 0.128954 0.210816
0.176887 -0.217631 -0.038582 -0.117741 0.205297
0.277774 -0.084342 0.076172 -0.213396 -0.175745
0.218182 -0.160601 0.075771 0.161446 0.170997
0.28415 -0.08017 0.142188 0.02929 -0.079176
0.101865 -0.34282 -0.069152 -0.278206 0.004034
0.285441 -0.031478 0.08315 -0.053644 -0.003005
0.240131 -0.079611 0.073141 -0.17742 -0.23998
0.228179 -0.139774 0.050341 -0.073347 -0.069348
0.172727 -0.244432 -0.026136 -0.312786 -0.108135
0.207133 -0.087029 0.036727 -0.365827 -0.185339
0.234575 -0.125406 0.063223 -0.024296 0.011261
0.234575 -0.125406 0.063223 -0.024296 0.011261
0.259021 -0.209959 0.040456 0.003222 0.126333
0.259021 -0.209959 0.040456 0.003222 0.126333
0.251786 -0.119947 0.063791 0.045774 0.109773
0.275814 -0.101438 0.082776 0.059083 0.068714
0.259198 -0.072152 0.097013 -0.082435 -0.058408
0.053508 -0.266298 -0.101055 -0.403224 0.104022
0.051975 -0.16062 -0.069673 -0.316341 0.053352
0.051975 -0.16062 -0.069673 -0.316341 0.053352
0.077982 -0.188291 -0.060465 -0.200407 0.098026
0.077982 -0.188291 -0.060465 -0.200407 0.098026
0.118224 -0.210303 -0.062644 -0.188516 0.15004
0.118224 -0.210303 -0.062644 -0.188516 0.15004
0.118224 -0.210303 -0.062644 -0.188516 0.15004
0.139198 -0.246015 -0.095769 -0.319481 0.07765
0.195305 -0.145631 -0.023265 -0.297502 0.007655
0.087409 -0.259192 -0.089925 -0.089195 0.341902
0.08475 -0.242188 -0.089721 -0.113119 0.274645
0.240765 -0.062617 -0.010806 -0.483802 -0.094611
0.240765 -0.062617 -0.010806 -0.483802 -0.094611
0.240765 -0.062617 -0.010806 -0.483802 -0.094611
0.240765 -0.062617 -0.010806 -0.483802 -0.094611
0.188866 -0.071325 -0.018433 -0.573565 -0.209069
0.188866 -0.071325 -0.018433 -0.573565 -0.209069
0.157721 -0.153746 -0.00014 -0.423934 -0.317931
0.157721 -0.153746 -0.00014 -0.423934 -0.317931
0.191488 -0.118589 0.013685 -0.625398 -0.463789
0.191488 -0.118589 0.013685 -0.625398 -0.463789
0.191488 -0.118589 0.013685 -0.625398 -0.463789
0.191488 -0.118589 0.013685 -0.625398 -0.463789
0.191488 -0.118589 0.013685 -0.625398 -0.463789
0.191488 -0.118589 0.013685 -0.625398 -0.463789
0.238044 -0.114998 0.112547 0.276349 0.117157
0.238044 -0.114998 0.112547 0.276349 0.117157
0.238044 -0.114998 0.112547 0.276349 0.117157
0.238044 -0.114998 0.112547 0.276349 0.117157
0.194654 -0.144266 0.076412 0.176538 0.04342
0.135834 -0.285582 -0.017467 -0.222691 -0.057914
0.135834 -0.285582 -0.017467 -0.222691 -0.057914
0.135834 -0.285582 -0.017467 -0.222691 -0.057914
0.176583 -0.294776 -0.032806 -0.267125 0.021696
0.087873 -0.283339 -0.020659 0.156988 0.349146
0.048279 -0.272069 -0.030516 0.135411 0.228597
0.070463 -0.321663 -0.008241 0.216239 0.241148
0.070463 -0.321663 -0.008241 0.216239 0.241148
0.139354 -0.237175 0.043222 -0.019927 -0.058747
0.165157 -0.118895 0.05606 0.058494 0.118409
0.192906 -0.05615 0.105529 -0.107758 -0.124802
0.155718 -0.126355 -0.006011 -0.407029 -0.136152
0.155718 -0.126355 -0.006011 -0.407029 -0.136152
0.151274 -0.116093 0.028571 -0.137867 -0.079153
0.151274 -0.116093 0.028571 -0.137867 -0.079153
0.152157 -0.197452 -0.02482 -0.209568 0.031284
0.152157 -0.197452 -0.02482 -0.209568 0.031284
0.152157 -0.197452 -0.02482 -0.209568 0.031284
0.152157 -0.197452 -0.02482 -0.209568 0.031284
0.152157 -0.197452 -0.02482 -0.209568 0.031284
0.152157 -0.197452 -0.02482 -0.209568 0.031284
0.152157 -0.197452 -0.02482 -0.209568 0.031284
0.152157 -0.197452 -0.02482 -0.209568 0.031284
0.152157 -0.197452 -0.02482 -0.209568 0.031284
0.152157 -0.197452 -0.02482 -0.209568 0.031284
0.169172 -0.17428 0.004209 -0.082796 0.050667
0.099499 -0.152657 -0.006911 0.10128 0.151762
0.099499 -0.152657 -0.006911 0.10128 0.151762
0.085289 -0.190116 -0.094095 -0.240064 0.156239
0.154365 -0.164219 0.045426 0.117452 0.000509
0.292372 0.074151 0.149516 -0.289087 -0.51167
0.274448 0.07565 0.132039 -0.227744 -0.297992
0.199369 -0.070519 -0.024388 -0.532656 -0.163121
0.199369 -0.070519 -0.024388 -0.532656 -0.163121
0.199369 -0.070519 -0.024388 -0.532656 -0.163121
0.199369 -0.070519 -0.024388 -0.532656 -0.163121
0.129164 -0.161363 -0.067289 -0.388301 -0.011142
0.19388 -0.140185 -0.013661 -0.313325 -0.008403
0.100371 -0.215997 -0.034463 -0.118162 0.016613
0.202847 -0.072936 0.014735 -0.032697 0.148477
0.282448 -0.081226 0.079777 -0.146222 -0.025373
0.118613 -0.252756 -0.000598 -0.11747 0.046932
0.138561 -0.141132 -0.01073 -0.177204 -0.113241
0.160704 -0.140573 -0.00776 0.010877 0.147258
0.154941 -0.209473 0.024491 0.038895 0.060227
0.273543 -0.043489 0.085563 -0.237239 -0.256553
0.163302 -0.155475 -0.015023 -0.142404 -0.086912
0.133918 -0.171616 0.001092 0.118912 0.184713
0.133918 -0.171616 0.001092 0.118912 0.184713
0.182054 -0.103335 0.013997 -0.047537 0.063005
0.107216 -0.190741 0.005467 0.121685 0.147186
0.108227 -0.178254 -0.001486 -0.134739 -0.111232
0.172802 -0.086778 0.077636 -0.159417 -0.195483
0.208623 -0.081472 0.058229 -0.226382 -0.136829
0.208623 -0.081472 0.058229 -0.226382 -0.136829
0.208623 -0.081472 0.058229 -0.226382 -0.136829
0.140534 -0.167946 -0.009981 -0.155469 -0.011841
0.182875 -0.118285 0.077937 -0.037673 -0.138868
0.181504 -0.140067 0.047916 -0.064531 -0.032182
0.181504 -0.140067 0.047916 -0.064531 -0.032182
0.181504 -0.140067 0.047916 -0.064531 -0.032182
0.124749 -0.193106 0.027125 0.020589 -0.028112
0.124749 -0.193106 0.027125 0.020589 -0.028112
0.017489 -0.293415 -0.090978 -0.014839 0.194086
0.125988 -0.221322 -0.043898 -0.239132 0.05707
0.133128 -0.289937 -0.083828 -0.283734 0.075958
0.133128 -0.289937 -0.083828 -0.283734 0.075958
0.087852 -0.379954 -0.042196 -0.212948 -0.01158
-0.087061 -0.517432 -0.15676 -0.141855 0.169937
-0.034721 -0.422501 -0.074046 0.123402 0.226375
0.222619 -0.244519 0.068416 -0.117232 -0.125066
0.186481 -0.20245 0.059114 0.123233 0.105122
0.15976 -0.165833 0.028851 -0.011249 0.067106
0.157503 -0.129461 0.050377 -0.123297 -0.074776
0.157503 -0.129461 0.050377 -0.123297 -0.074776
0.149996 -0.159613 0.024225 -0.021912 0.100953
0.189432 -0.232405 0.060785 0.250935 0.08655
0.189432 -0.232405 0.060785 0.250935 0.08655
0.189432 -0.232405 0.060785 0.250935 0.08655
0.189432 -0.232405 0.060785 0.250935 0.08655
0.201512 -0.270151 0.040769 0.231807 0.25709
0.176537 -0.267645 0.014507 -0.079977 0.031541
0.24206 -0.196928 0.063186 -0.020851 0.019453
0.24206 -0.196928 0.063186 -0.020851 0.019453
0.24206 -0.196928 0.063186 -0.020851 0.019453
0.250684 -0.273469 0.028271 -0.061111 0.003904
0.227571 -0.303269 -0.000915 -0.03949 0.143546
0.230055 -0.126693 0.06497 -0.052757 0.098082
0.180048 -0.063531 0.102858 0.342806 0.364168
0.036583 -0.212742 -0.095405 -0.410995 0.138076
-0.026181 -0.418155 -0.163564 -0.329484 0.112854
-0.026181 -0.418155 -0.163564 -0.329484 0.112854
0.057845 -0.339341 -0.137018 -0.417245 0.025292
0.057845 -0.339341 -0.137018 -0.417245 0.025292
0.057845 -0.339341 -0.137018 -0.417245 0.025292
0.057845 -0.339341 -0.137018 -0.417245 0.025292
0.07924 -0.385588 -0.068763 0.02308 0.176508
0.041988 -0.295551 -0.094541 -0.43297 -0.104778
0.167647 -0.11342 -0.008192 -0.505172 -0.16316
0.167647 -0.11342 -0.008192 -0.505172 -0.16316
0.074929 -0.270876 -0.051351 -0.224409 0.0331
0.074929 -0.270876 -0.051351 -0.224409 0.0331
0.074929 -0.270876 -0.051351 -0.224409 0.0331
0.229974 -0.153796 0.086919 0.102249 -0.015913
0.248384 -0.128185 0.098047 0.257525 0.112678
0.200067 -0.084267 0.004636 -0.226854 0.039689
0.200067 -0.084267 0.004636 -0.226854 0.039689
0.215927 -0.059667 0.058203 -0.049032 0.014516
0.150895 -0.156683 0.013557 0.116521 0.135859
0.125488 -0.293212 -0.030663 -0.108015 0.091344
0.115795 -0.341284 -0.01534 0.010385 0.206556
0.13245 -0.303331 0.00631 0.196418 0.145732
0.03576 -0.402443 -0.0423 0.099954 0.155883
0.111408 -0.273339 -0.026786 0.02817 0.239111
0.111408 -0.273339 -0.026786 0.02817 0.239111
0.176477 -0.19825 0.046793 0.22688 0.285347
0.176477 -0.19825 0.046793 0.22688 0.285347
0.169623 -0.169415 0.039711 0.132165 0.123136
0.169623 -0.169415 0.039711 0.132165 0.123136
0.141205 -0.11483 -0.017928 0.001271 0.190069
0.141205 -0.11483 -0.017928 0.001271 0.190069
0.114817 -0.226853 -0.042202 0.104353 0.294894
0.074912 -0.275896 -0.108999 -0.098314 0.263587
0.074912 -0.275896 -0.108999 -0.098314 0.263587
-0.02719 -0.441478 -0.140483 -0.321106 0.023717
-0.02719 -0.441478 -0.140483 -0.321106 0.023717
0.189114 -0.282591 0.070574 -0.26072 -0.328063
0.189114 -0.282591 0.070574 -0.26072 -0.328063
0.11497 -0.311682 -0.002899 -0.112046 -0.022057
0.119842 -0.310354 -0.035634 -0.213213 -0.065679
0.119842 -0.310354 -0.035634 -0.213213 -0.065679
0.082902 -0.301255 -0.033011 0.033276 0.142645
0.194406 -0.197474 0.007045 -0.384015 -0.236358
0.277939 -0.070934 0.0036 -0.524583 -0.209393
0.208734 -0.127255 0.037203 -0.055764 0.134744
0.148245 -0.295348 -0.025508 -0.205512 0.04235
0.148245 -0.295348 -0.025508 -0.205512 0.04235
0.148245 -0.295348 -0.025508 -0.205512 0.04235
0.188236 -0.206685 0.011706 -0.258769 -0.163366
0.188236 -0.206685 0.011706 -0.258769 -0.163366
0.163313 -0.162855 0.003605 -0.362367 -0.198048
0.240833 -0.166552 0.046231 -0.161418 -0.040456
0.31607 0.023188 0.160936 -0.066312 -0.242943
0.31607 0.023188 0.160936 -0.066312 -0.242943
0.31607 0.023188 0.160936 -0.066312 -0.242943
0.255294 -0.118319 0.044407 -0.224062 -0.12675
0.276996 -0.038412 0.066636 -0.078654 0.066351
0.276996 -0.038412 0.066636 -0.078654 0.066351
0.18896 -0.180566 0.008464 0.038677 0.166437
0.18896 -0.180566 0.008464 0.038677 0.166437
0.209217 -0.128257 0.050143 0.071837 0.049946
0.209217 -0.128257 0.050143 0.071837 0.049946
0.209217 -0.128257 0.050143 0.071837 0.049946
0.150622 -0.189539 -0.016624 -0.186401 0.082632
0.132381 -0.190781 0.016222 0.123049 0.13029
0.044394 -0.399025 -0.111588 -0.043073 0.371947
0.044394 -0.399025 -0.111588 -0.043073 0.371947
0.105199 -0.37866 -0.124043 -0.242224 0.217779
0.105199 -0.37866 -0.124043 -0.242224 0.217779
0.224632 -0.219374 -0.029787 -0.250172 0.002861
0.095506 -0.379398 -0.104259 -0.062038 0.332047
0.100991 -0.235017 -0.023403 0.013702 0.252203
0.170665 -0.0837 0.028801 -0.212377 -0.02103
0.213324 -0.129355 0.048032 -0.278813 -0.211733
0.213324 -0.129355 0.048032 -0.278813 -0.211733
0.213097 -0.173052 0.050815 -0.341554 -0.258549
0.213097 -0.173052 0.050815 -0.341554 -0.258549
0.176333 -0.253634 0.006552 -0.044783 0.193865
0.254873 -0.13157 0.114703 -0.009732 -0.067706
0.123017 -0.266971 0.034001 -0.053136 -0.034228
0.085969 -0.290097 -0.004588 0.11613 0.167503
0.120501 -0.18611 -3.1e-05 -0.061747 0.09631
0.095894 -0.140812 0.042505 0.275034 0.238454
0.144249 -0.131973 0.062042 0.213028 0.098573
0.187512 -0.215326 0.094454 0.19558 0.016572
0.204452 -0.176957 0.114239 0.082932 -0.14631
0.204452 -0.176957 0.114239 0.082932 -0.14631
0.210004 -0.168823 0.114205 0.151751 -0.037852
0.213227 -0.168566 0.037502 -0.224253 -0.064426
0.213227 -0.168566 0.037502 -0.224253 -0.064426
0.279399 -0.144663 0.02656 -0.05037 0.199612
0.35393 -0.0512 0.13959 -0.045751 -0.085861
0.256987 -0.088649 0.079545 -0.155227 -0.071109
0.256987 -0.088649 0.079545 -0.155227 -0.071109
0.339669 -0.059208 0.130083 0.196053 0.16019
0.288719 -0.106904 0.063653 0.150173 0.266033
0.288719 -0.106904 0.063653 0.150173 0.266033
0.288719 -0.106904 0.063653 0.150173 0.266033
0.288719 -0.106904 0.063653 0.150173 0.266033
0.362024 0.041158 0.143482 -0.120887 -0.133643
0.265869 -0.073973 0.076857 -0.241322 -0.12281
0.142876 -0.164648 0.003635 -0.139706 0.026622
0.260872 -0.035524 0.072421 -0.345404 -0.296767
0.333949 0.044687 0.17427 -0.028648 -0.237204
0.238347 -0.040645 0.097134 -0.257093 -0.382987
0.195571 -0.133784 0.059465 -0.098597 -0.059108
0.192671 -0.164269 0.010479 -0.056003 0.17595
0.192671 -0.164269 0.010479 -0.056003 0.17595
0.223582 -0.166621 0.024316 -0.143716 0.089707
0.19594 -0.2863 -0.002164 -0.174866 0.007194
0.19594 -0.2863 -0.002164 -0.174866 0.007194
0.120284 -0.293051 0.025959 0.195786 0.108055
0.045984 -0.321363 -0.021899 -0.04556 0.008334
0.071399 -0.244953 0.001203 -0.197008 -0.151373
0.07856 -0.209395 0.04218 0.023378 -0.033009
0.284707 -0.035211 0.137453 0.065928 -0.116044
0.261301 -0.020662 0.098068 -0.163421 -0.190883
0.261301 -0.020662 0.098068 -0.163421 -0.190883
0.211777 -0.100501 0.015135 0.081887 0.203578
0.137822 -0.190573 -0.030821 -0.067916 0.174822
0.095833 -0.231705 -0.069444 -0.353377 -0.04729
0.188973 -0.157609 -0.02165 -0.365599 -0.100656
0.179094 -0.211022 -0.017138 -0.315995 -0.123738
0.179094 -0.211022 -0.017138 -0.315995 -0.123738
0.179094 -0.211022 -0.017138 -0.315995 -0.123738
0.179094 -0.211022 -0.017138 -0.315995 -0.123738
0.179094 -0.211022 -0.017138 -0.315995 -0.123738
0.122313 -0.165078 -0.038949 -0.31067 -0.100958
0.122313 -0.165078 -0.038949 -0.31067 -0.100958
0.122313 -0.165078 -0.038949 -0.31067 -0.100958
0.117625 -0.293947 -0.072718 -0.235949 0.116347
0.117625 -0.293947 -0.072718 -0.235949 0.116347
0.128638 -0.151525 0.030139 -0.108499 -0.033155
0.039687 -0.276457 -0.021826 -0.161327 -0.055454
0.068086 -0.216984 -0.032977 -0.482742 -0.216761
0.068086 -0.216984 -0.032977 -0.482742 -0.216761
0.068086 -0.216984 -0.032977 -0.482742 -0.216761
0.068086 -0.216984 -0.032977 -0.482742 -0.216761
0.038294 -0.264647 -0.055892 -0.164028 0.048899
0.038294 -0.264647 -0.055892 -0.164028 0.048899
0.126488 -0.239222 -0.03622 -0.387333 -0.062762
0.126488 -0.239222 -0.03622 -0.387333 -0.062762
0.158684 -0.264024 0.000796 -0.105727 -0.020425
0.167574 -0.243219 0.035335 -0.007147 -0.062492
0.167574 -0.243219 0.035335 -0.007147 -0.062492
0.167574 -0.243219 0.035335 -0.007147 -0.062492
0.167574 -0.243219 0.035335 -0.007147 -0.062492
0.099736 -0.354895 -0.065374 -0.100544 0.077685
0.038327 -0.391049 -0.117596 -0.145865 0.117639
0.083454 -0.350582 -0.110905 -0.428455 -0.162073
0.18844 -0.20074 0.066708 0.022968 -0.10323
0.284839 -0.065018 0.139537 -0.213524 -0.370348
0.284839 -0.065018 0.139537 -0.213524 -0.370348
0.139824 -0.227814 0.025147 0.228745 0.234206
0.139824 -0.227814 0.025147 0.228745 0.234206
0.139824 -0.227814 0.025147 0.228745 0.234206
0.139824 -0.227814 0.025147 0.228745 0.234206
0.107662 -0.213446 -0.051554 -0.217799 0.063959
0.107662 -0.213446 -0.051554 -0.217799 0.063959
0.107662 -0.213446 -0.051554 -0.217799 0.063959
0.081637 -0.270313 -0.0354 -0.255825 -0.156352
0.092051 -0.2576 -0.039323 -0.049859 0.211779
0.19691 -0.087764 0.016037 -0.337139 -0.06386
0.19691 -0.087764 0.016037 -0.337139 -0.06386
0.19691 -0.087764 0.016037 -0.337139 -0.06386
0.160662 -0.076278 0.027197 -0.189826 -0.040084
0.153292 -0.119797 0.021998 -0.173426 -0.001617
0.239581 -0.112881 0.043472 -0.138521 0.040783
0.263947 -0.145606 0.050343 -0.017157 0.11909
0.263947 -0.145606 0.050343 -0.017157 0.11909
0.263947 -0.145606 0.050343 -0.017157 0.11909
0.263947 -0.145606 0.050343 -0.017157 0.11909
0.263947 -0.145606 0.050343 -0.017157 0.11909
0.24251 -0.14388 -0.037332 -0.671153 -0.175978
0.172441 -0.17147 -0.041134 -0.270122 0.090399
0.172441 -0.17147 -0.041134 -0.270122 0.090399
0.294682 -0.089607 0.090261 0.031722 0.001044
0.20161 -0.136039 0.023273 -0.157877 -0.007808
0.204736 -0.189043 0.055435 -0.039539 0.015254
0.080401 -0.270875 -0.061129 -0.199757 0.101637
0.080401 -0.270875 -0.061129 -0.199757 0.101637
0.080401 -0.270875 -0.061129 -0.199757 0.101637
0.11773 -0.198254 0.003621 -0.087588 0.060447
0.138937 -0.183377 0.000908 -0.085849 0.07822
0.152099 -0.225703 -0.054439 -0.130949 0.167167
0.152099 -0.225703 -0.054439 -0.130949 0.167167
0.112539 -0.237047 -0.076047 -0.329558 0.047079
0.112539 -0.237047 -0.076047 -0.329558 0.047079
0.137422 -0.269755 -0.023034 0.03061 0.245572
0.137422 -0.269755 -0.023034 0.03061 0.245572
0.251417 -0.121877 0.068454 -0.021272 0.035343
0.251417 -0.121877 0.068454 -0.021272 0.035343
0.193673 -0.250299 -0.048599 -0.552292 -0.224886
0.193673 -0.250299 -0.048599 -0.552292 -0.224886
0.193673 -0.250299 -0.048599 -0.552292 -0.224886
0.193673 -0.250299 -0.048599 -0.552292 -0.224886
0.220077 -0.214471 0.032236 -0.189582 -0.117601
0.253338 -0.10218 0.093761 -0.230277 -0.274547
0.253338 -0.10218 0.093761 -0.230277 -0.274547
0.290306 -0.063805 0.108839 -0.165788 -0.326382
0.290306 -0.063805 0.108839 -0.165788 -0.326382
0.252232 -0.095613 0.064492 -0.389134 -0.40832
0.252232 -0.095613 0.064492 -0.389134 -0.40832
0.252232 -0.095613 0.064492 -0.389134 -0.40832
0.22534 -0.201404 -0.006798 -0.630863 -0.412673
0.22534 -0.201404 -0.006798 -0.630863 -0.412673
0.22534 -0.201404 -0.006798 -0.630863 -0.412673
0.240384 -0.192197 0.036101 -0.383675 -0.256315
0.185145 -0.132982 -0.003119 -0.330816 -0.054397
0.185145 -0.132982 -0.003119 -0.330816 -0.054397
0.169838 -0.119952 0.004958 -0.2823 -0.03326
0.191624 -0.093746 0.093849 -0.049345 -0.147118
0.191624 -0.093746 0.093849 -0.049345 -0.147118
0.051859 -0.295953 -0.009216 -0.093538 -0.014395
0.080373 -0.303683 0.017692 -0.113018 -0.122119
0.206488 -0.183686 0.049301 -0.30003 -0.253531
0.233865 -0.118618 0.08625 0.220396 0.15217
0.230147 -0.131575 0.05941 -0.190278 -0.144964
0.224119 -0.173073 0.068517 0.024879 -0.035614
0.224119 -0.173073 0.068517 0.024879 -0.035614
0.119728 -0.240319 -0.090324 0.020671 0.392582
0.177749 -0.148133 -0.030272 -0.333068 0.002659
0.286507 -0.035144 0.171244 0.093703 -0.10139
0.270444 -0.078337 0.100005 -0.265443 -0.304163
0.226981 -0.193295 0.028308 -0.24666 -0.076351
0.178915 -0.115802 0.023011 -0.124566 -0.033971
0.117269 -0.224176 -0.028875 -0.023775 0.151631
0.148638 -0.296991 -0.033842 0.137606 0.33929
0.17547 -0.261434 -0.043882 -0.075705 0.113995
0.17547 -0.261434 -0.043882 -0.075705 0.113995
0.209159 -0.290578 0.070931 0.250657 0.263247
0.209159 -0.290578 0.070931 0.250657 0.263247
0.209159 -0.290578 0.070931 0.250657 0.263247
0.209159 -0.290578 0.070931 0.250657 0.263247
0.145218 -0.237595 0.0281 -0.020461 0.008381
0.145218 -0.237595 0.0281 -0.020461 0.008381
0.223624 -0.13207 0.06469 0.046518 0.008327
0.223624 -0.13207 0.06469 0.046518 0.008327
0.161528 -0.202381 0.023976 0.078466 0.147051
0.187896 -0.110619 0.087226 -0.007555 -0.01742
0.187896 -0.110619 0.087226 -0.007555 -0.01742
0.157699 -0.156185 0.074035 -0.042695 0.001247
0.209616 -0.038307 0.097473 0.064844 0.132502
0.223413 -0.184406 0.08534 0.096121 -0.017959
0.178875 -0.198353 0.002466 -0.182542 0.002048
0.321726 -0.067751 0.196343 0.111792 -0.292806
0.220903 -0.270019 0.073477 -0.005406 -0.013755
0.051826 -0.378928 -0.018107 0.13304 0.244545
-0.045161 -0.475061 -0.187848 -0.425675 0.239821
0.06883 -0.35944 -0.046222 -0.032213 0.248996
0.251035 0.003565 0.127749 -0.069372 -0.081967
0.230227 -0.094472 0.114669 -0.153976 -0.274773
0.230227 -0.094472 0.114669 -0.153976 -0.274773
0.096574 -0.226186 -0.056315 -0.338708 -0.10365
0.096574 -0.226186 -0.056315 -0.338708 -0.10365
0.109237 -0.207246 -0.015662 -0.353966 -0.245796
0.227545 -0.070588 0.128521 0.083427 -0.14105
0.191018 -0.129988 0.064629 -0.120596 -0.199718
0.191018 -0.129988 0.064629 -0.120596 -0.199718
0.273821 -0.055216 0.094907 -0.108368 -0.100842
0.273821 -0.055216 0.094907 -0.108368 -0.100842
0.273821 -0.055216 0.094907 -0.108368 -0.100842
0.273821 -0.055216 0.094907 -0.108368 -0.100842
0.038185 -0.508398 -0.199408 -0.264435 0.371569
0.038185 -0.508398 -0.199408 -0.264435 0.371569
0.038185 -0.508398 -0.199408 -0.264435 0.371569
0.083147 -0.46716 -0.148251 -0.405825 0.164405
0.083147 -0.46716 -0.148251 -0.405825 0.164405
0.027191 -0.50135 -0.190007 -0.291068 0.331056
0.01128 -0.46167 -0.188824 -0.323543 0.29315
0.144887 -0.327199 -0.022236 -0.165223 0.09856
0.172571 -0.267981 -0.007118 -0.316839 -0.114037
0.172571 -0.267981 -0.007118 -0.316839 -0.114037
0.172571 -0.267981 -0.007118 -0.316839 -0.114037
0.172571 -0.267981 -0.007118 -0.316839 -0.114037
0.109871 -0.306457 -0.054483 -0.285173 -0.031365
0.028917 -0.362028 -0.099699 -0.092478 0.153575
0.283433 -0.142279 0.069384 -0.076237 0.10915
0.342537 -0.035679 0.131788 0.121252 0.157918
0.357222 -0.059015 0.13243 0.272413 0.224718
0.323428 -0.078969 0.15284 0.388404 0.174381
0.247287 -0.195165 0.059046 -0.020147 0.143658
0.152033 -0.204394 0.084402 0.099355 0.02995
0.030839 -0.381496 -0.109115 -0.169664 0.168106
0.030839 -0.381496 -0.109115 -0.169664 0.168106
0.06005 -0.375778 -0.100164 -0.196162 0.162618
0.055079 -0.42921 -0.128784 -0.331064 0.106845
0.055079 -0.42921 -0.128784 -0.331064 0.106845
0.094114 -0.243849 -0.037111 -0.235548 0.001689
0.094114 -0.243849 -0.037111 -0.235548 0.001689
0.125758 -0.210742 -0.011498 -0.06509 0.054792
0.163438 -0.277201 0.004833 0.039703 0.069119
0.163438 -0.277201 0.004833 0.039703 0.069119
0.161342 -0.268609 0.038058 0.132872 0.031275
0.184541 -0.129284 0.079782 -0.016618 -0.19808
0.16278 -0.280536 -0.001828 -0.076315 0.101632
0.16278 -0.280536 -0.001828 -0.076315 0.101632
0.28582 -0.11641 0.119561 0.01306 -0.053544
0.20364 -0.209671 0.040627 0.067677 0.055317
0.20364 -0.209671 0.040627 0.067677 0.055317
0.20364 -0.209671 0.040627 0.067677 0.055317
0.154911 -0.306695 -0.042604 0.230736 0.436659
0.1808 -0.289735 0.005533 -0.141144 0.055001
0.154936 -0.233453 -0.028454 -0.063483 0.214077
0.15349 -0.301532 -0.036235 -0.155685 0.123578
0.029732 -0.376971 -0.119434 -0.289599 0.059085
0.029732 -0.376971 -0.119434 -0.289599 0.059085
0.029732 -0.376971 -0.119434 -0.289599 0.059085
0.029732 -0.376971 -0.119434 -0.289599 0.059085
0.063614 -0.316647 -0.131688 -0.373768 0.088559
0.206231 -0.188993 -0.037864 -0.325741 -0.064311
0.215801 -0.16196 0.113334 0.233491 -0.011157
0.180049 -0.238577 0.022543 -0.105127 -0.104524
0.203942 -0.181235 0.048423 -0.070884 -0.136296
0.169269 -0.285628 0.024909 0.035845 -0.022937
0.106743 -0.396658 -0.079642 -0.024929 0.182397
0.153833 -0.393667 -0.047445 -0.073926 0.101809
0.174467 -0.275503 0.01478 0.21148 0.207564
0.20355 -0.264403 0.035041 0.120737 0.149448
0.20355 -0.264403 0.035041 0.120737 0.149448
0.20355 -0.264403 0.035041 0.120737 0.149448
0.181272 -0.23715 0.014284 0.097431 0.023149
0.224408 -0.161753 0.008667 -0.087191 -0.036409
0.224408 -0.161753 0.008667 -0.087191 -0.036409
0.243125 -0.137293 0.00707 -0.20992 -0.100958
0.243125 -0.137293 0.00707 -0.20992 -0.100958
0.171716 -0.158999 0.020151 0.186031 0.21629
0.171716 -0.158999 0.020151 0.186031 0.21629
0.208005 -0.033593 0.068852 -0.02905 -0.031036
0.133654 -0.127141 -0.002502 -0.10061 -0.031272
0.084486 -0.220258 -0.035954 -0.127695 0.003393
0.084486 -0.220258 -0.035954 -0.127695 0.003393
0.054828 -0.281496 -0.083854 -0.214265 0.051416
0.156589 -0.219519 -0.028374 0.031758 0.113881
0.156589 -0.219519 -0.028374 0.031758 0.113881
0.1027 -0.253913 -0.093779 -0.123009 0.151964
0.088281 -0.301417 -0.107269 -0.121505 0.191532
0.298942 -0.102236 0.065844 -0.063121 -0.034481
0.298942 -0.102236 0.065844 -0.063121 -0.034481
0.298942 -0.102236 0.065844 -0.063121 -0.034481
0.298942 -0.102236 0.065844 -0.063121 -0.034481
0.23164 -0.208686 -0.019226 -0.094378 0.170541
0.196967 -0.193731 -0.030892 -0.24933 0.002512
0.196967 -0.193731 -0.030892 -0.24933 0.002512
0.167273 -0.138725 -0.012136 -0.400127 -0.1818
0.167273 -0.138725 -0.012136 -0.400127 -0.1818
0.167273 -0.138725 -0.012136 -0.400127 -0.1818
0.120302 -0.185958 -0.020326 -0.188613 0.052471
0.056811 -0.377414 -0.074767 -0.040979 0.24969
0.056811 -0.377414 -0.074767 -0.040979 0.24969
0.042838 -0.375847 -0.154645 -0.33073 0.203346
0.154524 -0.093372 0.044987 0.088369 0.139274
0.219056 -0.118464 0.054236 -0.196617 -0.090518
0.246334 -0.151949 0.04559 -0.295307 -0.194746
0.273104 -0.153166 0.092074 -0.090443 -0.123938
0.329417 -0.075983 0.161058 0.092355 -0.0838
0.204683 -0.129115 0.08402 -0.139702 -0.140974
0.173477 -0.181602 0.015191 -0.135875 0.06451
0.116983 -0.347551 0.005805 -0.055275 0.076624
0.106194 -0.335048 -0.021647 0.005277 0.166587
0.205414 -0.23821 -0.036303 -0.236097 0.142025
0.163044 -0.215611 0.01415 0.002503 0.148038
0.124878 -0.239215 -0.013235 -0.009932 0.174242
0.178329 -0.20433 0.068913 -0.021421 -0.066437
0.146347 -0.233407 0.066376 0.131819 0.108384
0.146347 -0.233407 0.066376 0.131819 0.108384
0.276214 -0.162222 0.058671 0.052806 0.165213
0.276214 -0.162222 0.058671 0.052806 0.165213
0.181273 -0.176421 0.037252 0.234096 0.262858
0.152586 -0.262607 0.017181 -0.001445 0.152811
0.152586 -0.262607 0.017181 -0.001445 0.152811
0.152586 -0.262607 0.017181 -0.001445 0.152811
0.074083 -0.358328 -0.042395 0.009342 0.208309
0.114241 -0.328356 -0.034777 -0.253067 -0.070342
0.114241 -0.328356 -0.034777 -0.253067 -0.070342
0.114241 -0.328356 -0.034777 -0.253067 -0.070342
0.131913 -0.301552 -0.002182 -0.204106 -0.039245
0.131913 -0.301552 -0.002182 -0.204106 -0.039245
0.367307 0.061648 0.112445 -0.245173 -0.152217
0.335847 0.025656 0.069424 -0.464669 -0.22878
0.335847 0.025656 0.069424 -0.464669 -0.22878
0.335847 0.025656 0.069424 -0.464669 -0.22878
0.290079 -0.05856 0.03215 -0.375224 -0.067769
0.232281 -0.136984 0.001438 -0.334195 -0.020726
0.232281 -0.136984 0.001438 -0.334195 -0.020726
0.175594 -0.242535 -0.041504 -0.162172 0.095829
0.203211 -0.194031 -0.001616 -0.189077 0.056465
0.170156 -0.209079 -0.006624 -0.161277 0.049828
0.106176 -0.298167 -0.03703 -0.080334 0.143261
0.080656 -0.325772 -0.085692 -0.263001 0.074394
0.080656 -0.325772 -0.085692 -0.263001 0.074394
0.080656 -0.325772 -0.085692 -0.263001 0.074394
0.256725 -0.134464 0.086843 0.021038 -0.059863
0.175698 -0.154839 0.096172 0.093207 -0.134897
-0.002948 -0.438167 -0.097958 -0.102322 0.09721
-0.002948 -0.438167 -0.097958 -0.102322 0.09721
-0.002948 -0.438167 -0.097958 -0.102322 0.09721
0.018384 -0.410604 -0.089743 -0.172237 0.140177
0.018384 -0.410604 -0.089743 -0.172237 0.140177
0.078479 -0.451761 -0.062662 -0.088077 0.148484
0.12619 -0.330625 -0.01775 -0.261103 -0.004652
0.098509 -0.277567 -0.06454 -0.489309 -0.01839
0.120792 -0.309093 0.00761 0.024996 0.220499
0.120792 -0.309093 0.00761 0.024996 0.220499
0.250154 -0.130577 0.073394 -0.080284 -0.078947
0.214184 -0.130136 0.014614 -0.018705 0.143736
0.284767 -0.090332 0.143608 0.092957 -0.160797
0.220404 -0.118623 0.077373 -0.170816 -0.156315
0.220404 -0.118623 0.077373 -0.170816 -0.156315
0.157928 -0.210796 -0.000314 -0.254102 -0.025481
0.170658 -0.189161 -0.005389 -0.51643 -0.302828
0.170658 -0.189161 -0.005389 -0.51643 -0.302828
0.078925 -0.364985 -0.066444 -0.188362 0.058869
0.078925 -0.364985 -0.066444 -0.188362 0.058869
0.078925 -0.364985 -0.066444 -0.188362 0.058869
0.078925 -0.364985 -0.066444 -0.188362 0.058869
0.078925 -0.364985 -0.066444 -0.188362 0.058869
0.126217 -0.280484 -0.101384 -0.376168 0.11107
0.213682 -0.146062 -0.002472 -0.296693 0.023921
0.31471 -0.041915 0.112791 -0.192451 -0.246402
0.31471 -0.041915 0.112791 -0.192451 -0.246402
0.254636 0.001336 0.121059 0.053857 -0.017699
0.226017 -0.065237 0.077249 0.154181 0.215403
0.370457 -0.017045 0.178688 0.015807 -0.237657
0.216632 -0.117815 0.012843 -0.078557 0.039986
0.148447 -0.104049 0.034764 0.022075 0.153177
0.148447 -0.104049 0.034764 0.022075 0.153177
0.148447 -0.104049 0.034764 0.022075 0.153177
-0.034616 -0.432189 -0.162879 -0.136233 0.18343
-0.012028 -0.505544 -0.131801 -0.124415 0.229984
-0.012028 -0.505544 -0.131801 -0.124415 0.229984
0.193174 -0.325113 0.035302 -0.098394 -0.075102
0.232602 -0.125688 0.118977 -0.013888 -0.22971
0.271636 -0.110809 0.120936 -0.255573 -0.461836
0.30124 -0.028546 0.093701 -0.44195 -0.384263
0.30124 -0.028546 0.093701 -0.44195 -0.384263
0.211579 -0.18623 0.034502 -0.081168 0.036291
0.211579 -0.18623 0.034502 -0.081168 0.036291
0.183709 -0.299889 -0.023632 -0.179903 0.066279
0.183709 -0.299889 -0.023632 -0.179903 0.066279
0.106716 -0.333498 0.006176 -0.010269 0.094803
0.115829 -0.231929 0.032623 0.104369 0.168766
0.188738 -0.21779 0.073692 0.20549 0.144423
0.154702 -0.214103 0.012255 -0.048715 0.123352
0.140696 -0.23879 3.8e-05 -0.331822 -0.200086
0.140696 -0.23879 3.8e-05 -0.331822 -0.200086
0.139664 -0.259178 -0.034057 -0.42692 -0.156619
0.139664 -0.259178 -0.034057 -0.42692 -0.156619
0.221679 -0.186853 0.069198 0.283057 0.297181
0.221679 -0.186853 0.069198 0.283057 0.297181
0.228086 -0.188381 0.057864 0.065385 0.147706
0.270909 -0.052911 0.149512 0.243941 0.063006
0.270909 -0.052911 0.149512 0.243941 0.063006
0.256734 -0.052454 0.141709 0.132621 0.046404
0.256733 -0.101802 0.138428 0.036055 -0.153735
0.28068 -0.018337 0.16884 0.005359 -0.216708
0.220628 -0.073368 0.125028 0.031944 -0.159775
0.239281 -0.044052 0.14999 0.140834 -0.029985
0.224777 -0.067281 0.134468 0.139738 0.005711
0.151718 -0.206929 0.030979 0.088218 0.09446
0.197264 -0.140762 0.070093 0.067688 -0.025998
0.174014 -0.147051 -0.015689 0.004422 0.153933
0.268782 0.042039 0.103357 -0.003898 0.057884
0.261222 0.01335 0.094698 -0.024907 -0.13112
0.261097 -0.096728 0.051063 -0.1482 -0.044013
0.261097 -0.096728 0.051063 -0.1482 -0.044013
0.180374 -0.177026 -0.006808 -0.237032 0.030211
0.238044 -0.173108 0.038066 -0.046457 0.056015
0.167366 -0.283487 -0.010464 -0.07606 0.105549
0.262799 -0.222678 0.07502 -0.02194 -0.030893
0.316725 -0.062914 0.069792 0.09531 0.125606
0.276315 -0.108804 0.065152 -0.252669 -0.225452
0.247629 -0.043054 0.077306 -0.239818 -0.274584
0.247629 -0.043054 0.077306 -0.239818 -0.274584
0.146229 -0.211969 -0.001406 -0.049489 0.038338
0.146229 -0.211969 -0.001406 -0.049489 0.038338
0.090835 -0.27564 -0.021724 0.053578 0.237149
0.090835 -0.27564 -0.021724 0.053578 0.237149
0.149345 -0.191491 0.01273 -0.029991 0.133769
0.187334 -0.165331 -0.007604 -0.09881 0.127642
0.187334 -0.165331 -0.007604 -0.09881 0.127642
0.187334 -0.165331 -0.007604 -0.09881 0.127642
0.187334 -0.165331 -0.007604 -0.09881 0.127642
0.187334 -0.165331 -0.007604 -0.09881 0.127642
0.040837 -0.339628 -0.095853 -0.166329 0.159494
0.040837 -0.339628 -0.095853 -0.166329 0.159494
0.040837 -0.339628 -0.095853 -0.166329 0.159494
0.148959 -0.253829 -0.023752 -0.038338 0.193059
0.191666 -0.231118 0.017208 0.037212 0.198922
0.191666 -0.231118 0.017208 0.037212 0.198922
0.191666 -0.231118 0.017208 0.037212 0.198922
0.294458 -0.079633 0.108874 0.011669 0.121715
0.230693 -0.102695 0.059499 0.018882 0.219447
0.318873 -0.000705 0.123219 0.000179 0.092335
0.161601 -0.204306 -0.083176 -0.388056 0.233988
0.304439 -0.054717 0.038594 -0.06023 0.124359
0.190236 -0.178461 -0.007157 0.025807 0.156038
0.114604 -0.205854 -0.048188 -0.025819 0.174241
0.114604 -0.205854 -0.048188 -0.025819 0.174241
0.114604 -0.205854 -0.048188 -0.025819 0.174241
0.233539 -0.094266 0.091996 0.194878 0.001084
0.326969 -0.065744 0.16815 0.152345 -0.125948
0.216927 -0.251417 0.033795 -0.182284 -0.113889
0.242431 -0.182719 0.08045 -0.07362 -0.2201
0.138745 -0.252417 0.002662 -0.067359 -0.091424
0.109752 -0.305377 -0.063536 -0.158672 0.196797
0.16299 -0.206009 0.034622 0.257089 0.262615
0.16299 -0.206009 0.034622 0.257089 0.262615
0.171821 -0.161911 0.058171 0.283514 0.295334
0.222182 -0.154674 0.069228 0.16431 0.087413
0.222182 -0.154674 0.069228 0.16431 0.087413
0.138325 -0.239585 0.004634 0.039145 0.110062
0.176608 -0.216448 0.05411 0.183838 0.06964
0.222785 -0.204894 0.048575 0.07303 0.01748
0.222785 -0.204894 0.048575 0.07303 0.01748
0.222785 -0.204894 0.048575 0.07303 0.01748
0.238458 -0.181544 0.026788 -0.285132 -0.183099
0.238458 -0.181544 0.026788 -0.285132 -0.183099
0.238458 -0.181544 0.026788 -0.285132 -0.183099
0.175415 -0.199408 -0.001331 -0.318133 -0.128152
0.175415 -0.199408 -0.001331 -0.318133 -0.128152
0.175415 -0.199408 -0.001331 -0.318133 -0.128152
0.119473 -0.23388 -0.02407 -0.162562 0.017251
0.119473 -0.23388 -0.02407 -0.162562 0.017251
0.185207 -0.097919 0.019463 -0.261719 -0.004819
0.210554 -0.264111 -0.023224 -0.223466 0.077749
0.107955 -0.259264 -0.074157 -0.230206 0.160885
0.107955 -0.259264 -0.074157 -0.230206 0.160885
0.158625 -0.247503 -0.027008 -0.325893 -0.083222
0.173479 -0.201129 0.020187 -0.313814 -0.290733
0.135079 -0.263401 -0.02188 -0.222986 -0.13779
0.068437 -0.244739 -0.070699 -0.417378 -0.157721
0.068437 -0.244739 -0.070699 -0.417378 -0.157721
0.155746 -0.220935 0.019691 -0.126105 -0.12472
0.155746 -0.220935 0.019691 -0.126105 -0.12472
0.209765 -0.156027 0.101852 0.102136 -0.054729
0.166759 -0.214782 0.047641 0.186107 0.025176
0.097604 -0.187957 0.006879 -0.069753 -0.042811
0.097604 -0.187957 0.006879 -0.069753 -0.042811
0.312496 0.049045 0.127697 -0.06486 -0.138207
0.363399 0.065971 0.201096 0.057484 -0.166514
0.219232 -0.127752 0.067737 -0.128815 -0.237453
0.219232 -0.127752 0.067737 -0.128815 -0.237453
0.127807 -0.168143 0.034328 -0.129192 -0.240412
0.127807 -0.168143 0.034328 -0.129192 -0.240412
0.189662 -0.198092 0.021236 -0.560524 -0.412664
0.189662 -0.198092 0.021236 -0.560524 -0.412664
0.189662 -0.198092 0.021236 -0.560524 -0.412664
0.189662 -0.198092 0.021236 -0.560524 -0.412664
0.189662 -0.198092 0.021236 -0.560524 -0.412664
0.189662 -0.198092 0.021236 -0.560524 -0.412664
0.189662 -0.198092 0.021236 -0.560524 -0.412664
0.237455 -0.12812 0.095377 -0.142247 -0.261871
0.237455 -0.12812 0.095377 -0.142247 -0.261871
0.237455 -0.12812 0.095377 -0.142247 -0.261871
0.172918 -0.103918 0.038746 -0.247402 -0.146322
0.172918 -0.103918 0.038746 -0.247402 -0.146322
0.172918 -0.103918 0.038746 -0.247402 -0.146322
0.19621 -0.162711 0.063853 -0.046663 -0.090999
0.156587 -0.136546 0.054332 0.094969 0.097711
0.123862 -0.202069 0.043759 0.053143 -0.004332
0.145419 -0.184406 0.071415 0.188787 0.127888
0.23791 -0.113016 0.069376 0.014791 0.121953
0.244245 -0.048735 0.129261 0.079464 -0.001003
0.225054 -0.150749 0.048906 -0.09107 -0.042014
0.177012 -0.234295 -0.009263 -0.141503 0.111361
0.217617 -0.112983 0.093723 0.024672 -0.096825
0.217617 -0.112983 0.093723 0.024672 -0.096825
0.19454 -0.264005 0.011153 -0.188498 -0.085734
0.203982 -0.277072 -0.01739 -0.121725 0.017636
0.207796 -0.279699 0.04156 -0.021217 -0.088702
0.206489 -0.280418 0.052607 0.22218 0.179162
0.206489 -0.280418 0.052607 0.22218 0.179162
0.206489 -0.280418 0.052607 0.22218 0.179162
0.196778 -0.263832 0.042615 0.271962 0.25652
0.159515 -0.327645 -0.011831 0.160102 0.302135
0.159515 -0.327645 -0.011831 0.160102 0.302135
0.185424 -0.248786 -0.002746 0.196462 0.287375
0.189412 -0.138489 0.013079 0.098488 0.141082
0.189233 -0.140762 -0.005139 -0.22179 -0.017248
0.189233 -0.140762 -0.005139 -0.22179 -0.017248
0.159291 -0.214645 -0.007571 0.009742 0.149989
0.109983 -0.344091 -0.049852 -0.025109 0.191444
0.115732 -0.238676 0.001022 0.01432 0.069509
0.11491 -0.134957 0.014857 0.012152 0.036144
0.205201 -0.103915 0.129601 0.19107 -0.006892
0.205201 -0.103915 0.129601 0.19107 -0.006892
0.205201 -0.103915 0.129601 0.19107 -0.006892
0.205201 -0.103915 0.129601 0.19107 -0.006892
0.243243 -0.048549 0.097493 -0.027248 -0.05235
0.234538 -0.013319 0.151257 0.204895 0.021105
0.173723 -0.091871 0.068701 0.123915 0.041541
0.155931 -0.149529 0.000376 0.039083 0.20188
0.178406 -0.123362 0.051484 0.130365 0.230016
0.215433 -0.218208 -0.007197 -0.41968 -0.028682
0.17714 -0.238682 -0.028029 -0.318895 0.054589
0.17714 -0.238682 -0.028029 -0.318895 0.054589
0.240144 -0.120975 0.018898 -0.439903 -0.151782
0.249357 -0.091638 0.080386 -0.333361 -0.314195
0.249357 -0.091638 0.080386 -0.333361 -0.314195
0.249357 -0.091638 0.080386 -0.333361 -0.314195
0.211065 -0.079171 0.073831 -0.158294 -0.172832
0.229877 -0.176447 0.055356 0.040625 0.062275
0.197619 -0.107899 0.003813 -0.223723 0.002294
0.147917 -0.201815 -0.058048 -0.270701 0.068914
0.251442 -0.095832 0.071358 -0.170065 -0.089506
0.299628 -0.047512 0.098035 0.004352 0.033358
0.150303 -0.225993 -0.019039 -0.030626 0.23578
0.150303 -0.225993 -0.019039 -0.030626 0.23578
0.150303 -0.225993 -0.019039 -0.030626 0.23578
0.150303 -0.225993 -0.019039 -0.030626 0.23578
0.077697 -0.327315 -0.057401 0.058359 0.293141
0.087653 -0.295212 -0.026472 0.088212 0.203347
0.101964 -0.300992 -0.028273 0.052316 0.20535
0.101964 -0.300992 -0.028273 0.052316 0.20535
0.245898 -0.112665 0.097327 0.056246 -0.031978
0.245898 -0.112665 0.097327 0.056246 -0.031978
0.138505 -0.305855 -0.070539 -0.092236 0.187893
0.137007 -0.30862 -0.054801 -0.104432 0.104649
0.137007 -0.30862 -0.054801 -0.104432 0.104649
0.091022 -0.308575 -0.075249 0.024571 0.27459
0.115737 -0.208398 -0.017952 -0.060207 0.071535
0.115737 -0.208398 -0.017952 -0.060207 0.071535
0.16322 -0.133841 0.02818 -0.226836 -0.202711
0.188807 -0.119369 0.018765 -0.234897 -0.143878
0.167375 -0.128797 0.017889 -0.055801 0.016241
0.193687 -0.126357 0.002799 -0.359803 -0.122156
0.183667 -0.155531 0.044544 -0.164274 -0.156276
0.183667 -0.155531 0.044544 -0.164274 -0.156276
0.21487 -0.038594 0.095888 -0.152929 -0.209069
0.21487 -0.038594 0.095888 -0.152929 -0.209069
0.21487 -0.038594 0.095888 -0.152929 -0.209069
0.21487 -0.038594 0.095888 -0.152929 -0.209069
0.21487 -0.038594 0.095888 -0.152929 -0.209069
0.205666 -0.080264 0.064238 -0.052251 0.003995
0.205666 -0.080264 0.064238 -0.052251 0.003995
0.134907 -0.201247 -0.028956 -0.059588 0.189688
0.191907 -0.221826 0.00374 -0.149705 0.053265
0.225302 -0.197923 0.01492 -0.266445 -0.067571
0.225302 -0.197923 0.01492 -0.266445 -0.067571
0.221711 -0.085997 0.064706 -0.420135 -0.387139
0.221711 -0.085997 0.064706 -0.420135 -0.387139
0.221711 -0.085997 0.064706 -0.420135 -0.387139
0.221711 -0.085997 0.064706 -0.420135 -0.387139
0.27066 -0.109068 0.116423 -0.015135 -0.17537
0.154609 -0.204779 0.092687 0.144897 -0.13739
0.149461 -0.172545 0.029426 0.214721 0.184073
0.102758 -0.210063 -0.034781 0.035236 0.152622
0.102758 -0.210063 -0.034781 0.035236 0.152622
0.169044 -0.075371 0.073926 0.1137 0.01679
0.219632 -0.019086 0.123533 0.074369 -0.064505
0.219632 -0.019086 0.123533 0.074369 -0.064505
0.178246 -0.057506 0.067623 0.08235 0.030985
0.261143 -0.03447 0.15432 0.044743 -0.200412
0.261143 -0.03447 0.15432 0.044743 -0.200412
0.261143 -0.03447 0.15432 0.044743 -0.200412
0.261143 -0.03447 0.15432 0.044743 -0.200412
0.257794 -0.015912 0.171182 0.304786 0.075794
0.204858 -0.10227 0.072003 0.004793 0.048909
0.204858 -0.10227 0.072003 0.004793 0.048909
0.204858 -0.10227 0.072003 0.004793 0.048909
0.229482 -0.128077 0.074317 0.019955 0.069995
0.229482 -0.128077 0.074317 0.019955 0.069995
0.233775 -0.059166 0.065223 -0.218823 -0.11434
0.233775 -0.059166 0.065223 -0.218823 -0.11434
0.250595 -0.065435 0.094941 -0.075389 -0.09945
0.307373 -0.002937 0.137678 -0.207312 -0.291438
0.195701 -0.083014 0.04037 -0.179438 0.008602
0.195701 -0.083014 0.04037 -0.179438 0.008602
0.195701 -0.083014 0.04037 -0.179438 0.008602
0.213405 -0.075881 0.089336 -0.121553 -0.160156
0.231884 -0.046488 0.07571 -0.114774 -0.063227
0.193477 -0.102605 0.029127 -0.170524 -0.061455
0.206003 -0.093303 0.024876 -0.190107 -0.05245
0.089127 -0.221253 -0.065623 -0.169045 0.208988
0.052147 -0.304587 -0.162895 -0.457474 0.165948
0.052147 -0.304587 -0.162895 -0.457474 0.165948
0.052147 -0.304587 -0.162895 -0.457474 0.165948
0.052147 -0.304587 -0.162895 -0.457474 0.165948
0.052147 -0.304587 -0.162895 -0.457474 0.165948
0.052147 -0.304587 -0.162895 -0.457474 0.165948
0.166213 -0.225158 -0.078385 -0.294082 0.131984
0.166213 -0.225158 -0.078385 -0.294082 0.131984
0.166213 -0.225158 -0.078385 -0.294082 0.131984
0.19903 -0.247795 -0.077143 -0.276061 0.161057
0.19903 -0.247795 -0.077143 -0.276061 0.161057
0.267419 -0.168803 0.026468 -0.055736 0.147174
0.267419 -0.168803 0.026468 -0.055736 0.147174
0.229952 -0.180949 0.040552 -0.050085 0.037397
0.229952 -0.180949 0.040552 -0.050085 0.037397
0.204136 -0.04676 0.053148 0.119052 0.208137
0.204136 -0.04676 0.053148 0.119052 0.208137
0.031602 -0.286279 -0.091011 -0.376387 -0.086186
0.094771 -0.203605 0.014196 -0.128272 -0.142354
0.131338 -0.309564 0.014512 0.087602 0.029064
0.067217 -0.31474 -0.033389 0.099462 0.18054
0.078278 -0.332049 -0.051459 0.015301 0.206142
0.078278 -0.332049 -0.051459 0.015301 0.206142
0.158515 -0.17646 0.070184 0.107426 -0.038764
0.194914 -0.121486 0.067185 0.153417 0.131802
0.19734 -0.167775 0.047957 0.110231 0.107136
0.19734 -0.167775 0.047957 0.110231 0.107136
0.154535 -0.174194 0.017692 -0.025038 0.111344
0.102751 -0.184325 -0.021849 -0.085942 0.095861
0.229167 -0.0491 0.087056 -0.089407 -0.091708
0.229167 -0.0491 0.087056 -0.089407 -0.091708
0.209123 -0.083016 0.097347 -0.029212 -0.170264
0.305733 -0.055379 0.148759 0.033918 -0.189894
0.278091 -0.109456 0.102417 0.078057 -0.049304
0.278091 -0.109456 0.102417 0.078057 -0.049304
0.04824 -0.446929 -0.047263 0.012407 0.050898
0.139253 -0.335323 -0.01869 -0.165212 0.009939
0.111652 -0.325333 -0.030469 0.05708 0.25074
0.157481 -0.194145 0.005364 -0.412415 -0.19551
0.157481 -0.194145 0.005364 -0.412415 -0.19551
0.188616 -0.162175 0.016639 -0.295609 -0.040771
0.15845 -0.197393 -0.009969 -0.14042 0.123146
0.184463 -0.198129 0.007202 -0.130203 -0.104422
0.184463 -0.198129 0.007202 -0.130203 -0.104422
0.150601 -0.264393 0.000213 -0.044625 -0.063111
0.183909 -0.173686 0.01164 -0.032582 0.06182
0.183909 -0.173686 0.01164 -0.032582 0.06182
0.242059 -0.124238 0.058927 0.097495 0.194632
0.242059 -0.124238 0.058927 0.097495 0.194632
0.230245 -0.085414 0.062833 0.166662 0.140737
0.230245 -0.085414 0.062833 0.166662 0.140737
0.124218 -0.295983 -0.052201 -0.018823 0.144842
0.124218 -0.295983 -0.052201 -0.018823 0.144842
0.124218 -0.295983 -0.052201 -0.018823 0.144842
0.109249 -0.258362 -0.095824 -0.147114 0.184046
0.202539 -0.183553 0.05052 -0.012679 0.021866
0.183034 -0.167376 0.06283 0.028327 -0.083255
0.066583 -0.356972 -0.074026 -0.045845 0.217675
0.165381 -0.167087 0.01055 -0.220721 -0.153041
0.175091 -0.198399 0.026145 -0.133133 -0.147194
0.175091 -0.198399 0.026145 -0.133133 -0.147194
0.047027 -0.417209 -0.136447 -0.09491 0.287872
0.047027 -0.417209 -0.136447 -0.09491 0.287872
0.047027 -0.417209 -0.136447 -0.09491 0.287872
0.047027 -0.417209 -0.136447 -0.09491 0.287872
0.021473 -0.379655 -0.134729 -0.148453 0.204543
0.031124 -0.30546 -0.108216 -0.151716 0.19851
0.031124 -0.30546 -0.108216 -0.151716 0.19851
0.017622 -0.326194 -0.049835 0.046822 0.120667
0.040592 -0.269692 -0.076004 -0.163645 -0.00237
0.040592 -0.269692 -0.076004 -0.163645 -0.00237
0.131313 -0.16392 0.034316 0.014321 -0.072453
0.235733 0.017794 0.163176 -0.027471 -0.25111
0.199334 -0.02274 0.122528 0.138803 -0.053622
0.107494 -0.107694 0.004581 -0.227569 -0.109868
0.120361 -0.2373 0.054983 0.070412 -0.111374
0.187972 -0.317062 0.026075 -0.183533 -0.173073
0.310987 -0.067772 0.162319 -0.010888 -0.285951
0.310987 -0.067772 0.162319 -0.010888 -0.285951
0.183391 -0.213413 0.003707 0.019309 0.102587
0.251747 -0.166397 0.036975 -0.068513 0.002184
0.257173 -0.146998 -0.007431 -0.054509 0.166992
0.213089 -0.229566 -0.021624 -0.104284 0.074926
0.22477 -0.117968 0.053323 -0.085758 -0.172581
0.180436 -0.081431 0.02361 -0.16485 -0.132396
0.088903 -0.178581 -0.021986 -0.101466 0.089474
0.126861 -0.151553 0.022479 -0.376262 -0.243439
0.054629 -0.218612 -0.068834 -0.12144 0.176358
0.05232 -0.201944 -0.031418 0.077481 0.232337
0.104571 -0.136434 0.021695 0.136738 0.126711
0.104571 -0.136434 0.021695 0.136738 0.126711
0.104571 -0.136434 0.021695 0.136738 0.126711
-0.112289 -0.420752 -0.176363 -0.116183 0.275415
-0.036952 -0.442954 -0.110309 -0.027693 0.220438
-0.004412 -0.384759 -0.101961 0.036912 0.308795
0.190846 -0.292934 0.020192 -0.008287 0.078444
0.084864 -0.376603 -0.038101 -0.019777 0.142584
0.084864 -0.376603 -0.038101 -0.019777 0.142584
0.084864 -0.376603 -0.038101 -0.019777 0.142584
0.105802 -0.354056 0.004742 0.085419 0.074011
0.209516 -0.112603 0.10044 -0.188198 -0.201517
0.18474 -0.249815 0.033659 -0.058868 -0.148392
0.172192 -0.27792 -0.02012 -0.366456 -0.247001
0.172192 -0.27792 -0.02012 -0.366456 -0.247001
0.172192 -0.27792 -0.02012 -0.366456 -0.247001
0.172192 -0.27792 -0.02012 -0.366456 -0.247001
0.172192 -0.27792 -0.02012 -0.366456 -0.247001
0.172192 -0.27792 -0.02012 -0.366456 -0.247001
0.149362 -0.143031 0.019382 -0.360252 -0.250311
0.149362 -0.143031 0.019382 -0.360252 -0.250311
0.149362 -0.143031 0.019382 -0.360252 -0.250311
0.189793 -0.060729 0.070787 -0.371232 -0.317726
0.213525 -0.133925 0.034722 -0.356318 -0.245747
0.119244 -0.192157 0.02879 -0.18307 -0.169068
0.119244 -0.192157 0.02879 -0.18307 -0.169068
0.15974 -0.14834 0.051703 -0.026262 -0.019964
0.15974 -0.14834 0.051703 -0.026262 -0.019964
0.070862 -0.276436 -0.028773 -0.228091 -0.114888
0.102484 -0.252548 0.028779 0.013342 -0.066695
0.218146 -0.0943 0.090621 -0.101239 -0.111603
0.218146 -0.0943 0.090621 -0.101239 -0.111603
0.219357 -0.075358 0.062626 -0.215247 -0.099911
0.2359 -0.051865 0.066615 -0.244888 -0.153517
0.1159 -0.23051 -0.048362 -0.185813 0.073969
0.1159 -0.23051 -0.048362 -0.185813 0.073969
0.1159 -0.23051 -0.048362 -0.185813 0.073969
0.151279 -0.143745 -0.008017 -0.19261 -0.030416
0.135861 -0.217505 -0.039995 -0.253295 -0.046211
0.118385 -0.253721 -0.046513 -0.145127 0.119309
0.082462 -0.299631 -0.063637 -0.065772 0.24108
0.087725 -0.330337 -0.063259 0.001927 0.286684
0.110641 -0.218507 -0.006182 0.023279 0.120225
0.094467 -0.146176 0.016479 -0.110612 0.034685
0.230144 -0.011058 0.116283 0.003635 -0.067531
0.230144 -0.011058 0.116283 0.003635 -0.067531
0.264806 0.036485 0.109096 -0.021782 0.016135
0.264806 0.036485 0.109096 -0.021782 0.016135
0.282405 0.055474 0.146143 0.125662 0.007444
0.251016 0.067508 0.125142 -0.16988 -0.277718
0.313346 0.071214 0.168794 -0.053414 -0.195443
0.313346 0.071214 0.168794 -0.053414 -0.195443
0.264682 0.037578 0.131149 -0.061119 -0.08875
0.290665 -0.030546 0.165159 0.039924 -0.078717
0.290665 -0.030546 0.165159 0.039924 -0.078717
0.290665 -0.030546 0.165159 0.039924 -0.078717
0.281542 0.053133 0.172678 -0.06538 -0.297683
0.169511 -0.08464 0.042256 0.02206 -0.039117
0.169511 -0.08464 0.042256 0.02206 -0.039117
0.169511 -0.08464 0.042256 0.02206 -0.039117
0.169511 -0.08464 0.042256 0.02206 -0.039117
0.165947 -0.094648 0.012388 -0.253167 -0.078113
0.242193 -0.034776 0.069181 -0.117433 -0.106649
0.213378 -0.154035 0.004891 -0.237552 -0.072318
0.212006 -0.157976 -0.004124 -0.290345 -0.019843
0.211878 -0.142305 0.068973 0.227073 0.125942
0.276766 -0.002059 0.107836 -0.275137 -0.330974
0.276766 -0.002059 0.107836 -0.275137 -0.330974
0.276766 -0.002059 0.107836 -0.275137 -0.330974
0.301424 0.093514 0.155906 -0.196216 -0.313468
0.242585 0.013436 0.137978 0.130254 0.017348
0.259706 -0.071302 0.106856 -0.107955 -0.077559
0.259706 -0.071302 0.106856 -0.107955 -0.077559
0.179556 -0.18123 0.069443 -0.044427 -0.034012
0.262035 -0.105916 0.057999 -0.241736 -0.099943
0.262035 -0.105916 0.057999 -0.241736 -0.099943
0.262035 -0.105916 0.057999 -0.241736 -0.099943
0.262035 -0.105916 0.057999 -0.241736 -0.099943
0.262035 -0.105916 0.057999 -0.241736 -0.099943
0.262035 -0.105916 0.057999 -0.241736 -0.099943
0.230817 -0.130275 0.101249 0.046193 -0.027339
0.230817 -0.130275 0.101249 0.046193 -0.027339
0.230817 -0.130275 0.101249 0.046193 -0.027339
0.230817 -0.130275 0.101249 0.046193 -0.027339
0.201612 -0.118481 0.060441 -0.185084 -0.030739
0.201612 -0.118481 0.060441 -0.185084 -0.030739
0.063283 -0.35896 0.001668 0.154211 0.16343
0.063283 -0.35896 0.001668 0.154211 0.16343
0.25661 -0.188946 0.086087 0.074729 0.131632
0.229489 -0.16461 0.067285 0.026366 0.080417
0.388042 0.032422 0.236672 0.249956 -0.082002
0.271863 -0.202215 0.086677 0.217628 0.291597
0.271863 -0.202215 0.086677 0.217628 0.291597
0.271863 -0.202215 0.086677 0.217628 0.291597
0.201845 -0.280468 0.021344 -0.089402 0.035587
0.15883 -0.289402 -0.038447 -0.100235 0.165394
0.15883 -0.289402 -0.038447 -0.100235 0.165394
0.213692 -0.25571 0.010885 0.050418 0.112488
0.215259 -0.23622 0.083808 0.080282 0.027536
0.306933 -0.110792 0.076471 0.015945 -0.070627
0.309794 -0.093053 0.071388 -0.055968 -0.073758
0.208022 -0.198537 -0.040258 -0.138885 0.158749
0.156357 -0.198645 -0.082179 -0.402333 -0.034929
0.156357 -0.198645 -0.082179 -0.402333 -0.034929
0.144963 -0.23398 -0.049924 -0.129774 0.02658
0.182239 -0.132042 0.013734 -0.220835 -0.172086
0.182239 -0.132042 0.013734 -0.220835 -0.172086
0.166582 -0.157031 0.016531 -0.106158 0.004429
0.187261 -0.188696 0.015049 -0.186967 -0.058874
0.113632 -0.323387 -0.083218 -0.338949 -0.002062
0.113632 -0.323387 -0.083218 -0.338949 -0.002062
0.117747 -0.256842 -0.029153 -0.091994 0.073954
0.305393 -0.051147 0.17616 0.107077 -0.183052
0.319625 -0.039312 0.186747 0.204323 -0.125809
0.342596 -0.041549 0.225838 0.137177 -0.264702
0.342596 -0.041549 0.225838 0.137177 -0.264702
0.246472 -0.096234 0.184851 0.201301 -0.243825
0.153879 -0.218925 0.07855 0.045139 -0.144326
0.213788 -0.112141 0.123677 -0.046271 -0.239769
0.209429 -0.031605 0.045563 -0.228487 -0.136876
0.209429 -0.031605 0.045563 -0.228487 -0.136876
0.157557 -0.097992 0.038466 -0.034648 0.073705
0.076 -0.376718 -0.097417 -0.250389 0.112324
0.183946 -0.099717 0.002114 -0.42494 -0.182857
0.183946 -0.099717 0.002114 -0.42494 -0.182857
0.183946 -0.099717 0.002114 -0.42494 -0.182857
0.274287 -0.069176 0.055538 -0.198303 -0.068283
0.290577 -0.175358 0.070728 -0.389656 -0.458888
0.226821 -0.182068 0.081637 -0.231665 -0.349304
0.229685 -0.197908 0.056029 -0.155596 -0.145915
0.256439 -0.216362 0.084103 0.050313 -0.000906
0.187743 -0.311901 0.015217 0.123986 0.180332
0.243455 -0.134064 0.136293 0.175598 0.032295
0.141452 -0.22732 -0.001932 -0.248889 0.028504
0.141452 -0.22732 -0.001932 -0.248889 0.028504
0.084963 -0.280554 -0.043174 -0.334295 -0.01725
0.064695 -0.3924 -0.125246 -0.621612 -0.158183
0.064695 -0.3924 -0.125246 -0.621612 -0.158183
0.064695 -0.3924 -0.125246 -0.621612 -0.158183
0.064695 -0.3924 -0.125246 -0.621612 -0.158183
0.064695 -0.3924 -0.125246 -0.621612 -0.158183
0.084752 -0.401056 -0.132462 -0.568118 -0.045511
0.084752 -0.401056 -0.132462 -0.568118 -0.045511
0.083248 -0.306877 -0.0787 -0.264571 0.139337
0.203386 -0.214878 0.03446 -0.057656 -0.044601
0.132576 -0.178564 0.016299 0.020738 0.003835
0.119735 -0.247723 -0.015235 -0.019713 -0.006085
0.112546 -0.257873 0.040111 0.060458 -0.133819
-0.02282 -0.418419 -0.061023 0.047655 0.10373
-0.020632 -0.459438 -0.094871 0.156598 0.210835
0.067104 -0.364223 -0.052244 0.074009 0.171117
0.280331 -0.091045 0.037979 -0.241151 0.013491
0.280501 -0.062243 0.067201 -0.367119 -0.204156
0.280501 -0.062243 0.067201 -0.367119 -0.204156
0.280501 -0.062243 0.067201 -0.367119 -0.204156
0.210497 -0.070083 0.019019 -0.356127 -0.185656
0.210497 -0.070083 0.019019 -0.356127 -0.185656
0.210497 -0.070083 0.019019 -0.356127 -0.185656
0.214938 -0.092245 0.074945 0.100215 0.009572
0.198691 -0.125881 0.059786 0.137987 0.03845
0.205403 -0.150517 0.051247 0.199294 0.143219
0.205403 -0.150517 0.051247 0.199294 0.143219
0.205403 -0.150517 0.051247 0.199294 0.143219
0.205403 -0.150517 0.051247 0.199294 0.143219
0.176504 -0.131139 0.07147 0.089886 -0.031612
0.275103 -0.071375 0.198767 0.323191 -0.098761
0.267762 -0.051054 0.173802 0.047635 -0.300202
0.243353 -0.077308 0.191434 0.098958 -0.317362
0.21335 -0.157469 0.133995 0.096913 -0.143809
0.283063 -0.113817 0.167186 0.089622 -0.184828
0.304345 0.000507 0.16401 -0.077159 -0.266277
0.304345 0.000507 0.16401 -0.077159 -0.266277
0.304345 0.000507 0.16401 -0.077159 -0.266277
0.17337 -0.149618 0.087042 0.128755 -0.026984
0.17337 -0.149618 0.087042 0.128755 -0.026984
0.17337 -0.149618 0.087042 0.128755 -0.026984
0.140323 -0.293241 -0.061483 -0.324366 -0.013004
0.118386 -0.24 -0.048997 -0.27244 -0.054985
0.118386 -0.24 -0.048997 -0.27244 -0.054985
0.034839 -0.313176 -0.064119 -0.125651 0.031575
0.097562 -0.243544 -0.016202 0.088592 0.208933
0.108162 -0.273637 -0.000111 0.079222 0.140684
0.221806 -0.092281 0.07199 -0.218363 -0.238599
0.221806 -0.092281 0.07199 -0.218363 -0.238599
0.180919 -0.113758 0.016104 -0.173601 -0.080578
0.180919 -0.113758 0.016104 -0.173601 -0.080578
0.285391 -0.141013 0.085447 -0.224084 -0.259239
0.285391 -0.141013 0.085447 -0.224084 -0.259239
0.322125 -0.084186 0.10762 -0.20926 -0.237515
0.322125 -0.084186 0.10762 -0.20926 -0.237515
0.235885 -0.197552 0.025531 -0.044095 0.054908
0.232278 -0.231914 0.010522 0.097809 0.260583
0.23268 -0.173663 0.014181 -0.194252 -0.060179
0.23268 -0.173663 0.014181 -0.194252 -0.060179
0.183354 -0.210874 0.028508 -0.112489 -0.110109
0.183354 -0.210874 0.028508 -0.112489 -0.110109
0.228582 -0.1036 0.090259 0.080474 -0.038892
0.191499 -0.175171 0.019765 -0.073796 -0.048353
0.2365 -0.092288 0.004175 -0.30885 -0.136315
0.246495 -0.076488 0.045663 -0.067604 0.000457
0.309001 -0.046215 0.119876 0.001961 -0.038386
0.163822 -0.254133 -0.00374 0.066535 0.104641
0.163822 -0.254133 -0.00374 0.066535 0.104641
0.096622 -0.264174 -0.019907 0.047014 0.15029
0.024403 -0.314491 -0.112887 -0.281875 0.076398
0.037411 -0.321099 -0.032132 -0.0625 0.037144
0.037411 -0.321099 -0.032132 -0.0625 0.037144
0.061442 -0.295214 -0.062732 -0.035417 0.122192
0.065203 -0.253946 -0.040792 -0.142484 0.010347
0.087493 -0.319959 0.006531 0.126153 0.02236
0.064205 -0.328855 -0.045967 0.228146 0.277636
0.119944 -0.202447 0.024886 0.199995 0.085203
0.08483 -0.282787 0.026675 0.168231 0.039233
0.15034 -0.178312 0.03214 -0.100772 -0.163802
0.156641 -0.21899 0.062702 0.260924 0.165504
0.179467 -0.196691 -0.008342 -0.189947 -0.107236
0.189062 -0.09123 0.043177 -0.077676 -0.146807
0.202668 -0.1693 0.008438 -0.195857 -0.174153
0.202668 -0.1693 0.008438 -0.195857 -0.174153
0.269899 -0.122018 0.112741 0.125415 -0.14275
0.325617 -0.060839 0.126463 -0.093594 -0.288684
0.248755 -0.119573 0.039778 -0.347785 -0.312435
0.249267 -0.108634 0.057555 -0.158555 -0.116012
0.239217 -0.106655 0.107212 -0.12917 -0.300267
0.239217 -0.106655 0.107212 -0.12917 -0.300267
0.266236 -0.092717 0.121201 -0.053349 -0.20285
0.218305 -0.068359 0.100085 0.145232 0.015633
0.180005 -0.207791 -0.00179 -0.174276 0.089635
0.126452 -0.308667 -0.129429 -0.460449 0.141654
0.126452 -0.308667 -0.129429 -0.460449 0.141654
0.126452 -0.308667 -0.129429 -0.460449 0.141654
0.121776 -0.227782 -0.095584 -0.407878 0.041828
0.069342 -0.295144 -0.091635 -0.186171 0.170208
0.067147 -0.32551 -0.110821 -0.188947 0.133136
0.142029 -0.295359 -0.048075 -0.253039 -0.025541
0.069159 -0.338789 -0.093018 -0.244718 0.076614
0.065679 -0.380818 -0.138092 -0.134035 0.300522
0.162082 -0.310395 -0.06053 -0.155638 0.149523
0.27613 -0.177025 0.085177 0.328581 0.261059
0.27613 -0.177025 0.085177 0.328581 0.261059
0.286829 -0.079699 0.089509 0.07649 0.065926
0.280387 -0.064394 0.087034 -0.113789 -0.083368
0.137382 -0.187277 0.019538 -0.013025 0.005851
0.119054 -0.233438 -0.103079 -0.344066 0.141212
0.190239 -0.101467 0.038424 -0.339018 -0.18787
0.190239 -0.101467 0.038424 -0.339018 -0.18787
0.206226 -0.109997 0.02986 -0.314504 -0.122406
0.15987 -0.243576 -0.019907 -0.101952 0.039896
0.106814 -0.249612 -0.026558 -0.035535 0.057819
0.155963 -0.349253 -0.063796 -0.123756 0.154691
0.261514 -0.244846 0.013994 -0.265854 -0.095948
0.287051 -0.192576 0.023592 -0.283595 -0.082465
0.188254 -0.20627 -0.064155 -0.444739 -0.005837
0.188254 -0.20627 -0.064155 -0.444739 -0.005837
0.152365 -0.173457 -0.026156 -0.129383 0.077251
0.152365 -0.173457 -0.026156 -0.129383 0.077251
0.192318 -0.156322 0.008178 -0.214739 -0.043895
-0.004901 -0.366146 -0.070939 0.016163 0.126294
0.091633 -0.279706 -0.081901 -0.142461 0.149542
0.091633 -0.279706 -0.081901 -0.142461 0.149542
0.151243 -0.314469 -0.012886 -0.06159 0.143954
0.158588 -0.340631 -0.039218 -0.2946 -0.109753
0.207915 -0.309596 0.040952 -0.221631 -0.235295
0.113126 -0.336104 0.022629 0.049424 -0.092543
0.058127 -0.325956 -0.024094 -0.074025 0.035324
0.119453 -0.307403 -0.045632 -0.292871 -0.003201
0.121382 -0.298975 0.00673 -0.296192 -0.222188
0.121382 -0.298975 0.00673 -0.296192 -0.222188
0.121382 -0.298975 0.00673 -0.296192 -0.222188
0.121382 -0.298975 0.00673 -0.296192 -0.222188
0.054229 -0.446014 -0.060756 0.059775 0.146885
0.114411 -0.229967 0.09278 0.053796 -0.283993
0.114411 -0.229967 0.09278 0.053796 -0.283993
0.114411 -0.229967 0.09278 0.053796 -0.283993
0.074666 -0.330284 -0.05484 -0.177837 -0.054694
0.074666 -0.330284 -0.05484 -0.177837 -0.054694
0.140558 -0.272217 -0.007955 -0.011852 -0.009703
0.188026 -0.152647 0.109341 0.007252 -0.178787
0.188026 -0.152647 0.109341 0.007252 -0.178787
0.138915 -0.242585 0.046069 0.199777 0.102059
0.267048 -0.129654 0.108255 0.092302 -0.000956
0.267048 -0.129654 0.108255 0.092302 -0.000956
0.267048 -0.129654 0.108255 0.092302 -0.000956
0.267048 -0.129654 0.108255 0.092302 -0.000956
0.189578 -0.172544 0.043813 0.015599 0.017444
0.163442 -0.194331 0.068602 -0.198643 -0.302276
0.213131 -0.175247 0.003849 -0.28921 -0.102853
0.213131 -0.175247 0.003849 -0.28921 -0.102853
0.213131 -0.175247 0.003849 -0.28921 -0.102853
0.119585 -0.301652 -0.080608 -0.343262 0.010517
0.119585 -0.301652 -0.080608 -0.343262 0.010517
0.061509 -0.299389 -0.044494 -0.340776 -0.16193
0.050813 -0.304216 -0.054706 -0.17213 -0.064163
-0.035857 -0.367663 -0.101146 -0.170574 0.017011
-0.035857 -0.367663 -0.101146 -0.170574 0.017011
0.060001 -0.335017 -0.068352 0.079164 0.295712
0.060001 -0.335017 -0.068352 0.079164 0.295712
0.192556 -0.224166 -0.008246 -0.181252 0.062339
0.174568 -0.165077 -0.037977 -0.411098 -0.009212
0.174568 -0.165077 -0.037977 -0.411098 -0.009212
0.174568 -0.165077 -0.037977 -0.411098 -0.009212
0.010162 -0.371583 -0.086895 -0.030401 0.299866
0.171145 -0.156714 0.018753 -0.202063 -0.064206
0.243872 -0.15484 0.032717 -0.32024 -0.164611
0.202956 -0.193899 0.035914 -0.198228 -0.170323
0.185118 -0.10787 0.089668 0.241847 0.223618
0.161274 -0.08379 0.126255 0.46567 0.254563
0.089942 -0.178695 0.078253 0.040965 -0.16857
0.010805 -0.338807 -0.018338 0.312835 0.365881
0.010805 -0.338807 -0.018338 0.312835 0.365881
0.010805 -0.338807 -0.018338 0.312835 0.365881
0.162422 -0.129481 0.0798 0.096638 0.155586
0.121752 -0.137498 0.044224 0.370136 0.394649
0.117083 -0.195196 0.038232 0.225917 0.216275
0.150353 -0.102529 0.077726 0.139421 0.037513
0.150353 -0.102529 0.077726 0.139421 0.037513
0.030529 -0.241833 -0.06596 -0.036 0.18128
0.083901 -0.249772 0.000217 0.301143 0.29867
0.083901 -0.249772 0.000217 0.301143 0.29867
0.028378 -0.328024 -0.09908 0.105217 0.424277
0.028378 -0.328024 -0.09908 0.105217 0.424277
0.064282 -0.336815 -0.076862 -0.065838 0.26267
0.064282 -0.336815 -0.076862 -0.065838 0.26267
0.047127 -0.401472 -0.066 0.154623 0.323484
0.144711 -0.30684 -0.059387 -0.091282 0.173121
0.119875 -0.244408 0.002473 -0.123079 0.00976
0.136354 -0.289459 -0.058844 -0.277992 0.074553
