0.302899 -0.130113 0.491087 0.519348 0.10418
0.109904 -0.149988 -0.006396 -0.02572 0.100781
0.219004 -0.026721 0.047396 -0.13428 -0.081106
0.107011 -0.195777 -0.015366 -0.365278 -0.262866
0.107011 -0.195777 -0.015366 -0.365278 -0.262866
0.099922 -0.215577 0.051546 -0.037656 -0.058653
0.17614 -0.087921 0.127869 0.018282 -0.311666
0.17614 -0.087921 0.127869 0.018282 -0.311666
0.211508 -0.123267 0.074537 -0.330979 -0.463722
0.211508 -0.123267 0.074537 -0.330979 -0.463722
0.211508 -0.123267 0.074537 -0.330979 -0.463722
0.211508 -0.123267 0.074537 -0.330979 -0.463722
0.211508 -0.123267 0.074537 -0.330979 -0.463722
0.211508 -0.123267 0.074537 -0.330979 -0.463722
0.122417 -0.185789 0.001327 -0.175462 -0.119212
0.274694 -0.038293 0.048465 -0.436791 -0.25235
0.274694 -0.038293 0.048465 -0.436791 -0.25235
0.274694 -0.038293 0.048465 -0.436791 -0.25235
0.274694 -0.038293 0.048465 -0.436791 -0.25235
0.274694 -0.038293 0.048465 -0.436791 -0.25235
0.298568 -0.018998 0.09243 -0.29217 -0.278326
0.285764 -0.044776 0.071448 -0.281838 -0.17891
0.222549 -0.115861 -0.02662 -0.483122 0.010437
0.16919 -0.205576 -0.02857 -0.491204 -0.114648
0.179937 -0.233953 -0.043446 -0.184539 0.159756
0.129958 -0.205445 -0.005784 -0.308903 -0.139195
0.06125 -0.323027 -0.089246 -0.329331 -0.071043
0.082717 -0.267261 -0.070614 -0.379677 -0.154493
0.135388 -0.212605 0.003029 -0.194929 -0.212838
0.224997 -0.071073 0.104928 -0.059336 -0.284319
0.208525 -0.150999 0.047139 -0.158085 -0.292506
0.208525 -0.150999 0.047139 -0.158085 -0.292506
0.208525 -0.150999 0.047139 -0.158085 -0.292506
0.22839 -0.141949 0.020159 -0.175838 -0.161393
0.22839 -0.141949 0.020159 -0.175838 -0.161393
0.22435 -0.101724 0.025978 -0.294291 -0.111376
0.22435 -0.101724 0.025978 -0.294291 -0.111376
0.203368 -0.205655 0.017841 -0.144817 -0.078516
0.147881 -0.260895 -0.039428 -0.161528 0.046003
0.198182 -0.1634 0.023451 -0.101279 -0.032913
0.21581 -0.053446 0.105208 -0.053221 -0.185673
0.214015 -0.078486 0.087876 0.00324 -0.086073
0.214015 -0.078486 0.087876 0.00324 -0.086073
0.312576 -0.035957 0.095471 -0.333695 -0.323905
0.312576 -0.035957 0.095471 -0.333695 -0.323905
0.239556 -0.051419 0.084168 -0.221003 -0.226081
0.239556 -0.051419 0.084168 -0.221003 -0.226081
0.239556 -0.051419 0.084168 -0.221003 -0.226081
0.114907 -0.204742 0.031478 -0.013517 0.049594
0.139073 -0.20606 0.071148 0.183572 0.146978
0.251741 -0.07542 0.130682 -0.022925 -0.075649
0.251741 -0.07542 0.130682 -0.022925 -0.075649
0.21097 -0.006815 0.196464 0.106881 -0.316251
0.240822 -0.001308 0.188058 0.06152 -0.270801
0.279686 0.051917 0.204745 0.07518 -0.36031
0.279686 0.051917 0.204745 0.07518 -0.36031
0.308193 -0.034187 0.182695 -0.115153 -0.457584
0.308193 -0.034187 0.182695 -0.115153 -0.457584
0.308193 -0.034187 0.182695 -0.115153 -0.457584
0.222499 -0.123767 0.113538 -0.117224 -0.310165
0.161355 -0.177325 0.050277 -0.054246 -0.164128
0.261423 -0.092615 0.088136 -0.109363 -0.141996
0.25415 -0.063389 0.108075 -0.156083 -0.235393
0.248863 -0.022417 0.165786 0.279296 0.170991
0.172565 -0.246544 0.028662 0.083381 0.18655
0.192595 -0.184925 0.058255 0.047641 0.066612
0.192595 -0.184925 0.058255 0.047641 0.066612
0.173963 -0.193334 -0.012027 -0.200404 -0.016972
0.173963 -0.193334 -0.012027 -0.200404 -0.016972
0.173963 -0.193334 -0.012027 -0.200404 -0.016972
0.073693 -0.292808 -0.088054 -0.230302 0.080199
0.058682 -0.363134 -0.093561 -0.181318 0.08203
0.058682 -0.363134 -0.093561 -0.181318 0.08203
0.138512 -0.305694 -0.022828 -0.212927 -0.127138
0.138512 -0.305694 -0.022828 -0.212927 -0.127138
0.138512 -0.305694 -0.022828 -0.212927 -0.127138
0.138512 -0.305694 -0.022828 -0.212927 -0.127138
0.138512 -0.305694 -0.022828 -0.212927 -0.127138
0.126993 -0.267528 -0.037512 -0.105137 0.092685
0.203233 -0.197321 0.014658 -0.103831 0.022349
0.228352 -0.104806 0.022778 -0.199082 -0.033503
0.228352 -0.104806 0.022778 -0.199082 -0.033503
0.192046 -0.206659 0.017173 -0.035262 0.129569
0.160333 -0.173808 0.025017 0.023895 0.098585
0.161489 -0.105877 0.041351 0.105991 0.118563
0.161489 -0.105877 0.041351 0.105991 0.118563
0.158256 -0.242036 -0.05259 -0.024994 0.267638
0.158256 -0.242036 -0.05259 -0.024994 0.267638
0.158256 -0.242036 -0.05259 -0.024994 0.267638
0.087602 -0.319336 -0.104044 0.056296 0.457339
0.087602 -0.319336 -0.104044 0.056296 0.457339
0.087602 -0.319336 -0.104044 0.056296 0.457339
0.19235 -0.190164 0.011558 0.182406 0.307441
0.19235 -0.190164 0.011558 0.182406 0.307441
0.24336 -0.136477 0.069609 0.21573 0.245074
0.24336 -0.136477 0.069609 0.21573 0.245074
0.24336 -0.136477 0.069609 0.21573 0.245074
0.135849 -0.260199 -0.062248 -0.436658 -0.03857
0.140913 -0.24801 -0.070016 -0.563259 -0.087366
0.140913 -0.24801 -0.070016 -0.563259 -0.087366
0.140913 -0.24801 -0.070016 -0.563259 -0.087366
0.228901 -0.063321 0.051891 -0.246688 -0.082705
0.228901 -0.063321 0.051891 -0.246688 -0.082705
0.138942 -0.19321 0.027111 -0.187407 -0.091888
0.138942 -0.19321 0.027111 -0.187407 -0.091888
0.138942 -0.19321 0.027111 -0.187407 -0.091888
0.138942 -0.19321 0.027111 -0.187407 -0.091888
0.305814 0.003373 0.189979 0.131709 -0.09939
0.097243 -0.174186 0.038348 0.10224 0.164495
0.072184 -0.210653 0.030453 0.013567 0.042446
0.007796 -0.331638 -0.056028 0.06573 0.205702
0.091471 -0.255268 -0.021125 0.097016 0.301075
0.091471 -0.255268 -0.021125 0.097016 0.301075
0.091471 -0.255268 -0.021125 0.097016 0.301075
0.091471 -0.255268 -0.021125 0.097016 0.301075
0.091471 -0.255268 -0.021125 0.097016 0.301075
0.086332 -0.322946 0.007094 -0.002106 0.030496
0.278917 -0.122659 0.168691 0.178198 -0.136521
0.302637 -0.100404 0.180777 0.200585 -0.082472
0.246499 -0.173808 0.10303 0.124807 0.005187
0.18581 -0.250577 0.04193 0.185976 0.180532
0.215308 -0.148647 0.035437 0.188034 0.289899
0.215308 -0.148647 0.035437 0.188034 0.289899
0.297705 -0.056951 0.085299 -0.155291 -0.0554
0.31624 -0.006104 0.100675 -0.282114 -0.309165
0.288434 -0.00279 0.110754 -0.316453 -0.371246
0.239037 -0.107837 0.065184 -0.250272 -0.189679
0.251885 -0.059061 0.074167 -0.212914 -0.267276
0.251885 -0.059061 0.074167 -0.212914 -0.267276
0.144837 -0.217795 -0.030086 -0.037084 0.086549
0.144837 -0.217795 -0.030086 -0.037084 0.086549
0.116716 -0.241981 -0.049212 -0.036106 0.118081
0.137925 -0.230287 -0.031676 -0.229616 -0.095378
0.17125 -0.248111 -0.006534 -0.054077 0.034256
0.276351 -0.122636 0.065048 -0.198976 -0.184574
0.276351 -0.122636 0.065048 -0.198976 -0.184574
0.276351 -0.122636 0.065048 -0.198976 -0.184574
0.276351 -0.122636 0.065048 -0.198976 -0.184574
0.246217 -0.166061 0.028942 -0.227174 -0.142315
0.246217 -0.166061 0.028942 -0.227174 -0.142315
0.246217 -0.166061 0.028942 -0.227174 -0.142315
0.246217 -0.166061 0.028942 -0.227174 -0.142315
0.246217 -0.166061 0.028942 -0.227174 -0.142315
0.302465 -0.072625 0.072325 -0.280389 -0.215464
0.230583 -0.187743 0.013644 -0.173353 -0.066408
0.230731 -0.201096 0.033661 -0.09817 -0.084002
0.199802 -0.175466 0.001802 -0.185309 -0.044808
0.089321 -0.281856 -0.049336 -0.067258 0.14352
0.202533 -0.213616 0.047862 0.107238 0.082192
0.202533 -0.213616 0.047862 0.107238 0.082192
0.199797 -0.245385 -0.002433 -0.180579 0.01178
0.245873 -0.243657 0.034435 -0.117704 -0.02367
0.240252 -0.154562 0.003925 -0.320097 -0.004757
0.240252 -0.154562 0.003925 -0.320097 -0.004757
0.240252 -0.154562 0.003925 -0.320097 -0.004757
0.240252 -0.154562 0.003925 -0.320097 -0.004757
0.240252 -0.154562 0.003925 -0.320097 -0.004757
0.154745 -0.304866 -0.025227 -0.128086 0.052144
0.154745 -0.304866 -0.025227 -0.128086 0.052144
0.154745 -0.304866 -0.025227 -0.128086 0.052144
0.139873 -0.282657 -0.061491 -0.195254 0.073485
0.130257 -0.34064 -0.090287 -0.177249 0.162549
0.130257 -0.34064 -0.090287 -0.177249 0.162549
0.098308 -0.305711 -0.021128 -0.194566 -0.125787
0.098308 -0.305711 -0.021128 -0.194566 -0.125787
0.08822 -0.306269 -0.034142 -0.250381 -0.104325
0.08822 -0.306269 -0.034142 -0.250381 -0.104325
0.08822 -0.306269 -0.034142 -0.250381 -0.104325
0.08822 -0.306269 -0.034142 -0.250381 -0.104325
0.145796 -0.249523 0.014861 -0.171036 -0.162087
0.147455 -0.224046 0.026397 -0.072851 -0.096552
0.180162 -0.180263 0.029766 0.041502 0.040388
0.180162 -0.180263 0.029766 0.041502 0.040388
0.224497 -0.157667 0.048109 0.033343 0.133157
0.224497 -0.157667 0.048109 0.033343 0.133157
0.178652 -0.114363 -0.026507 -0.238103 0.091799
0.178652 -0.114363 -0.026507 -0.238103 0.091799
0.184631 -0.152795 0.052496 0.1421 0.200813
0.241702 -0.052002 0.052778 -0.220066 -0.1139
0.195463 -0.106694 -0.03225 -0.221479 0.114437
0.248575 -0.039201 0.115645 0.110323 0.116994
0.248575 -0.039201 0.115645 0.110323 0.116994
0.247992 -0.035393 0.128061 0.009857 -0.124333
0.285015 -0.031748 0.113378 -0.237657 -0.254221
0.285015 -0.031748 0.113378 -0.237657 -0.254221
0.185223 -0.142257 0.039287 -0.248918 -0.170189
0.185223 -0.142257 0.039287 -0.248918 -0.170189
0.124898 -0.185489 -0.015664 -0.149424 0.040052
0.202631 -0.082345 0.007161 -0.277181 -0.09969
0.202631 -0.082345 0.007161 -0.277181 -0.09969
0.25951 -0.107061 0.088407 -0.136316 -0.225846
0.168626 -0.269378 0.02508 -0.159101 -0.158584
0.189851 -0.218946 -0.019817 -0.356369 -0.114278
0.079166 -0.393489 -0.099155 -0.185568 0.176605
0.079166 -0.393489 -0.099155 -0.185568 0.176605
0.079166 -0.393489 -0.099155 -0.185568 0.176605
0.105022 -0.374781 -0.035987 -0.069048 0.067506
0.105022 -0.374781 -0.035987 -0.069048 0.067506
0.224923 -0.129752 0.03898 -0.096271 0.070512
0.169407 -0.150466 0.017796 0.004076 0.088878
0.169407 -0.150466 0.017796 0.004076 0.088878
0.163368 -0.167662 -0.018494 0.100391 0.283544
0.125312 -0.315256 -0.060176 -0.016984 0.26431
0.125312 -0.315256 -0.060176 -0.016984 0.26431
0.125312 -0.315256 -0.060176 -0.016984 0.26431
0.196013 -0.247022 0.02852 0.098631 0.186289
0.282355 -0.082553 0.075773 -0.129856 -0.160704
0.019977 -0.314845 -0.108464 -0.436107 -0.065059
0.066256 -0.313758 -0.057307 -0.334343 -0.078718
0.066256 -0.313758 -0.057307 -0.334343 -0.078718
0.066256 -0.313758 -0.057307 -0.334343 -0.078718
-0.011644 -0.446271 -0.114305 -0.073905 0.262192
-0.002721 -0.415109 -0.117814 -0.197826 0.045054
0.053814 -0.32317 -0.15517 -0.652999 0.114175
0.053814 -0.32317 -0.15517 -0.652999 0.114175
0.053814 -0.32317 -0.15517 -0.652999 0.114175
0.053814 -0.32317 -0.15517 -0.652999 0.114175
0.053814 -0.32317 -0.15517 -0.652999 0.114175
0.053814 -0.32317 -0.15517 -0.652999 0.114175
0.053814 -0.32317 -0.15517 -0.652999 0.114175
0.053814 -0.32317 -0.15517 -0.652999 0.114175
0.053814 -0.32317 -0.15517 -0.652999 0.114175
0.053814 -0.32317 -0.15517 -0.652999 0.114175
0.053814 -0.32317 -0.15517 -0.652999 0.114175
0.053814 -0.32317 -0.15517 -0.652999 0.114175
0.053814 -0.32317 -0.15517 -0.652999 0.114175
0.053814 -0.32317 -0.15517 -0.652999 0.114175
0.053814 -0.32317 -0.15517 -0.652999 0.114175
0.053814 -0.32317 -0.15517 -0.652999 0.114175
0.053814 -0.32317 -0.15517 -0.652999 0.114175
0.185158 -0.088895 -0.002303 -0.24656 0.000107
0.155732 -0.151886 -0.023696 -0.21934 -0.03026
0.226935 -0.007563 0.061762 -0.083588 -0.006634
0.139558 -0.126682 0.002324 0.041253 0.229999
0.139558 -0.126682 0.002324 0.041253 0.229999
0.139558 -0.126682 0.002324 0.041253 0.229999
0.223261 -0.135951 0.054746 -0.321515 -0.256149
0.223261 -0.135951 0.054746 -0.321515 -0.256149
0.20073 -0.221832 -0.014887 -0.35213 -0.082972
0.231773 -0.089713 0.076827 -0.314167 -0.400024
0.231773 -0.089713 0.076827 -0.314167 -0.400024
0.209769 -0.119398 0.082532 -0.187015 -0.399171
0.209769 -0.119398 0.082532 -0.187015 -0.399171
0.162946 -0.207657 -0.02838 -0.292286 -0.085655
0.108515 -0.352522 -0.083881 -0.128853 0.148992
0.108515 -0.352522 -0.083881 -0.128853 0.148992
0.108515 -0.352522 -0.083881 -0.128853 0.148992
0.108515 -0.352522 -0.083881 -0.128853 0.148992
0.131916 -0.355296 -0.102993 -0.271831 0.073403
0.107101 -0.315278 -0.067842 0.028113 0.370354
0.107101 -0.315278 -0.067842 0.028113 0.370354
0.14739 -0.31724 -0.09215 -0.273831 0.20646
0.179292 -0.166949 0.050507 0.243102 0.174541
0.179292 -0.166949 0.050507 0.243102 0.174541
0.137595 -0.250661 -0.021222 -0.019292 0.095226
0.246798 -0.132821 0.100781 -0.158676 -0.264501
0.192825 -0.167148 0.079608 0.285077 0.308364
0.155053 -0.244667 0.066815 0.316394 0.328033
0.155053 -0.244667 0.066815 0.316394 0.328033
0.148639 -0.276869 0.006974 -0.132104 -0.021284
0.176066 -0.270898 0.099753 0.011016 -0.160279
0.227917 -0.095042 0.123359 0.12794 0.106958
0.298409 -0.047606 0.069889 -0.415545 -0.24908
0.298409 -0.047606 0.069889 -0.415545 -0.24908
0.298409 -0.047606 0.069889 -0.415545 -0.24908
0.305222 0.033183 0.132007 -0.448849 -0.430187
0.305222 0.033183 0.132007 -0.448849 -0.430187
0.305222 0.033183 0.132007 -0.448849 -0.430187
0.283093 -0.018779 0.138867 -0.216436 -0.346111
0.303027 -0.039108 0.196161 0.275395 0.044195
0.303027 -0.039108 0.196161 0.275395 0.044195
0.199502 -0.15773 0.030026 -0.134448 -0.02247
0.199502 -0.15773 0.030026 -0.134448 -0.02247
0.129896 -0.221262 -0.010623 0.01332 0.218013
0.129896 -0.221262 -0.010623 0.01332 0.218013
0.171497 -0.225547 0.056494 0.036281 -0.07114
0.133485 -0.293102 -0.027136 -0.032909 0.114216
0.133485 -0.293102 -0.027136 -0.032909 0.114216
0.065424 -0.320776 -0.066934 -0.33353 -0.036413
0.065424 -0.320776 -0.066934 -0.33353 -0.036413
0.189881 -0.174245 0.016912 -0.387238 -0.213565
0.189881 -0.174245 0.016912 -0.387238 -0.213565
0.189881 -0.174245 0.016912 -0.387238 -0.213565
0.107234 -0.176363 -0.025615 -0.155198 -0.002513
0.04273 -0.157359 -0.01411 0.105593 0.150099
0.031264 -0.204532 -0.06155 -0.024971 0.195995
0.082749 -0.129894 -0.011187 0.038257 0.17035
0.136739 -0.091066 0.00266 0.201416 0.323787
0.248954 -0.041382 0.094936 0.345493 0.311592
0.09197 -0.206297 -0.080546 -0.291839 0.090219
0.129378 -0.200578 -0.063946 -0.269251 0.049854
0.129378 -0.200578 -0.063946 -0.269251 0.049854
0.275221 -0.077691 0.094801 -0.066587 -0.026461
0.246983 -0.008601 0.148249 0.202116 0.075369
0.234778 -0.0898 0.10397 -0.029202 -0.027357
0.159615 -0.067228 0.037992 -0.141121 -0.065502
0.204424 -0.098773 0.042563 -0.306521 -0.270952
0.204424 -0.098773 0.042563 -0.306521 -0.270952
0.204424 -0.098773 0.042563 -0.306521 -0.270952
0.139065 -0.177289 0.01247 -0.465531 -0.368191
0.139065 -0.177289 0.01247 -0.465531 -0.368191
0.139065 -0.177289 0.01247 -0.465531 -0.368191
0.139065 -0.177289 0.01247 -0.465531 -0.368191
0.139065 -0.177289 0.01247 -0.465531 -0.368191
0.139065 -0.177289 0.01247 -0.465531 -0.368191
0.139065 -0.177289 0.01247 -0.465531 -0.368191
0.139065 -0.177289 0.01247 -0.465531 -0.368191
0.139065 -0.177289 0.01247 -0.465531 -0.368191
0.139065 -0.177289 0.01247 -0.465531 -0.368191
0.139065 -0.177289 0.01247 -0.465531 -0.368191
0.139065 -0.177289 0.01247 -0.465531 -0.368191
0.187382 -0.065521 0.059302 -0.428955 -0.411342
0.187382 -0.065521 0.059302 -0.428955 -0.411342
0.177754 -0.135828 0.028773 -0.185118 -0.104285
0.147593 -0.27815 -0.05523 -0.125962 0.122602
0.147593 -0.27815 -0.05523 -0.125962 0.122602
0.23162 -0.21189 -0.014513 -0.40656 -0.120587
0.23162 -0.21189 -0.014513 -0.40656 -0.120587
0.23162 -0.21189 -0.014513 -0.40656 -0.120587
0.244377 -0.125455 0.068309 -0.072089 0.017102
0.234315 -0.022948 0.11883 0.079629 0.020826
0.2018 -0.055798 0.043849 0.210652 0.296539
0.244995 -0.058101 0.058843 0.19774 0.318119
0.244995 -0.058101 0.058843 0.19774 0.318119
0.244995 -0.058101 0.058843 0.19774 0.318119
0.244995 -0.058101 0.058843 0.19774 0.318119
0.244995 -0.058101 0.058843 0.19774 0.318119
0.278696 -0.039427 0.103204 0.139591 0.09409
0.306781 -0.142377 0.068784 -0.102023 -0.094824
0.272966 -0.13263 0.044571 -0.428925 -0.415509
0.272966 -0.13263 0.044571 -0.428925 -0.415509
0.272966 -0.13263 0.044571 -0.428925 -0.415509
0.272966 -0.13263 0.044571 -0.428925 -0.415509
0.272966 -0.13263 0.044571 -0.428925 -0.415509
0.155815 -0.20864 0.015909 0.064129 0.10063
0.185346 -0.216763 0.03148 0.05882 0.04461
0.185346 -0.216763 0.03148 0.05882 0.04461
0.110181 -0.248315 -0.075925 -0.325724 -0.047472
0.110181 -0.248315 -0.075925 -0.325724 -0.047472
0.113198 -0.177501 -0.073218 -0.314671 0.095896
0.113198 -0.177501 -0.073218 -0.314671 0.095896
0.083245 -0.255624 -0.090934 -0.220165 0.249964
0.182262 -0.231076 0.101478 0.500892 0.298052
0.182262 -0.231076 0.101478 0.500892 0.298052
0.188836 -0.063069 0.139997 0.19567 -0.017524
0.188836 -0.063069 0.139997 0.19567 -0.017524
0.080613 -0.254991 -0.001004 -0.055517 0.108953
0.06491 -0.310537 -0.035028 0.027589 0.173577
0.194194 -0.093554 0.081273 0.255894 0.219551
0.17421 -0.137017 0.004087 -0.0156 0.123205
0.203714 -0.126469 0.062105 0.310338 0.289544
0.203714 -0.126469 0.062105 0.310338 0.289544
0.203714 -0.126469 0.062105 0.310338 0.289544
0.20473 -0.148159 0.045178 0.217136 0.209112
0.13302 -0.207147 -0.055516 0.006969 0.307656
0.110281 -0.25051 -0.061492 0.108215 0.365155
0.110281 -0.25051 -0.061492 0.108215 0.365155
0.110281 -0.25051 -0.061492 0.108215 0.365155
0.102217 -0.230163 -0.066684 0.088749 0.428535
0.102217 -0.230163 -0.066684 0.088749 0.428535
0.055853 -0.293982 -0.100248 0.077076 0.382943
0.055853 -0.293982 -0.100248 0.077076 0.382943
0.120225 -0.224092 -0.036541 0.013884 0.251913
0.062747 -0.391854 -0.112372 -0.301117 0.123025
0.062747 -0.391854 -0.112372 -0.301117 0.123025
0.1624 -0.289918 -0.08341 -0.183139 0.26754
0.289433 -0.088867 0.079521 0.146952 0.16794
0.18233 -0.251741 0.030307 0.010656 0.091911
0.251984 -0.039266 0.111884 -0.120697 -0.2182
0.18558 -0.127982 0.049643 -0.141566 -0.146632
0.18558 -0.127982 0.049643 -0.141566 -0.146632
0.197825 -0.180176 0.050527 -0.074731 -0.100644
0.197825 -0.180176 0.050527 -0.074731 -0.100644
0.242255 -0.064989 0.088846 0.256209 0.218469
0.222036 -0.048641 0.099079 0.116556 -0.01641
0.226291 -0.105588 0.113462 0.013167 -0.15706
0.195584 -0.11534 0.051474 -0.15902 -0.150718
0.195584 -0.11534 0.051474 -0.15902 -0.150718
0.101353 -0.263209 -0.038628 -0.096026 0.126508
0.119791 -0.266336 -0.021868 -0.10167 -0.016063
0.153131 -0.215596 0.031915 -0.105556 -0.077073
0.201264 -0.163541 0.034866 0.09551 0.09636
0.147188 -0.232286 -0.004135 0.048198 0.072321
0.142481 -0.144839 -0.004344 -0.0072 0.096
0.15912 -0.122767 -0.012413 -0.289754 -0.109733
0.17077 -0.185959 0.018848 -0.021872 0.089077
0.249547 -0.174089 0.096321 0.160891 0.055306
0.249547 -0.174089 0.096321 0.160891 0.055306
0.168135 -0.187429 0.039378 -0.067596 -0.050047
0.168135 -0.187429 0.039378 -0.067596 -0.050047
0.245596 -0.126136 0.0512 -0.27612 -0.178763
0.245596 -0.126136 0.0512 -0.27612 -0.178763
0.178026 -0.204347 -0.013135 -0.126802 0.116891
0.178026 -0.204347 -0.013135 -0.126802 0.116891
0.178026 -0.204347 -0.013135 -0.126802 0.116891
0.198 -0.135664 0.062706 -0.137984 -0.23016
0.061634 -0.214661 -0.048346 -0.059422 0.177615
0.145091 -0.195986 -0.049697 -0.045923 0.251087
0.228745 -0.1952 0.037259 -0.024749 0.02522
0.192622 -0.098998 0.028231 -0.34397 -0.129082
0.192622 -0.098998 0.028231 -0.34397 -0.129082
0.316066 0.043427 0.150498 -0.382511 -0.410349
0.155361 -0.279541 -0.060519 -0.613532 -0.309747
0.102006 -0.303093 -0.120316 -0.567907 -0.102344
0.102006 -0.303093 -0.120316 -0.567907 -0.102344
0.102006 -0.303093 -0.120316 -0.567907 -0.102344
0.102006 -0.303093 -0.120316 -0.567907 -0.102344
0.102006 -0.303093 -0.120316 -0.567907 -0.102344
0.102006 -0.303093 -0.120316 -0.567907 -0.102344
0.102006 -0.303093 -0.120316 -0.567907 -0.102344
0.102006 -0.303093 -0.120316 -0.567907 -0.102344
0.178506 -0.223924 -0.042715 -0.345303 -0.031391
0.117015 -0.28223 -0.035869 -0.081919 0.108968
0.11921 -0.255861 0.001102 -0.312041 -0.18541
0.118722 -0.230835 -0.001801 -0.002212 0.052453
0.054682 -0.252499 -0.049499 0.189531 0.245342
0.054682 -0.252499 -0.049499 0.189531 0.245342
0.087427 -0.065016 0.064549 0.084666 -0.005059
0.087427 -0.065016 0.064549 0.084666 -0.005059
0.195428 0.029911 0.142131 0.12114 -0.120142
0.158132 -0.140655 0.042323 0.015987 -0.138398
0.097095 -0.238699 -0.04223 -0.154178 -0.013115
0.174902 -0.181589 0.00817 -0.080892 -0.026151
0.256469 -0.024279 0.136856 -0.00101 -0.266976
0.256469 -0.024279 0.136856 -0.00101 -0.266976
0.138993 -0.247649 -0.005142 -0.105528 -0.091061
0.195812 -0.10585 0.068536 0.07187 -0.015347
0.241847 -0.106567 0.100281 0.264008 0.079494
0.287744 -0.005881 0.12402 -0.174023 -0.222271
0.232101 -0.057819 0.036411 -0.413598 -0.182066
0.236049 -0.048033 0.115416 0.085703 0.053066
0.159916 -0.132021 0.045618 0.139939 0.109615
0.159916 -0.132021 0.045618 0.139939 0.109615
0.268264 -0.01393 0.119986 0.122289 -0.073152
0.269716 -0.087653 0.107343 -0.125692 -0.233232
0.269716 -0.087653 0.107343 -0.125692 -0.233232
0.269716 -0.087653 0.107343 -0.125692 -0.233232
0.269716 -0.087653 0.107343 -0.125692 -0.233232
0.269716 -0.087653 0.107343 -0.125692 -0.233232
0.158225 -0.278037 0.041091 0.001634 -0.117434
0.104441 -0.211408 -0.026121 -0.15406 -0.021592
0.275469 -0.109487 0.162205 -0.081863 -0.288813
0.312573 -0.061402 0.168333 0.034856 -0.264899
0.312573 -0.061402 0.168333 0.034856 -0.264899
0.420741 0.001657 0.197553 -0.10907 -0.318077
0.395609 0.059643 0.194896 -0.319101 -0.495024
0.395609 0.059643 0.194896 -0.319101 -0.495024
0.395609 0.059643 0.194896 -0.319101 -0.495024
0.252719 -0.12185 0.073803 -0.377812 -0.300906
0.147004 -0.169559 0.057322 0.090805 0.092136
0.15138 -0.275865 -0.003377 0.308626 0.408604
0.136813 -0.318704 -0.030115 -0.004222 0.19315
0.189733 -0.134861 0.064967 0.055828 -0.053808
0.189733 -0.134861 0.064967 0.055828 -0.053808
0.281043 0.001064 0.177973 -0.0116 -0.242294
0.281043 0.001064 0.177973 -0.0116 -0.242294
0.281043 0.001064 0.177973 -0.0116 -0.242294
0.281043 0.001064 0.177973 -0.0116 -0.242294
0.281043 0.001064 0.177973 -0.0116 -0.242294
0.187189 -0.112488 0.041421 -0.133596 -0.042792
0.200325 -0.11577 0.094209 0.140364 0.084301
0.248964 -0.083788 0.085004 -0.064178 -0.013067
0.17898 -0.118759 0.030176 -0.007099 0.12456
0.257643 -0.16955 0.086815 0.22472 0.123003
0.219778 -0.182625 0.060216 0.164246 0.21177
0.122231 -0.289827 -0.005541 0.226957 0.312848
0.14669 -0.199416 0.014642 0.155932 0.29106
0.14669 -0.199416 0.014642 0.155932 0.29106
0.134789 -0.206065 -0.010524 -0.016201 0.169981
0.093177 -0.299277 -0.066002 -0.233576 0.055767
0.093177 -0.299277 -0.066002 -0.233576 0.055767
0.267484 -0.099321 0.083466 -0.042606 -0.054711
0.202299 -0.151848 0.004323 -0.130697 -0.040287
0.15607 -0.189153 -0.039933 -0.289608 -0.113509
0.247202 -0.145462 0.089952 -0.268985 -0.394775
0.247202 -0.145462 0.089952 -0.268985 -0.394775
0.247202 -0.145462 0.089952 -0.268985 -0.394775
0.186726 -0.176915 0.021638 -0.425811 -0.325444
0.104913 -0.319587 -0.068935 -0.206413 0.069388
0.069521 -0.39707 -0.122743 0.046399 0.527318
0.175447 -0.073406 -0.025218 -0.421131 -0.102832
0.163744 -0.10296 -0.002035 -0.260666 -0.043528
0.209592 -0.165841 0.046529 0.059676 0.054974
0.209592 -0.165841 0.046529 0.059676 0.054974
0.162105 -0.153735 0.042632 0.182869 0.178863
0.251441 -0.088362 0.040437 -0.047203 0.059417
0.251441 -0.088362 0.040437 -0.047203 0.059417
0.251441 -0.088362 0.040437 -0.047203 0.059417
0.187443 -0.255967 -0.009914 0.049571 0.20957
0.257702 -0.043424 0.070846 -0.08292 -0.058808
0.275244 -0.131984 0.096859 0.073272 0.01812
0.126633 -0.221496 -0.042407 -0.014852 0.158251
0.126633 -0.221496 -0.042407 -0.014852 0.158251
-0.048383 -0.445179 -0.152118 -0.008795 0.343176
-0.048383 -0.445179 -0.152118 -0.008795 0.343176
-0.048383 -0.445179 -0.152118 -0.008795 0.343176
-0.048383 -0.445179 -0.152118 -0.008795 0.343176
0.064002 -0.359057 -0.058641 -0.035785 0.17291
0.188087 -0.156293 0.043273 0.038561 0.120943
0.215663 -0.104418 0.05433 -0.294156 -0.174725
0.257288 -0.046576 0.073724 -0.288857 -0.144885
0.197884 -0.132493 0.046395 -0.248858 -0.093012
0.291024 0.003502 0.115088 -0.078558 -0.133409
0.20286 -0.092321 0.044049 -0.098948 0.008144
0.156361 -0.156571 0.006088 -0.205508 -0.115434
0.165988 -0.131239 0.017485 -0.380361 -0.322598
0.165988 -0.131239 0.017485 -0.380361 -0.322598
0.155759 -0.228374 -0.014038 -0.361417 -0.236762
0.154517 -0.19682 0.017817 -0.187334 -0.097092
0.122212 -0.234126 -0.033122 -0.021473 0.141111
0.175492 -0.184971 0.018839 0.008216 0.090818
0.224512 -0.105733 0.066533 0.085256 0.054543
0.265796 -0.020274 0.154231 0.184908 -0.052809
0.199207 -0.118393 0.032925 0.028478 -0.038321
0.199207 -0.118393 0.032925 0.028478 -0.038321
0.231539 -0.200167 0.00011 -0.109574 0.045076
0.167005 -0.293782 -0.067041 -0.126576 0.194124
0.13209 -0.315523 -0.054819 0.036969 0.252277
0.13209 -0.315523 -0.054819 0.036969 0.252277
0.119566 -0.226631 0.024674 0.198937 0.035985
0.176157 -0.173601 0.042641 -0.252615 -0.290748
0.164472 -0.317847 -0.037683 -0.349799 -0.139638
0.035572 -0.267031 -0.053346 0.002882 0.1715
0.00141 -0.363745 -0.109911 -0.214881 0.084003
0.071327 -0.420588 -0.070368 -0.179593 0.031243
0.298424 -0.102517 0.117059 -0.166802 -0.228049
0.267612 -0.21644 -0.011239 -0.426428 -0.072379
0.267612 -0.21644 -0.011239 -0.426428 -0.072379
0.262458 -0.21355 0.054806 -0.265483 -0.186744
0.262458 -0.21355 0.054806 -0.265483 -0.186744
0.159112 -0.298315 -0.037635 -0.301892 -0.011319
0.159112 -0.298315 -0.037635 -0.301892 -0.011319
0.231358 -0.131451 0.029676 -0.223992 0.041695
0.271378 -0.027541 0.093316 -0.142892 -0.00941
0.271378 -0.027541 0.093316 -0.142892 -0.00941
0.271378 -0.027541 0.093316 -0.142892 -0.00941
0.425934 0.040069 0.176725 -0.112952 -0.197896
0.425934 0.040069 0.176725 -0.112952 -0.197896
0.425934 0.040069 0.176725 -0.112952 -0.197896
0.347435 -0.001961 0.044084 -0.242212 -0.033778
0.315784 0.044756 0.075099 0.052411 0.170057
0.313318 0.121147 0.131479 0.040339 0.016037
0.21543 -0.178081 0.043491 0.155347 0.185124
0.21543 -0.178081 0.043491 0.155347 0.185124
0.237111 -0.16775 0.040325 -0.01894 0.12314
0.237111 -0.16775 0.040325 -0.01894 0.12314
0.164441 -0.171856 0.014997 0.142442 0.265476
0.164441 -0.171856 0.014997 0.142442 0.265476
0.165641 -0.187871 0.006573 0.099454 0.24292
0.165641 -0.187871 0.006573 0.099454 0.24292
0.179337 -0.233664 0.058611 0.450061 0.4317
0.179337 -0.233664 0.058611 0.450061 0.4317
0.157735 -0.297565 0.017555 0.159226 0.265515
0.157735 -0.297565 0.017555 0.159226 0.265515
0.157735 -0.297565 0.017555 0.159226 0.265515
0.239587 -0.21082 0.09018 0.150278 0.067155
0.207197 -0.186665 0.057628 -0.070034 -0.131123
0.110581 -0.298083 -0.074445 0.099993 0.370081
0.110581 -0.298083 -0.074445 0.099993 0.370081
0.110581 -0.298083 -0.074445 0.099993 0.370081
0.062412 -0.315302 -0.088087 -0.036283 0.233357
0.093837 -0.205593 0.028043 0.130859 0.08409
0.074374 -0.302681 -0.04791 0.112757 0.165382
0.087224 -0.318557 -0.023689 0.173506 0.228978
0.00704 -0.378793 -0.067712 0.269865 0.463396
0.211532 -0.31628 0.035853 0.151001 0.15128
0.211532 -0.31628 0.035853 0.151001 0.15128
0.251441 -0.231803 -0.032046 -0.108309 0.177549
0.251441 -0.231803 -0.032046 -0.108309 0.177549
0.251441 -0.231803 -0.032046 -0.108309 0.177549
0.186063 -0.284078 -0.076997 -0.265081 0.098939
0.182156 -0.285571 -0.047344 -0.335806 -0.10124
0.182156 -0.285571 -0.047344 -0.335806 -0.10124
0.182156 -0.285571 -0.047344 -0.335806 -0.10124
0.182156 -0.285571 -0.047344 -0.335806 -0.10124
0.182156 -0.285571 -0.047344 -0.335806 -0.10124
0.182156 -0.285571 -0.047344 -0.335806 -0.10124
0.182156 -0.285571 -0.047344 -0.335806 -0.10124
0.207015 -0.199284 -0.010515 -0.340327 -0.125791
0.207015 -0.199284 -0.010515 -0.340327 -0.125791
0.207015 -0.199284 -0.010515 -0.340327 -0.125791
0.24946 -0.134046 0.00042 -0.355296 -0.173182
0.24946 -0.134046 0.00042 -0.355296 -0.173182
0.16397 -0.269483 0.011979 -0.091197 -0.005049
0.16397 -0.269483 0.011979 -0.091197 -0.005049
0.16397 -0.269483 0.011979 -0.091197 -0.005049
0.166939 -0.251099 0.033559 -0.273704 -0.257439
0.213595 -0.194954 0.022574 0.127068 0.198436
0.213595 -0.194954 0.022574 0.127068 0.198436
0.199812 -0.192615 0.019689 -0.153652 -0.00605
0.199812 -0.192615 0.019689 -0.153652 -0.00605
0.185889 -0.299428 0.018497 -0.077101 0.037692
0.268589 -0.149533 0.10154 0.122661 0.045901
0.268589 -0.149533 0.10154 0.122661 0.045901
0.190145 -0.151064 -0.007725 -0.273 0.020637
0.149157 -0.134285 -0.002766 -0.074325 0.154702
0.170606 -0.08447 0.057211 0.096761 0.083465
0.050275 -0.260855 -0.075049 -0.179217 0.059681
-0.00066 -0.285532 -0.101427 -0.213014 -0.012944
0.119393 -0.298448 0.002511 0.319604 0.294161
0.122672 -0.27805 0.012275 0.218794 0.200019
0.122672 -0.27805 0.012275 0.218794 0.200019
0.122672 -0.27805 0.012275 0.218794 0.200019
0.122672 -0.27805 0.012275 0.218794 0.200019
0.12076 -0.30968 -0.040402 0.07245 0.266432
0.12076 -0.30968 -0.040402 0.07245 0.266432
0.11499 -0.249151 -0.006654 0.186824 0.306472
0.140462 -0.247647 -0.010016 0.056309 0.052012
0.205201 -0.253437 0.027423 -0.140747 -0.120042
0.200131 -0.187169 0.028193 -0.193911 -0.044865
0.057022 -0.30483 -0.075505 -0.118993 0.223767
0.06469 -0.167715 -0.042353 -0.180756 0.077033
0.065914 -0.213941 -0.055301 -0.472242 -0.177069
0.065914 -0.213941 -0.055301 -0.472242 -0.177069
0.179294 -0.122683 0.036881 -0.128753 0.028146
0.183339 -0.073435 -0.007555 -0.503334 -0.22988
0.183339 -0.073435 -0.007555 -0.503334 -0.22988
0.205841 -0.052676 0.039189 -0.509584 -0.370696
0.150885 -0.163319 -0.012815 -0.381546 -0.18483
0.150885 -0.163319 -0.012815 -0.381546 -0.18483
0.16843 -0.292578 -0.0024 -0.010477 0.169498
0.165103 -0.302228 -0.024601 -0.144131 0.116535
0.067655 -0.450608 -0.104222 -0.284489 0.147514
0.092173 -0.378438 -0.060394 -0.209746 0.050706
0.222213 -0.225533 0.010665 -0.267396 -0.066432
0.155611 -0.306572 -0.06026 -0.300968 -0.010867
0.209181 -0.289699 -0.02044 -0.158546 -0.018068
0.134975 -0.274092 9.7e-05 0.147427 0.176226
0.149771 -0.237912 0.008855 -0.069575 -0.011621
0.227286 -0.171431 0.006544 -0.133634 0.093348
0.227286 -0.171431 0.006544 -0.133634 0.093348
0.19388 -0.193484 0.014577 -0.307148 -0.130255
0.085088 -0.33802 -0.071853 -0.018259 0.156144
0.080445 -0.310875 -0.044529 -0.112973 -0.063056
0.080445 -0.310875 -0.044529 -0.112973 -0.063056
0.121093 -0.330874 -0.014552 -0.217514 -0.138082
0.174128 -0.13121 0.110633 0.148476 -0.026809
0.14544 -0.220937 0.104568 0.110856 -0.153802
0.159405 -0.149385 0.115871 0.046064 -0.231573
0.164723 -0.150523 0.082688 -0.06398 -0.150369
0.10757 -0.224506 -0.007607 -0.219348 -0.05884
0.184305 -0.223469 0.06661 0.109967 -0.006862
0.184305 -0.223469 0.06661 0.109967 -0.006862
0.184305 -0.223469 0.06661 0.109967 -0.006862
0.184305 -0.223469 0.06661 0.109967 -0.006862
0.192173 -0.14903 0.08687 0.31023 0.150878
0.143888 -0.132394 0.122222 0.368674 0.090486
0.143888 -0.132394 0.122222 0.368674 0.090486
0.283733 -0.078735 0.136749 -0.008529 -0.120975
0.26632 -0.107316 0.125783 -0.001975 -0.127091
0.26632 -0.107316 0.125783 -0.001975 -0.127091
0.26632 -0.107316 0.125783 -0.001975 -0.127091
0.286809 -0.047861 0.094175 -0.070286 -0.075459
0.286809 -0.047861 0.094175 -0.070286 -0.075459
0.253451 -0.056593 0.080298 0.041451 0.018092
0.27583 -0.113057 0.069345 -0.048214 -0.087048
0.264943 -0.123371 0.000517 -0.201025 0.068183
0.264943 -0.123371 0.000517 -0.201025 0.068183
0.24082 -0.191934 -0.013096 -0.152519 0.119547
0.149306 -0.277071 -0.047217 -0.12882 0.090942
0.149306 -0.277071 -0.047217 -0.12882 0.090942
0.149306 -0.277071 -0.047217 -0.12882 0.090942
0.182619 -0.228323 0.017011 0.006662 0.122938
0.250114 -0.170587 0.016231 -0.302883 -0.105485
0.250114 -0.170587 0.016231 -0.302883 -0.105485
0.250114 -0.170587 0.016231 -0.302883 -0.105485
0.237291 -0.194839 -0.016897 -0.540682 -0.22315
0.233738 -0.141067 0.041181 0.045808 0.116132
0.233738 -0.141067 0.041181 0.045808 0.116132
0.159126 -0.251008 -0.047423 -0.23804 0.050507
0.159126 -0.251008 -0.047423 -0.23804 0.050507
0.159126 -0.251008 -0.047423 -0.23804 0.050507
0.237584 -0.193391 0.005603 -0.154471 -0.001061
0.1195 -0.318607 -0.098642 -0.25004 0.084375
0.137103 -0.246385 -0.078996 -0.128742 0.193211
0.139215 -0.208457 -0.035849 -0.03604 0.225338
0.194954 -0.123823 0.009009 -0.274759 -0.046494
0.194954 -0.123823 0.009009 -0.274759 -0.046494
0.194954 -0.123823 0.009009 -0.274759 -0.046494
0.222085 -0.16361 0.010452 -0.055172 0.079465
0.130603 -0.222622 -0.001246 0.041493 0.067865
0.159449 -0.164384 -0.009412 0.053137 0.241087
0.159449 -0.164384 -0.009412 0.053137 0.241087
0.159449 -0.164384 -0.009412 0.053137 0.241087
0.159449 -0.164384 -0.009412 0.053137 0.241087
0.159449 -0.164384 -0.009412 0.053137 0.241087
0.192544 -0.092792 0.035229 0.003036 0.121607
0.192544 -0.092792 0.035229 0.003036 0.121607
0.267215 -0.006427 0.085738 -0.223859 -0.139058
0.102228 -0.314067 -0.068858 -0.178882 0.178821
0.104433 -0.268064 -0.021027 0.079083 0.198863
0.139208 -0.33457 -0.035762 -0.073458 0.096506
0.177885 -0.230442 -0.017874 -0.519816 -0.279929
0.177885 -0.230442 -0.017874 -0.519816 -0.279929
0.177885 -0.230442 -0.017874 -0.519816 -0.279929
0.177885 -0.230442 -0.017874 -0.519816 -0.279929
0.177885 -0.230442 -0.017874 -0.519816 -0.279929
0.177885 -0.230442 -0.017874 -0.519816 -0.279929
0.177885 -0.230442 -0.017874 -0.519816 -0.279929
0.177885 -0.230442 -0.017874 -0.519816 -0.279929
0.151342 -0.211613 -0.02007 -0.534496 -0.29257
0.151342 -0.211613 -0.02007 -0.534496 -0.29257
0.185335 -0.162862 0.051298 -0.068351 -0.129854
0.141802 -0.197589 0.015822 0.023168 0.029459
0.141802 -0.197589 0.015822 0.023168 0.029459
0.141802 -0.197589 0.015822 0.023168 0.029459
0.113814 -0.344759 -0.087724 -0.166143 0.113581
0.113814 -0.344759 -0.087724 -0.166143 0.113581
0.113814 -0.344759 -0.087724 -0.166143 0.113581
0.113999 -0.271874 0.023924 0.137105 0.048866
0.086114 -0.336172 -0.039489 -0.242134 -0.112957
0.086454 -0.316559 -0.050789 -0.284518 -0.108772
0.149896 -0.176669 0.001283 -0.27877 -0.205934
0.149896 -0.176669 0.001283 -0.27877 -0.205934
0.115079 -0.288897 0.015236 0.047081 0.131807
0.176252 -0.173778 0.0368 -0.034841 0.08872
0.27766 -0.020614 0.116038 -0.009678 0.014871
0.204897 -0.07699 0.100343 0.260947 0.185881
0.204897 -0.07699 0.100343 0.260947 0.185881
0.204897 -0.07699 0.100343 0.260947 0.185881
0.204897 -0.07699 0.100343 0.260947 0.185881
0.204897 -0.07699 0.100343 0.260947 0.185881
0.204897 -0.07699 0.100343 0.260947 0.185881
0.163228 -0.117157 0.049786 0.126683 0.187548
0.151115 -0.1465 0.022288 0.096996 0.158908
0.151115 -0.1465 0.022288 0.096996 0.158908
0.151115 -0.1465 0.022288 0.096996 0.158908
0.132987 -0.094788 0.013878 0.14677 0.304397
0.057862 -0.216645 -0.012354 -0.186564 -0.105702
0.057862 -0.216645 -0.012354 -0.186564 -0.105702
0.095693 -0.19513 -0.015199 -0.387499 -0.22422
0.130967 -0.19579 -0.003875 -0.45177 -0.24932
0.043267 -0.280225 -0.055825 -0.205219 0.037279
-0.009542 -0.325986 -0.100394 0.091486 0.381275
0.119522 -0.145234 -0.021693 -0.290846 -0.085099
0.150339 -0.127233 -0.011456 -0.328195 -0.121109
0.190447 -0.186677 -0.01316 -0.355379 -0.124008
0.190447 -0.186677 -0.01316 -0.355379 -0.124008
0.190447 -0.186677 -0.01316 -0.355379 -0.124008
0.124647 -0.217954 -0.041983 -0.270939 0.079779
0.124647 -0.217954 -0.041983 -0.270939 0.079779
0.124647 -0.217954 -0.041983 -0.270939 0.079779
0.159831 -0.139394 0.012879 -0.305959 -0.087979
0.159831 -0.139394 0.012879 -0.305959 -0.087979
0.209411 -0.023972 0.059553 -0.238109 -0.068692
0.173815 -0.154316 -0.009714 -0.093799 0.261049
0.120132 -0.187051 -0.077124 -0.412826 0.085148
0.103059 -0.247694 -0.059913 -0.284241 0.115935
0.21664 -0.123831 0.022764 -0.301243 -0.051148
0.200178 -0.08461 0.064785 0.307301 0.376822
0.200178 -0.08461 0.064785 0.307301 0.376822
0.200178 -0.08461 0.064785 0.307301 0.376822
0.200178 -0.08461 0.064785 0.307301 0.376822
0.200178 -0.08461 0.064785 0.307301 0.376822
0.240707 -0.007348 0.139622 0.297602 0.20226
0.240707 -0.007348 0.139622 0.297602 0.20226
0.088896 -0.204483 -0.074366 -0.211652 0.126759
0.078518 -0.237428 -0.092351 -0.314482 0.095397
0.143956 -0.227232 -0.095367 -0.534901 0.005815
0.104522 -0.31212 -0.069512 -0.014237 0.268403
0.062344 -0.31834 -0.065062 -0.144196 0.101602
0.079864 -0.321561 -0.022945 0.039737 0.044866
0.193263 -0.190476 0.016424 -0.156092 -0.035655
0.195746 -0.184364 0.049506 -0.001268 -0.007675
0.287153 -0.05047 0.118236 -0.009526 -0.061525
0.287153 -0.05047 0.118236 -0.009526 -0.061525
0.240756 -0.094563 0.103354 -0.003128 -0.183518
0.100998 -0.313365 -0.030151 0.001071 0.081034
0.100998 -0.313365 -0.030151 0.001071 0.081034
0.100998 -0.313365 -0.030151 0.001071 0.081034
0.291164 -0.084766 0.146104 -0.072365 -0.26498
0.291164 -0.084766 0.146104 -0.072365 -0.26498
0.320302 -0.024266 0.15124 -0.120864 -0.285762
0.252244 -0.069537 0.051207 -0.110276 0.02794
0.286508 -0.041179 0.091992 -0.046613 -0.008539
0.199235 -0.243608 -0.013149 0.089014 0.262431
0.25197 -0.003442 0.039794 -0.146876 0.037296
0.055061 -0.264518 -0.146997 -0.477385 0.107838
0.055061 -0.264518 -0.146997 -0.477385 0.107838
0.205733 -0.10378 0.088211 0.193819 0.151132
0.24303 -0.019396 0.151285 0.355932 0.209971
0.27152 -0.161427 0.089715 0.294291 0.178345
0.216955 -0.225776 0.008537 0.111508 0.267559
0.215266 -0.148934 0.021492 -0.143706 0.012473
0.215266 -0.148934 0.021492 -0.143706 0.012473
0.150929 -0.235743 -0.006074 0.095852 0.202509
0.150929 -0.235743 -0.006074 0.095852 0.202509
0.150929 -0.235743 -0.006074 0.095852 0.202509
0.194225 -0.090084 0.075845 -0.057485 -0.181705
0.156517 -0.153042 0.059888 -0.038292 -0.121476
0.162064 -0.216222 -0.011381 0.008281 0.209412
0.162064 -0.216222 -0.011381 0.008281 0.209412
0.186262 -0.172233 0.004454 -0.136124 0.065439
0.234539 -0.12021 0.038352 0.067457 0.069299
0.234539 -0.12021 0.038352 0.067457 0.069299
0.170894 -0.117484 0.029291 -0.346805 -0.325256
0.23639 -0.085529 0.10246 -1.1e-05 -0.169161
0.253267 -0.030305 0.145204 -0.085779 -0.30047
0.203371 -0.019999 0.055406 -0.432688 -0.33128
0.203371 -0.019999 0.055406 -0.432688 -0.33128
0.203371 -0.019999 0.055406 -0.432688 -0.33128
0.203371 -0.019999 0.055406 -0.432688 -0.33128
0.203371 -0.019999 0.055406 -0.432688 -0.33128
0.203371 -0.019999 0.055406 -0.432688 -0.33128
0.203371 -0.019999 0.055406 -0.432688 -0.33128
0.203371 -0.019999 0.055406 -0.432688 -0.33128
0.203371 -0.019999 0.055406 -0.432688 -0.33128
0.203371 -0.019999 0.055406 -0.432688 -0.33128
0.203371 -0.019999 0.055406 -0.432688 -0.33128
0.203371 -0.019999 0.055406 -0.432688 -0.33128
0.246214 -0.0287 0.077793 -0.24405 -0.212514
0.122361 -0.126283 -0.057219 -0.17143 0.144151
0.039925 -0.230912 -0.058341 0.061466 0.274441
0.119331 -0.283097 -0.098459 -0.003162 0.367354
0.16892 -0.195452 -0.044945 -0.011922 0.261467
0.226237 -0.189874 0.054222 -0.06112 -0.14998
0.226237 -0.189874 0.054222 -0.06112 -0.14998
0.226237 -0.189874 0.054222 -0.06112 -0.14998
0.226237 -0.189874 0.054222 -0.06112 -0.14998
0.072707 -0.248021 -0.038358 -0.037522 0.170301
0.09367 -0.312471 -0.061777 0.006098 0.193463
0.008296 -0.332881 -0.125568 -0.287203 0.121796
0.008296 -0.332881 -0.125568 -0.287203 0.121796
0.265671 -0.156871 0.059146 -0.057724 -0.056774
0.265441 -0.149441 0.116428 0.116217 -0.107791
0.241384 -0.196278 0.087513 0.227857 0.027371
0.241384 -0.196278 0.087513 0.227857 0.027371
0.146391 -0.215537 0.038965 0.005756 -0.154969
0.049668 -0.183722 -0.087893 -0.364669 -0.050047
-0.044625 -0.277765 -0.168274 -0.295121 0.232686
-0.054046 -0.267887 -0.138977 -0.176692 0.17025
0.023862 -0.225681 -0.138405 -0.216785 0.270845
0.054497 -0.16329 -0.10686 -0.296774 0.167746
0.026633 -0.22406 -0.089545 -0.007825 0.302916
-0.037591 -0.349443 -0.139824 -0.01331 0.387847
0.277264 -0.0988 0.108072 0.192993 0.12379
0.262111 -0.065074 0.081236 -0.120196 -0.126204
0.203151 -0.094348 0.012328 -0.131453 0.07853
0.158983 -0.180187 -0.069179 -0.191122 0.18993
0.098643 -0.182684 -0.049679 -0.167239 0.048684
0.212513 -0.21206 0.002537 -0.095206 0.018339
0.213429 -0.130906 0.010727 -0.068736 0.067674
0.213429 -0.130906 0.010727 -0.068736 0.067674
0.126801 -0.230918 -0.04464 -0.17994 0.070005
0.109424 -0.258147 -0.041143 -0.038022 0.205278
0.210175 -0.198649 0.045546 0.127906 0.0848
0.161728 -0.268454 -0.068557 0.001504 0.311357
0.219352 -0.171128 0.009236 -0.094456 0.015936
0.170259 -0.278905 -0.042883 -0.143464 0.125718
0.170259 -0.278905 -0.042883 -0.143464 0.125718
0.149094 -0.284037 -0.067128 -0.241782 0.040915
0.149094 -0.284037 -0.067128 -0.241782 0.040915
0.149094 -0.284037 -0.067128 -0.241782 0.040915
0.170537 -0.217672 -0.00984 -0.249244 -0.108523
0.170537 -0.217672 -0.00984 -0.249244 -0.108523
0.216732 -0.192128 0.027175 0.05724 0.033431
0.117622 -0.2346 -0.103069 -0.124029 0.351803
0.117622 -0.2346 -0.103069 -0.124029 0.351803
0.117622 -0.2346 -0.103069 -0.124029 0.351803
0.117622 -0.2346 -0.103069 -0.124029 0.351803
0.090903 -0.245978 -0.100809 -0.043782 0.297332
0.090903 -0.245978 -0.100809 -0.043782 0.297332
0.090903 -0.245978 -0.100809 -0.043782 0.297332
0.161023 -0.19385 -0.045881 -0.449824 -0.088856
0.161023 -0.19385 -0.045881 -0.449824 -0.088856
0.190315 -0.188537 -0.027843 -0.404926 -0.044242
0.189656 -0.169487 -0.012297 -0.334467 -0.058365
0.189656 -0.169487 -0.012297 -0.334467 -0.058365
0.189656 -0.169487 -0.012297 -0.334467 -0.058365
0.265052 -0.107253 0.032635 -0.405372 -0.246038
0.23845 -0.074075 0.048681 -0.202488 -0.114292
0.23845 -0.074075 0.048681 -0.202488 -0.114292
0.161813 -0.187206 -0.002703 0.040674 0.149053
0.159406 -0.208443 -0.054583 -0.11893 0.251347
0.121231 -0.225772 -0.023045 0.099118 0.23754
0.143012 -0.190663 -0.003104 0.065485 0.137431
0.208286 -0.176516 0.090634 0.128728 -0.046336
0.184973 -0.239321 0.030315 0.114065 0.14841
0.184973 -0.239321 0.030315 0.114065 0.14841
0.178918 -0.137234 0.021053 -0.020537 0.111337
0.178918 -0.137234 0.021053 -0.020537 0.111337
0.178918 -0.137234 0.021053 -0.020537 0.111337
0.178918 -0.137234 0.021053 -0.020537 0.111337
0.14506 -0.12506 0.010276 -0.150404 -0.03827
0.050815 -0.286523 -0.042082 -0.073987 0.065127
0.069868 -0.240916 -0.01397 0.081303 0.109801
0.080576 -0.212154 -0.046629 -0.086585 0.096642
0.308851 0.004074 0.091264 0.016091 0.091183
0.181536 -0.111971 -0.0198 0.037906 0.317876
0.041983 -0.379779 -0.148274 -0.165175 0.260111
0.070188 -0.329235 -0.029823 -0.067196 0.048869
0.279857 -0.165097 0.100458 0.064264 -0.018404
0.240022 -0.020003 0.12664 0.061201 -0.08712
0.217036 -0.251332 0.003931 -0.131358 0.077696
0.221773 -0.1858 0.031805 0.118724 0.218353
0.221773 -0.1858 0.031805 0.118724 0.218353
0.221773 -0.1858 0.031805 0.118724 0.218353
0.221773 -0.1858 0.031805 0.118724 0.218353
0.163438 -0.337204 -0.03001 0.015301 0.19148
0.285021 -0.17265 0.056793 -0.099326 -0.004561
0.177097 -0.303414 -0.020878 -0.054479 -0.026579
0.175427 -0.160726 0.059253 0.048557 -0.102946
0.175427 -0.160726 0.059253 0.048557 -0.102946
0.089867 -0.086098 -0.044121 -0.241012 0.034279
0.033513 -0.195072 -0.093326 -0.232822 0.006849
0.229359 -0.113469 0.053449 -0.247915 -0.087913
0.229359 -0.113469 0.053449 -0.247915 -0.087913
0.20155 -0.133371 0.045741 -0.225385 -0.094509
0.20155 -0.133371 0.045741 -0.225385 -0.094509
0.1503 -0.097305 -0.007965 -0.121914 0.172139
0.269344 -0.034178 0.163212 -0.046699 -0.286532
0.269344 -0.034178 0.163212 -0.046699 -0.286532
0.235558 -0.127004 0.081064 -0.325438 -0.35854
0.235558 -0.127004 0.081064 -0.325438 -0.35854
0.235558 -0.127004 0.081064 -0.325438 -0.35854
0.274231 -0.095414 0.038684 -0.529527 -0.345337
0.274231 -0.095414 0.038684 -0.529527 -0.345337
0.274231 -0.095414 0.038684 -0.529527 -0.345337
0.274231 -0.095414 0.038684 -0.529527 -0.345337
0.274231 -0.095414 0.038684 -0.529527 -0.345337
0.274231 -0.095414 0.038684 -0.529527 -0.345337
0.274231 -0.095414 0.038684 -0.529527 -0.345337
0.224022 -0.188954 0.046823 -0.288709 -0.254034
0.224022 -0.188954 0.046823 -0.288709 -0.254034
0.224022 -0.188954 0.046823 -0.288709 -0.254034
0.224022 -0.188954 0.046823 -0.288709 -0.254034
0.216461 -0.222872 0.015113 -0.238746 -0.086412
0.162507 -0.178826 -0.041388 -0.208048 0.099873
0.162507 -0.178826 -0.041388 -0.208048 0.099873
0.162507 -0.178826 -0.041388 -0.208048 0.099873
0.162507 -0.178826 -0.041388 -0.208048 0.099873
0.162507 -0.178826 -0.041388 -0.208048 0.099873
0.117694 -0.312528 -0.065213 -0.116387 0.112038
0.117694 -0.312528 -0.065213 -0.116387 0.112038
0.145658 -0.263521 -0.032735 -0.1277 -0.009012
0.145658 -0.263521 -0.032735 -0.1277 -0.009012
0.226919 -0.201278 0.006743 -0.247632 -0.110745
0.226919 -0.201278 0.006743 -0.247632 -0.110745
0.152233 -0.319944 -0.051178 -0.07082 0.142857
0.129426 -0.296137 -0.105476 -0.449773 -0.016112
0.129426 -0.296137 -0.105476 -0.449773 -0.016112
0.168197 -0.238827 -0.05293 -0.230221 0.052194
0.168197 -0.238827 -0.05293 -0.230221 0.052194
0.246191 -0.083478 0.10954 -0.086932 -0.091587
0.239943 -0.055779 0.156515 0.335683 0.130052
0.239943 -0.055779 0.156515 0.335683 0.130052
0.170979 -0.213533 0.048058 0.128075 0.111502
0.255798 -0.006121 0.134047 -0.050823 -0.132878
0.166142 -0.093222 0.020411 0.043442 0.125936
0.166142 -0.093222 0.020411 0.043442 0.125936
0.096881 -0.238256 -0.129464 -0.498352 0.002065
0.13255 -0.334436 -0.094992 -0.348709 0.10736
0.19735 -0.248963 -0.020874 -0.128619 0.105559
0.155759 -0.336088 -0.09089 -0.283917 0.170859
0.155759 -0.336088 -0.09089 -0.283917 0.170859
0.176043 -0.234216 0.006566 -0.207119 0.044012
0.176043 -0.234216 0.006566 -0.207119 0.044012
0.164951 -0.211388 -0.039505 -0.429621 -0.089928
0.164951 -0.211388 -0.039505 -0.429621 -0.089928
0.120381 -0.195177 0.015025 -0.117432 0.010048
0.140208 -0.229583 -0.003387 -0.03203 0.126214
0.122597 -0.176719 0.026995 0.085376 0.03196
0.135851 -0.21167 0.028058 0.111161 0.050321
0.135851 -0.21167 0.028058 0.111161 0.050321
0.183201 -0.175547 0.023639 0.012051 0.009458
0.075659 -0.353451 -0.087589 -0.185474 0.055229
0.075659 -0.353451 -0.087589 -0.185474 0.055229
0.155006 -0.281667 0.027154 0.048397 0.084529
0.254102 -0.088942 0.078206 -0.090938 -0.140455
0.248144 -0.136202 0.107679 0.196288 -0.030252
0.114905 -0.256353 -0.044727 -0.135663 0.048235
0.174005 -0.172194 -0.025692 -0.175914 0.082726
0.224298 -0.131988 0.049459 -0.261252 -0.228757
0.224298 -0.131988 0.049459 -0.261252 -0.228757
0.226842 -0.122361 0.03395 -0.150869 -0.070305
0.138116 -0.267388 -0.007405 -0.187663 -0.065778
0.138116 -0.267388 -0.007405 -0.187663 -0.065778
0.11354 -0.329872 0.017648 0.008619 0.008354
0.21593 -0.132761 0.059382 -0.218774 -0.236812
0.21593 -0.132761 0.059382 -0.218774 -0.236812
0.192364 -0.185629 0.010414 -0.082012 0.072335
0.192364 -0.185629 0.010414 -0.082012 0.072335
0.141265 -0.104351 -0.036504 -0.237564 0.051339
0.167856 -0.11229 0.002269 -0.087907 0.206763
0.085097 -0.166894 -0.031216 -0.022794 0.271933
0.12631 -0.125844 0.067769 0.193764 0.23475
0.12631 -0.125844 0.067769 0.193764 0.23475
0.166419 -0.065817 -0.003634 -0.286199 0.045098
0.244408 -0.042683 0.06266 -0.139604 -0.052333
0.182159 -0.116399 0.043194 -0.033142 -0.05553
0.182159 -0.116399 0.043194 -0.033142 -0.05553
0.182159 -0.116399 0.043194 -0.033142 -0.05553
0.182159 -0.116399 0.043194 -0.033142 -0.05553
0.192687 -0.143303 0.024118 -0.275729 -0.117913
0.203826 -0.139303 0.054941 -0.143923 -0.070329
0.220829 -0.150734 0.018317 -0.021502 0.169268
0.219801 -0.151494 0.058755 0.138932 0.239827
0.219801 -0.151494 0.058755 0.138932 0.239827
0.274647 -0.03981 0.097883 -0.111445 -0.145331
0.246588 -0.107905 0.056831 -0.176335 -0.157905
0.147558 -0.144773 0.018249 0.123184 0.1329
0.147558 -0.144773 0.018249 0.123184 0.1329
0.147558 -0.144773 0.018249 0.123184 0.1329
0.173717 -0.194478 0.045186 0.119082 0.035161
0.173717 -0.194478 0.045186 0.119082 0.035161
0.220395 -0.142379 0.079207 0.008982 -0.129321
0.245837 -0.065001 0.049955 -0.279066 -0.160161
0.168541 -0.073176 0.038889 -0.222229 -0.1548
0.193077 -0.153115 0.035979 -0.047323 0.034966
0.169562 -0.160758 -0.01372 -0.211639 0.049053
0.176937 -0.158036 -0.018069 -0.341967 -0.102531
0.146755 -0.149208 -0.026903 -0.10609 0.023411
0.16416 -0.292847 0.037905 -0.08032 -0.028771
0.268771 -0.093667 0.040554 -0.144483 0.048754
0.05417 -0.258585 -0.065638 -0.182104 0.072886
0.097113 -0.209422 -0.02946 0.098501 0.291303
0.162818 -0.191898 0.029157 0.142128 0.22374
0.162818 -0.191898 0.029157 0.142128 0.22374
0.273441 -0.047142 0.129217 0.146905 0.095777
0.273441 -0.047142 0.129217 0.146905 0.095777
0.192299 -0.201097 0.059982 0.103704 0.148341
0.214685 -0.116269 0.069286 -0.056128 -0.066109
0.161124 -0.20334 -0.035372 -0.253453 0.009394
0.178791 -0.137673 0.043202 -0.005663 0.014463
0.209241 -0.190947 0.041293 -0.084328 -0.105313
0.209241 -0.190947 0.041293 -0.084328 -0.105313
0.209241 -0.190947 0.041293 -0.084328 -0.105313
0.140904 -0.260535 -0.03772 -0.433259 -0.144545
0.150664 -0.208435 -0.016535 -0.48694 -0.284088
0.192338 -0.117746 -0.000236 -0.40326 -0.207139
0.179869 -0.155056 0.035939 -0.139832 -0.176685
0.152047 -0.176745 -0.004535 -0.292082 -0.135074
0.152047 -0.176745 -0.004535 -0.292082 -0.135074
0.152047 -0.176745 -0.004535 -0.292082 -0.135074
0.146068 -0.215243 -0.009453 -0.187642 -0.03558
0.146068 -0.215243 -0.009453 -0.187642 -0.03558
0.180679 -0.200458 -0.022892 -0.186924 0.072271
0.19112 -0.208512 -0.018491 -0.142601 0.089194
0.19112 -0.208512 -0.018491 -0.142601 0.089194
0.120383 -0.25486 -0.061265 -0.163164 0.094391
0.159829 -0.199727 -0.023717 -0.196861 -0.012187
0.159829 -0.199727 -0.023717 -0.196861 -0.012187
0.159829 -0.199727 -0.023717 -0.196861 -0.012187
0.216923 -0.160423 0.063072 0.098746 0.147418
0.162367 -0.126605 -0.009493 -0.115267 0.136161
0.17547 -0.191108 -0.005402 0.033406 0.241843
0.17547 -0.191108 -0.005402 0.033406 0.241843
0.074499 -0.306266 -0.120294 -0.179122 0.268591
0.071801 -0.230008 -0.14026 -0.571846 0.006535
0.071801 -0.230008 -0.14026 -0.571846 0.006535
0.106415 -0.196315 -0.068696 -0.314068 -0.028702
0.145664 -0.146233 -0.062474 -0.337511 -0.009269
0.180804 -0.170487 0.002453 -0.03745 0.053753
0.123963 -0.326999 0.018196 0.273828 0.207335
0.163553 -0.284047 0.047417 0.324729 0.333414
0.022853 -0.267684 -0.147814 -0.170631 0.377672
0.101563 -0.181867 0.032549 -0.243205 -0.275759
0.101563 -0.181867 0.032549 -0.243205 -0.275759
0.157131 -0.165896 0.071104 -0.023211 -0.174826
0.157131 -0.165896 0.071104 -0.023211 -0.174826
0.23105 -0.129461 0.084484 -0.038595 -0.096466
0.175329 -0.214756 0.002179 -0.098318 0.062736
0.180956 -0.202139 0.035266 -0.05683 0.075807
0.092214 -0.303608 -0.058907 -0.160143 0.069353
0.152691 -0.192825 0.023764 -0.164535 -0.071525
0.140699 -0.176859 0.031273 -0.309425 -0.164446
0.159079 -0.12875 0.049582 -0.252995 -0.172721
0.248364 -0.060428 0.14328 0.017039 -0.234732
0.265103 -0.087809 0.116601 -0.022489 -0.228731
0.196122 -0.122336 0.070006 -0.239657 -0.29004
0.171411 -0.226227 -0.033784 -0.309891 0.004208
0.212711 -0.124822 0.039747 -0.299344 -0.169704
0.188986 -0.218018 0.060692 -0.051912 -0.079898
0.250075 -0.058658 0.148311 0.205872 0.003011
0.234745 -0.085019 0.116781 0.217078 0.082666
0.221082 -0.11118 0.091263 0.129124 0.079127
0.183386 -0.158409 0.03394 -0.00189 0.139784
0.169894 -0.127682 0.008836 -0.031597 0.158484
0.1961 -0.062192 0.097584 0.051697 -0.044342
0.201888 -0.130651 0.087487 0.099657 -0.033409
0.200404 -0.125177 0.08565 0.032744 -0.072734
0.139883 -0.14597 0.013985 0.018381 0.058509
0.020013 -0.326259 -0.126121 -0.142329 0.122322
0.017759 -0.357216 -0.097006 -0.100913 0.074915
0.115298 -0.213832 -0.035966 -0.276923 -0.15726
0.115298 -0.213832 -0.035966 -0.276923 -0.15726
0.115298 -0.213832 -0.035966 -0.276923 -0.15726
0.164458 -0.192161 -0.006482 -0.199365 -0.021434
0.164458 -0.192161 -0.006482 -0.199365 -0.021434
0.164458 -0.192161 -0.006482 -0.199365 -0.021434
0.225557 -0.106306 0.060484 -0.140383 -0.118669
0.21027 -0.169133 0.068359 -0.089034 -0.157185
0.136251 -0.256345 -0.042948 0.028882 0.271408
0.185013 -0.164814 0.046752 -0.096941 -0.066257
0.18703 -0.149117 0.012959 -0.108508 0.012175
0.103607 -0.269573 -0.121267 -0.428015 0.149601
0.105748 -0.218024 -0.071375 -0.394862 -0.008198
0.078929 -0.228084 -0.091842 -0.351098 0.051526
0.104891 -0.180147 0.021033 0.071622 0.11974
0.104891 -0.180147 0.021033 0.071622 0.11974
0.140821 -0.144228 0.073995 0.17714 0.045426
0.154275 -0.153702 0.060875 0.230907 0.149395
0.233332 -0.134806 0.089662 0.093929 -0.049453
0.162201 -0.183001 0.020665 0.041127 0.024274
0.191054 -0.193113 0.029371 0.085921 0.046684
0.274921 -0.079916 0.081017 -0.181673 -0.179064
0.274921 -0.079916 0.081017 -0.181673 -0.179064
0.274921 -0.079916 0.081017 -0.181673 -0.179064
0.206991 -0.154458 0.003991 -0.225307 -0.053448
0.206991 -0.154458 0.003991 -0.225307 -0.053448
0.248005 -0.037327 0.086072 -0.240052 -0.230135
0.248005 -0.037327 0.086072 -0.240052 -0.230135
0.199116 -0.166766 -0.022183 -0.349056 -0.084419
0.219544 -0.168114 -0.032571 -0.378028 -0.068954
0.19558 -0.189095 -0.051798 -0.355682 -0.020628
0.178528 -0.208035 0.014604 0.00243 0.007618
0.246765 -0.169779 0.080595 0.023881 -0.156381
0.31589 -0.04757 0.144451 -0.107362 -0.190598
0.31589 -0.04757 0.144451 -0.107362 -0.190598
0.290072 -0.126173 0.150701 0.295895 0.126518
0.290072 -0.126173 0.150701 0.295895 0.126518
0.290072 -0.126173 0.150701 0.295895 0.126518
0.290072 -0.126173 0.150701 0.295895 0.126518
0.290072 -0.126173 0.150701 0.295895 0.126518
0.290072 -0.126173 0.150701 0.295895 0.126518
0.270564 -0.093135 0.142062 0.424514 0.270223
0.270564 -0.093135 0.142062 0.424514 0.270223
0.154211 -0.17992 -0.033944 -0.16742 0.141111
0.140741 -0.140507 -0.00849 -0.476002 -0.317729
0.140741 -0.140507 -0.00849 -0.476002 -0.317729
0.140741 -0.140507 -0.00849 -0.476002 -0.317729
0.189427 -0.12226 0.000995 -0.451705 -0.230691
0.189427 -0.12226 0.000995 -0.451705 -0.230691
0.189427 -0.12226 0.000995 -0.451705 -0.230691
0.189427 -0.12226 0.000995 -0.451705 -0.230691
0.210851 -0.199246 0.041095 -0.154569 -0.044109
0.203635 -0.155 0.025812 -0.086946 0.008793
0.248752 -0.156384 0.066684 0.090885 0.065111
0.250137 -0.118674 0.059592 0.041019 0.102256
0.213917 -0.097169 0.101887 0.09373 -0.006243
0.175225 -0.135527 0.071409 0.087332 0.094846
0.175225 -0.135527 0.071409 0.087332 0.094846
0.078502 -0.314498 -0.11001 -0.16558 0.230616
0.078502 -0.314498 -0.11001 -0.16558 0.230616
0.199563 -0.18005 -0.041788 -0.508061 -0.142372
0.199563 -0.18005 -0.041788 -0.508061 -0.142372
0.199563 -0.18005 -0.041788 -0.508061 -0.142372
0.19133 -0.262302 -0.030967 -0.365275 -0.035405
0.233488 -0.234948 0.033886 -0.247095 -0.110751
0.214581 -0.221116 0.050662 0.127097 0.140339
0.21446 -0.295179 -0.000867 -0.017284 0.237081
0.162626 -0.312018 -0.031635 0.088622 0.327246
0.162626 -0.312018 -0.031635 0.088622 0.327246
0.281703 -0.147333 0.051121 -0.14255 -0.136568
0.281703 -0.147333 0.051121 -0.14255 -0.136568
0.218121 -0.182115 -0.007417 -0.246871 -0.121935
0.05683 -0.382622 -0.113873 -0.190162 0.190917
0.243957 -0.028501 0.046091 -0.215488 -0.128416
0.275243 -0.047876 0.078397 -0.106143 -0.088502
0.257471 -0.005773 0.117386 -0.007528 -0.146789
0.22123 -0.148029 0.062386 -0.226415 -0.194403
0.22123 -0.148029 0.062386 -0.226415 -0.194403
0.22123 -0.148029 0.062386 -0.226415 -0.194403
0.073467 -0.169678 -0.012356 -0.170089 -0.09482
0.171395 -0.195486 0.024865 0.075539 0.164342
0.171395 -0.195486 0.024865 0.075539 0.164342
0.221312 -0.164075 0.061434 0.079606 0.141852
0.139646 -0.15024 0.002155 -0.195788 0.023509
0.047809 -0.344286 -0.065475 -0.124584 0.025493
-0.004449 -0.392572 -0.109476 -0.322184 -0.023859
0.091899 -0.243103 -0.004123 -0.142965 -0.09329
0.091899 -0.243103 -0.004123 -0.142965 -0.09329
0.133745 -0.303951 -0.039572 -0.072194 0.027511
0.110668 -0.304427 -0.055303 -0.324176 -0.135616
0.07436 -0.337752 -0.104555 -0.394613 0.008779
0.060036 -0.349743 -0.093297 -0.339244 0.006911
0.060036 -0.349743 -0.093297 -0.339244 0.006911
0.060036 -0.349743 -0.093297 -0.339244 0.006911
0.168639 -0.213192 -0.03508 -0.390554 -0.081099
0.168639 -0.213192 -0.03508 -0.390554 -0.081099
0.168639 -0.213192 -0.03508 -0.390554 -0.081099
0.168639 -0.213192 -0.03508 -0.390554 -0.081099
0.125065 -0.271452 -0.024833 -0.325035 -0.153157
0.130757 -0.245496 -0.022984 -0.437728 -0.230388
0.130757 -0.245496 -0.022984 -0.437728 -0.230388
0.180816 -0.148703 0.014032 -0.426523 -0.289954
0.180816 -0.148703 0.014032 -0.426523 -0.289954
0.180816 -0.148703 0.014032 -0.426523 -0.289954
0.180816 -0.148703 0.014032 -0.426523 -0.289954
0.180816 -0.148703 0.014032 -0.426523 -0.289954
0.180816 -0.148703 0.014032 -0.426523 -0.289954
0.132863 -0.200594 -0.059515 -0.335456 -0.042607
0.132863 -0.200594 -0.059515 -0.335456 -0.042607
0.140917 -0.26393 -0.07278 -0.144867 0.200301
0.157118 -0.166785 -0.052665 -0.09571 0.245815
0.157118 -0.166785 -0.052665 -0.09571 0.245815
0.157118 -0.166785 -0.052665 -0.09571 0.245815
0.157118 -0.166785 -0.052665 -0.09571 0.245815
0.157118 -0.166785 -0.052665 -0.09571 0.245815
0.157118 -0.166785 -0.052665 -0.09571 0.245815
0.105691 -0.18475 -0.029623 -0.044541 0.233238
0.105691 -0.18475 -0.029623 -0.044541 0.233238
0.130578 -0.190197 -0.035192 -0.151664 0.152458
0.203192 -0.179722 0.001348 -0.130335 0.088055
0.203192 -0.179722 0.001348 -0.130335 0.088055
0.203192 -0.179722 0.001348 -0.130335 0.088055
0.172755 -0.142952 -0.032954 -0.325447 -0.005624
0.172755 -0.142952 -0.032954 -0.325447 -0.005624
0.112702 -0.178084 -0.065708 -0.358602 -0.002511
0.156689 -0.189309 -0.023366 -0.280172 -0.079677
0.156689 -0.189309 -0.023366 -0.280172 -0.079677
0.041969 -0.247787 -0.106515 -0.102901 0.321815
0.039604 -0.251087 -0.052205 -0.019531 0.221696
0.196085 -0.097331 0.10571 0.10395 0.094098
0.196085 -0.097331 0.10571 0.10395 0.094098
0.262687 -0.014344 0.157472 0.045698 -0.060362
0.222656 0.016308 0.10018 -0.187183 -0.203648
0.231165 -0.210827 0.030854 -0.072706 0.010906
0.133904 -0.35614 -0.038628 0.11105 0.280113
0.039566 -0.351169 -0.089343 -0.08901 0.123556
0.039566 -0.351169 -0.089343 -0.08901 0.123556
0.142912 -0.232413 0.012152 0.00122 -0.007633
0.148493 -0.300107 0.038651 0.177411 0.049249
0.167528 -0.250914 0.077886 0.239419 0.076957
0.148117 -0.189327 0.046135 -0.002628 0.001259
0.181842 -0.133371 0.061287 -0.026093 -0.120977
0.181842 -0.133371 0.061287 -0.026093 -0.120977
0.199881 -0.11794 0.044269 -0.123055 -0.171734
0.155322 -0.206018 0.032092 0.229065 0.124616
0.155322 -0.206018 0.032092 0.229065 0.124616
0.050074 -0.229507 -0.122337 -0.58557 -0.22948
0.053304 -0.246645 -0.082498 -0.473754 -0.287701
0.164084 -0.0856 0.013346 -0.391255 -0.412486
0.133717 -0.172904 -0.009717 -0.375678 -0.334806
0.174331 -0.215221 -0.021203 -0.438263 -0.278943
0.174331 -0.215221 -0.021203 -0.438263 -0.278943
0.137098 -0.177335 0.003567 -0.257906 -0.158772
0.193173 -0.123427 -0.004895 -0.302769 -0.021102
0.222867 -0.101494 0.021078 -0.165274 0.098658
0.097478 -0.319549 -0.100741 -0.333454 0.061766
0.147313 -0.256897 -0.057377 -0.248076 0.081758
0.147313 -0.256897 -0.057377 -0.248076 0.081758
0.147313 -0.256897 -0.057377 -0.248076 0.081758
0.147313 -0.256897 -0.057377 -0.248076 0.081758
0.147313 -0.256897 -0.057377 -0.248076 0.081758
0.148442 -0.23054 -0.008558 -0.064636 0.097867
0.148442 -0.23054 -0.008558 -0.064636 0.097867
0.139609 -0.233897 -0.030686 0.021691 0.181453
0.076778 -0.206383 -0.053301 0.267219 0.447431
0.242621 -0.099831 0.089387 0.202479 -0.022183
0.263296 -0.095216 0.108412 0.074446 -0.110577
0.199075 -0.17497 0.001073 -0.165801 -0.073635
