-0.480155 0.16851 -0.814373 0.375219 -0.091105
0.126781 -0.182424 0.021408 -0.12142 0.066558
0.126781 -0.182424 0.021408 -0.12142 0.066558
0.131418 -0.138469 0.03063 -0.144276 -0.03888
0.076175 -0.302558 -0.018269 -0.256221 -0.07481
0.189595 -0.137211 0.011409 -0.414662 -0.161313
0.189595 -0.137211 0.011409 -0.414662 -0.161313
0.218965 -0.228417 -0.037338 -0.373969 -0.069051
0.218965 -0.228417 -0.037338 -0.373969 -0.069051
0.218965 -0.228417 -0.037338 -0.373969 -0.069051
0.240818 -0.188771 -0.013813 -0.198243 0.123013
0.265912 -0.124798 -0.014747 -0.469566 -0.105658
0.19869 -0.18195 -0.010737 -0.27803 0.041783
0.293151 -0.033894 0.1007 -0.009024 -0.009418
0.290561 0.005682 0.120342 0.123232 0.091352
0.290561 0.005682 0.120342 0.123232 0.091352
0.300097 0.00168 0.080778 -0.145484 -0.00161
0.270875 -0.079535 0.027789 -0.226876 -0.058507
0.310733 -0.068146 0.077963 -0.342949 -0.133663
0.310733 -0.068146 0.077963 -0.342949 -0.133663
0.310733 -0.068146 0.077963 -0.342949 -0.133663
0.254942 -0.201391 0.002167 -0.512725 -0.145652
0.270596 -0.209191 -0.001565 -0.039257 0.210411
0.277734 -0.215378 0.014311 -0.216367 -0.067928
0.280397 -0.156281 0.080675 0.101579 0.06634
0.155353 -0.263295 -0.015511 -0.200235 0.062904
0.128214 -0.322605 -0.078589 -0.296974 0.077491
0.062377 -0.365898 -0.143278 -0.317319 0.193608
0.117607 -0.225227 -0.04798 -0.282577 -0.068634
0.117607 -0.225227 -0.04798 -0.282577 -0.068634
0.214097 -0.119004 0.054456 -0.1038 -0.156841
0.161003 -0.118275 0.046394 -0.105146 -0.196186
0.198459 -0.127425 0.069503 -0.069494 -0.248924
0.105084 -0.282218 -0.045166 -0.14538 -0.062841
0.032566 -0.354152 -0.15477 -0.280306 0.247908
0.032566 -0.354152 -0.15477 -0.280306 0.247908
0.242557 -0.090282 0.07339 0.251755 0.27718
0.242557 -0.090282 0.07339 0.251755 0.27718
0.242557 -0.090282 0.07339 0.251755 0.27718
0.242557 -0.090282 0.07339 0.251755 0.27718
0.242557 -0.090282 0.07339 0.251755 0.27718
0.219217 -0.065408 0.058996 0.14626 0.264238
0.219217 -0.065408 0.058996 0.14626 0.264238
0.249808 -0.01551 0.072207 -0.337592 -0.236321
0.198716 -0.073202 0.052198 -0.22777 -0.111316
0.198716 -0.073202 0.052198 -0.22777 -0.111316
0.198716 -0.073202 0.052198 -0.22777 -0.111316
0.219152 -0.132106 -0.022966 -0.238645 0.085543
0.219152 -0.132106 -0.022966 -0.238645 0.085543
0.232663 -0.193966 -0.011607 -0.103602 0.144211
0.156991 -0.139102 -0.028647 -0.249706 -0.009621
0.156991 -0.139102 -0.028647 -0.249706 -0.009621
0.085088 -0.267609 -0.034874 -0.095988 0.030956
0.177252 -0.198687 0.009449 -0.042064 0.091881
0.107904 -0.30969 -0.068222 -0.064307 0.22748
0.131843 -0.204089 -0.038002 -0.320591 -0.045091
0.131843 -0.204089 -0.038002 -0.320591 -0.045091
0.131843 -0.204089 -0.038002 -0.320591 -0.045091
0.193208 -0.203047 0.011487 -0.303852 -0.122713
0.193208 -0.203047 0.011487 -0.303852 -0.122713
0.201674 -0.135036 0.043589 -0.20265 -0.15332
0.201674 -0.135036 0.043589 -0.20265 -0.15332
0.201674 -0.135036 0.043589 -0.20265 -0.15332
0.201674 -0.135036 0.043589 -0.20265 -0.15332
0.201674 -0.135036 0.043589 -0.20265 -0.15332
0.24668 -0.140415 0.032346 -0.176856 -0.059667
0.24668 -0.140415 0.032346 -0.176856 -0.059667
0.24668 -0.140415 0.032346 -0.176856 -0.059667
0.24668 -0.140415 0.032346 -0.176856 -0.059667
0.267318 -0.136738 0.069517 -0.126264 -0.16752
0.304382 -0.011676 0.14178 -0.247477 -0.434752
0.304382 -0.011676 0.14178 -0.247477 -0.434752
0.304382 -0.011676 0.14178 -0.247477 -0.434752
0.304382 -0.011676 0.14178 -0.247477 -0.434752
0.220902 -0.082585 0.129854 0.118651 -0.216483
0.1326 -0.120455 0.070597 0.007729 -0.219606
0.1326 -0.120455 0.070597 0.007729 -0.219606
-0.009447 -0.301593 -0.082613 -0.082466 0.028386
0.056901 -0.118505 -0.045503 -0.090198 0.130682
0.047907 -0.320423 -0.06343 -0.095915 0.024814
0.047907 -0.320423 -0.06343 -0.095915 0.024814
0.047907 -0.320423 -0.06343 -0.095915 0.024814
0.047907 -0.320423 -0.06343 -0.095915 0.024814
0.047606 -0.35441 -0.07599 -0.158516 0.02545
0.091026 -0.329547 -0.020827 -0.039758 0.038765
0.134066 -0.416505 -0.027715 -0.220482 -0.081425
0.047723 -0.487699 -0.133524 -0.345485 0.203153
0.047723 -0.487699 -0.133524 -0.345485 0.203153
0.038508 -0.467129 -0.106408 -0.170146 0.212944
0.007448 -0.516497 -0.105775 -0.106234 0.142068
-0.013573 -0.573141 -0.199417 -0.193402 0.334042
0.136726 -0.37582 -0.082452 -0.536682 -0.008489
0.041053 -0.344096 -0.07848 -0.218463 0.093366
0.104676 -0.306009 -0.039122 -0.019616 0.109478
0.173533 -0.210207 -0.020437 -0.273919 -0.064842
0.140331 -0.256631 0.008071 0.103155 0.18707
0.122643 -0.322584 -0.022156 -0.015151 0.103929
0.122643 -0.322584 -0.022156 -0.015151 0.103929
0.085728 -0.322941 -0.061778 0.081908 0.248349
0.084288 -0.331758 -0.059589 -0.116782 0.029453
0.109796 -0.312886 -0.053725 0.019667 0.214143
0.109796 -0.312886 -0.053725 0.019667 0.214143
0.202323 -0.259503 0.024136 0.016903 0.074403
0.157858 -0.202891 -0.020601 -0.306636 -0.027708
0.175269 -0.143917 0.040663 -0.22874 -0.109445
0.243345 -0.036439 0.125527 -0.007962 -0.098573
0.243345 -0.036439 0.125527 -0.007962 -0.098573
0.287002 -0.053709 0.139808 0.022041 -0.135441
0.287002 -0.053709 0.139808 0.022041 -0.135441
0.241141 -0.03069 0.155811 0.068603 -0.110086
0.101501 -0.212184 0.037256 0.126289 0.176046
0.238704 0.017991 0.082375 -0.056139 -0.015165
0.178753 -0.071796 -0.023597 -0.125692 0.161297
0.129711 -0.082145 0.064405 0.085588 -0.028391
0.026457 -0.270663 -0.068462 -0.163498 -0.020987
0.201109 -0.097789 0.071461 0.053621 -0.045666
0.149516 -0.261985 -0.028731 -0.13783 0.102195
0.119749 -0.321318 -0.075931 -0.273858 0.005648
0.119749 -0.321318 -0.075931 -0.273858 0.005648
0.300114 -0.064983 0.159918 0.276468 0.077581
0.077793 -0.253046 -0.046293 -0.007973 0.238003
0.1372 -0.202081 0.023663 -0.097532 -0.034068
0.211709 -0.171606 0.099789 0.008793 -0.209817
0.163357 -0.205054 0.009843 -0.2293 -0.111302
0.163357 -0.205054 0.009843 -0.2293 -0.111302
0.185257 -0.178584 0.018903 -0.029377 0.093541
0.148251 -0.176325 -0.001989 -0.057547 0.039172
0.104311 -0.237399 -0.038912 -0.034429 0.057333
0.2404 -0.214106 0.017994 -0.218474 -0.158507
0.2404 -0.214106 0.017994 -0.218474 -0.158507
0.236628 -0.183002 0.009229 -0.151808 0.008057
0.164968 -0.194592 -0.014071 -0.329259 -0.177017
0.164968 -0.194592 -0.014071 -0.329259 -0.177017
0.050555 -0.371907 -0.091141 -0.23797 0.024199
0.050555 -0.371907 -0.091141 -0.23797 0.024199
0.050555 -0.371907 -0.091141 -0.23797 0.024199
0.040646 -0.362322 -0.098819 -0.153432 0.121716
0.089703 -0.190541 0.014715 0.023473 -0.079531
0.267039 -0.096182 0.061507 -0.119351 -0.205896
0.197419 -0.145587 -0.038975 -0.300993 -0.058019
0.266195 -0.032016 0.073055 0.098677 0.013384
0.215635 -0.118047 0.04981 0.27038 0.215071
0.215635 -0.118047 0.04981 0.27038 0.215071
0.120945 -0.281542 -0.028167 -0.259719 -0.131906
0.120945 -0.281542 -0.028167 -0.259719 -0.131906
0.106067 -0.376006 -0.055016 -0.160705 -0.051451
-0.006408 -0.453543 -0.10328 0.165293 0.302966
0.018317 -0.35528 -0.077418 0.014255 0.162412
0.018317 -0.35528 -0.077418 0.014255 0.162412
0.018317 -0.35528 -0.077418 0.014255 0.162412
0.018317 -0.35528 -0.077418 0.014255 0.162412
-0.009459 -0.353761 -0.106566 -0.31926 -0.079176
-0.009459 -0.353761 -0.106566 -0.31926 -0.079176
-0.022188 -0.517306 -0.127355 0.030187 0.25477
0.005025 -0.52544 -0.086005 0.020857 0.089872
0.093004 -0.482621 -0.06076 0.152774 0.31968
0.148134 -0.337022 0.016848 0.140681 0.213382
0.063069 -0.319233 -0.064571 0.03857 0.356685
0.063069 -0.319233 -0.064571 0.03857 0.356685
0.125055 -0.133966 -0.033068 -0.309074 -0.007822
0.10973 -0.247104 0.023954 0.091755 -0.033903
0.141365 -0.273237 0.041979 -0.058742 -0.24955
0.162688 -0.178962 0.021938 -0.187948 -0.124088
0.262665 -0.038522 0.074746 -0.230535 -0.135112
0.262665 -0.038522 0.074746 -0.230535 -0.135112
0.262665 -0.038522 0.074746 -0.230535 -0.135112
0.262665 -0.038522 0.074746 -0.230535 -0.135112
0.102042 -0.238152 -0.069707 -0.448413 -0.048602
0.257608 -0.261707 -0.068411 -0.366405 0.069775
0.30241 -0.203517 -0.005121 -0.217907 0.08038
0.246348 -0.239226 -0.030536 -0.204905 0.147273
0.196952 -0.192927 -0.00643 0.090855 0.365287
0.196952 -0.192927 -0.00643 0.090855 0.365287
0.169516 -0.212568 -0.003424 0.348558 0.5689
0.212841 -0.09465 0.050338 0.144683 0.250103
0.212841 -0.09465 0.050338 0.144683 0.250103
0.212841 -0.09465 0.050338 0.144683 0.250103
0.170323 -0.168837 -0.0243 -0.137539 0.140801
0.170323 -0.168837 -0.0243 -0.137539 0.140801
0.182672 -0.153071 0.013043 0.026928 0.160243
0.103217 -0.278085 -0.029093 -0.008205 0.016859
0.093444 -0.322117 -0.127557 -0.119257 0.222642
0.170063 -0.259271 -0.001983 0.036615 0.047173
0.236512 -0.266336 0.027129 0.17713 0.170497
0.209804 -0.262527 -0.026424 -0.049076 0.163103
0.243503 -0.182698 0.014469 -0.018294 0.089764
0.213339 -0.25225 -0.064311 -0.078187 0.192023
0.267459 -0.103697 0.063324 -0.001402 -0.062276
0.267459 -0.103697 0.063324 -0.001402 -0.062276
0.204359 -0.236523 0.052629 0.081618 0.055684
0.18113 -0.292751 0.006953 -0.069552 -0.098191
0.12259 -0.347596 -0.003329 0.02191 -0.050823
0.198786 -0.293438 0.003943 -0.055125 -0.03305
0.139383 -0.350706 -0.015802 -0.066666 -0.04179
0.126138 -0.30555 -0.013721 -0.244848 -0.177781
0.109154 -0.337094 -0.060498 -0.272349 -0.109082
0.109154 -0.337094 -0.060498 -0.272349 -0.109082
0.109154 -0.337094 -0.060498 -0.272349 -0.109082
0.072923 -0.481852 -0.049795 -0.162002 -0.06704
0.089185 -0.442216 -0.056431 -0.232428 -0.08459
0.041684 -0.465763 -0.072343 -0.155129 0.056292
0.124073 -0.386463 -0.01395 -0.212442 -0.129608
0.124073 -0.386463 -0.01395 -0.212442 -0.129608
0.251951 -0.177368 0.041006 -0.353139 -0.24573
0.251951 -0.177368 0.041006 -0.353139 -0.24573
0.296831 0.001462 0.095674 -0.089878 -0.070726
0.233492 -0.006585 0.07516 -0.123034 -0.001665
0.208639 -0.034588 0.044042 -0.310932 -0.277494
0.178983 -0.064357 0.043835 -0.308662 -0.240842
0.2113 -0.10804 0.029782 -0.195038 -0.102288
0.2113 -0.10804 0.029782 -0.195038 -0.102288
0.2113 -0.10804 0.029782 -0.195038 -0.102288
0.157541 -0.207982 -0.016662 -0.248582 -0.039199
0.157541 -0.207982 -0.016662 -0.248582 -0.039199
0.101658 -0.23511 -0.057867 -0.25836 -0.009367
-0.004372 -0.350072 -0.132981 -0.08719 0.245281
0.126583 -0.227112 -0.001289 -0.012203 0.054257
0.143182 -0.213503 0.003131 0.111969 0.12496
0.143182 -0.213503 0.003131 0.111969 0.12496
0.143182 -0.213503 0.003131 0.111969 0.12496
0.190609 -0.114446 0.074715 0.185496 0.066063
0.127402 -0.256072 -0.011934 0.12906 0.241388
0.051161 -0.294657 -0.026832 0.116901 0.187631
0.23835 -0.135068 0.113385 0.049692 -0.074639
0.23835 -0.135068 0.113385 0.049692 -0.074639
0.180664 -0.026601 0.073705 -0.226971 -0.162123
0.214462 -0.065799 0.069963 0.066782 0.15017
0.214462 -0.065799 0.069963 0.066782 0.15017
0.153211 -0.201708 -0.00063 -0.241215 -0.030015
0.247905 -0.126351 0.084553 -0.068722 -0.088137
0.217872 -0.155105 0.021908 -0.108009 0.011337
0.197748 -0.059604 0.032529 -0.16733 0.019842
0.163626 -0.125507 0.018403 -0.083758 0.091638
0.196475 -0.098149 0.053158 -0.284861 -0.147904
0.142035 -0.193769 -0.015295 -0.171489 0.098392
0.142035 -0.193769 -0.015295 -0.171489 0.098392
0.177683 -0.116343 0.022753 -0.474314 -0.271705
0.177683 -0.116343 0.022753 -0.474314 -0.271705
0.177683 -0.116343 0.022753 -0.474314 -0.271705
0.106768 -0.158818 0.0068 -0.172895 -0.066121
0.118421 -0.245913 -0.01446 -0.079239 0.165043
0.092734 -0.228306 -0.021829 -0.089755 0.003478
0.214981 -0.069785 0.114776 0.036851 -0.080708
0.214981 -0.069785 0.114776 0.036851 -0.080708
0.26751 -0.007072 0.144197 -0.146623 -0.235336
0.233484 -0.079652 0.138863 0.188924 0.049263
0.165469 -0.15853 0.055867 -0.132414 -0.00407
0.142505 -0.15106 0.068135 -0.143088 -0.115378
0.246862 0.039014 0.137367 0.063482 -0.126019
0.126827 -0.131845 0.001636 0.248966 0.380191
0.159242 -0.074538 0.00842 0.023208 0.076387
0.189788 -0.051621 -0.036691 -0.312018 -0.020099
0.252077 0.069315 0.092209 -0.135289 -0.09167
0.252077 0.069315 0.092209 -0.135289 -0.09167
0.057504 -0.270978 -0.137478 -0.135584 0.356449
0.2402 -0.036831 0.00668 -0.26622 0.078045
0.2402 -0.036831 0.00668 -0.26622 0.078045
0.2402 -0.036831 0.00668 -0.26622 0.078045
0.258853 -0.08526 0.094943 0.337604 0.367429
0.260964 -0.110359 0.068514 0.055518 0.146076
0.181827 -0.167822 0.014152 0.047658 0.254391
0.153681 -0.251965 -0.031117 -0.03378 0.075131
0.144258 -0.218056 0.015129 0.025753 0.105083
0.022398 -0.346297 -0.106403 -0.241785 0.108244
0.050826 -0.362701 -0.077154 -0.261812 -0.029725
0.050826 -0.362701 -0.077154 -0.261812 -0.029725
0.064712 -0.300367 -0.046032 -0.195179 -0.052646
0.064712 -0.300367 -0.046032 -0.195179 -0.052646
0.097365 -0.309736 -0.062074 -0.093506 0.157243
0.11275 -0.274369 -0.073115 -0.379119 -0.037593
0.200456 -0.213793 -0.018817 -0.247249 0.045753
0.200456 -0.213793 -0.018817 -0.247249 0.045753
0.096916 -0.352049 -0.084172 -0.412496 0.02412
0.096916 -0.352049 -0.084172 -0.412496 0.02412
0.096916 -0.352049 -0.084172 -0.412496 0.02412
0.127942 -0.256417 -0.071546 -0.548138 -0.077765
0.127942 -0.256417 -0.071546 -0.548138 -0.077765
0.127942 -0.256417 -0.071546 -0.548138 -0.077765
0.127942 -0.256417 -0.071546 -0.548138 -0.077765
0.127942 -0.256417 -0.071546 -0.548138 -0.077765
0.127942 -0.256417 -0.071546 -0.548138 -0.077765
0.127942 -0.256417 -0.071546 -0.548138 -0.077765
0.127942 -0.256417 -0.071546 -0.548138 -0.077765
0.018967 -0.261383 -0.111266 -0.196476 0.241814
0.018967 -0.261383 -0.111266 -0.196476 0.241814
0.172801 -0.128808 0.058576 -0.023104 0.034232
0.098734 -0.298082 -0.064134 0.061304 0.304604
0.098734 -0.298082 -0.064134 0.061304 0.304604
0.262285 -0.109881 0.107095 -0.068278 -0.249074
0.222002 -0.179208 0.011498 -0.059495 0.030732
0.340304 -0.000808 0.155311 0.109796 -0.157157
0.292121 -0.133289 0.08097 -0.165661 -0.276588
0.292121 -0.133289 0.08097 -0.165661 -0.276588
0.247126 -0.009914 0.058177 -0.220641 -0.075319
0.247126 -0.009914 0.058177 -0.220641 -0.075319
0.320992 0.031431 0.133409 0.032376 -0.034661
0.159398 -0.25733 0.050475 0.111291 -0.082443
0.19483 -0.090641 0.023396 -0.288172 -0.23727
0.070781 -0.172964 -0.004985 -0.195265 -0.229044
0.070781 -0.172964 -0.004985 -0.195265 -0.229044
0.070781 -0.172964 -0.004985 -0.195265 -0.229044
0.037499 -0.283669 0.013096 0.146918 0.028736
0.038521 -0.362342 -0.034622 0.224683 0.228326
0.102708 -0.266371 0.019512 0.335125 0.309257
0.070168 -0.236326 -0.032928 0.136673 0.293879
0.070168 -0.236326 -0.032928 0.136673 0.293879
0.070168 -0.236326 -0.032928 0.136673 0.293879
-0.025359 -0.357062 -0.139818 -0.10764 0.250167
0.101847 -0.196807 -0.018322 -0.042129 0.032135
0.230831 -0.032564 0.117312 0.081858 -0.224439
0.107506 -0.212529 0.017567 0.025039 -0.143674
0.107506 -0.212529 0.017567 0.025039 -0.143674
0.110841 -0.180447 -0.012333 -0.203794 -0.21525
0.003235 -0.295768 -0.144301 -0.315288 0.16342
0.003235 -0.295768 -0.144301 -0.315288 0.16342
0.003235 -0.295768 -0.144301 -0.315288 0.16342
0.127971 -0.296979 -0.074476 -0.124032 0.188964
0.127971 -0.296979 -0.074476 -0.124032 0.188964
0.127971 -0.296979 -0.074476 -0.124032 0.188964
0.250027 -0.201921 0.0309 -0.05987 -0.033623
0.236674 -0.171108 0.02314 -0.153607 -0.071202
0.236674 -0.171108 0.02314 -0.153607 -0.071202
0.236674 -0.171108 0.02314 -0.153607 -0.071202
0.159067 -0.203632 -0.039422 -0.052313 0.234039
0.273926 -0.084193 0.057668 0.027536 0.063079
0.266098 -0.070352 0.039898 -0.223056 -0.190039
0.238442 -0.169882 0.03316 -0.364022 -0.364132
0.238442 -0.169882 0.03316 -0.364022 -0.364132
0.190826 -0.209472 0.012724 -0.133141 -0.164735
0.196614 -0.102669 0.018557 -0.091275 -0.075426
0.338395 0.005735 0.14251 -0.207672 -0.380596
0.338395 0.005735 0.14251 -0.207672 -0.380596
0.338395 0.005735 0.14251 -0.207672 -0.380596
0.338395 0.005735 0.14251 -0.207672 -0.380596
0.271294 -0.026012 0.132307 -0.196532 -0.396528
0.247657 -0.02236 0.11548 -0.252406 -0.351862
0.247657 -0.02236 0.11548 -0.252406 -0.351862
0.247657 -0.02236 0.11548 -0.252406 -0.351862
0.163195 -0.110134 0.030492 -0.264414 -0.254856
0.141032 -0.15472 0.013871 -0.28862 -0.239748
0.22322 -0.091631 0.112244 -0.136687 -0.308386
0.175027 -0.209659 0.078084 0.123419 -0.019881
0.157701 -0.218452 0.064252 0.124974 0.026909
0.206362 -0.159539 -0.01396 -0.242015 0.04543
0.149223 -0.174974 0.019412 -0.127961 -0.129791
0.096493 -0.15184 0.007329 0.072738 0.10701
0.09574 -0.284295 -0.118559 -0.33741 0.071434
0.008913 -0.338814 -0.102353 0.049746 0.290779
0.008913 -0.338814 -0.102353 0.049746 0.290779
0.130808 -0.169494 0.012519 -0.144272 -0.102968
0.139157 -0.171264 -0.065048 -0.344279 0.043522
0.144893 -0.217657 -0.006205 -0.145356 0.071457
0.144893 -0.217657 -0.006205 -0.145356 0.071457
0.144893 -0.217657 -0.006205 -0.145356 0.071457
0.212806 -0.155668 0.019997 -0.040026 0.134361
0.212806 -0.155668 0.019997 -0.040026 0.134361
0.138978 -0.152003 0.017346 0.16266 0.279545
0.162654 -0.135984 -0.007667 -0.148904 -0.095774
0.142072 -0.235136 -0.028726 -0.155259 -0.100069
0.142072 -0.235136 -0.028726 -0.155259 -0.100069
0.071202 -0.308985 -0.045544 -0.109352 -0.10152
0.077302 -0.268338 -0.079668 -0.255031 0.048792
0.077302 -0.268338 -0.079668 -0.255031 0.048792
0.077302 -0.268338 -0.079668 -0.255031 0.048792
0.085679 -0.339097 -0.13715 -0.18254 0.31917
0.218194 -0.188412 -0.023651 -0.309242 0.016488
0.218194 -0.188412 -0.023651 -0.309242 0.016488
0.132476 -0.256605 -0.120537 -0.385361 0.139933
0.132476 -0.256605 -0.120537 -0.385361 0.139933
0.132476 -0.256605 -0.120537 -0.385361 0.139933
0.132476 -0.256605 -0.120537 -0.385361 0.139933
0.184255 -0.17355 -0.074103 -0.501222 -0.025705
0.161327 -0.202744 -0.084588 -0.464276 -0.003663
0.161327 -0.202744 -0.084588 -0.464276 -0.003663
0.161327 -0.202744 -0.084588 -0.464276 -0.003663
0.161327 -0.202744 -0.084588 -0.464276 -0.003663
0.230545 -0.13716 0.014297 -0.298133 -0.045381
0.230545 -0.13716 0.014297 -0.298133 -0.045381
0.230545 -0.13716 0.014297 -0.298133 -0.045381
0.334884 -0.008448 0.121148 -0.158839 -0.125855
0.217874 -0.01459 0.076979 0.064303 0.059405
0.214376 -0.003412 0.11832 0.121139 0.00737
0.214376 -0.003412 0.11832 0.121139 0.00737
0.239029 0.021272 0.099323 -0.078876 -0.186701
0.239029 0.021272 0.099323 -0.078876 -0.186701
0.160408 -0.052362 0.039451 0.230665 0.241693
0.121317 -0.122669 -0.029129 0.104715 0.352754
0.199579 -0.054783 0.040677 -0.030437 0.074122
0.120456 -0.139105 -0.049957 -0.190222 0.139591
0.089678 -0.209141 -0.046352 -0.092251 0.176306
0.126955 -0.192103 -0.077919 -0.476361 -0.102674
0.126955 -0.192103 -0.077919 -0.476361 -0.102674
0.126955 -0.192103 -0.077919 -0.476361 -0.102674
0.165872 -0.127208 -0.024449 -0.311031 -0.080434
0.35096 -0.010399 0.133512 -0.038037 -0.065525
0.238297 -0.064634 0.026642 -0.234518 -0.138199
0.238297 -0.064634 0.026642 -0.234518 -0.138199
0.294915 0.012084 0.152849 0.020837 -0.205125
0.25215 -0.073018 0.06192 -0.200418 0.046984
0.242917 -0.13329 0.052876 -0.210978 -0.001415
0.242917 -0.13329 0.052876 -0.210978 -0.001415
0.186604 -0.203777 0.064406 0.111693 0.095699
0.152269 -0.281819 0.013562 -0.221053 -0.164612
0.152269 -0.281819 0.013562 -0.221053 -0.164612
0.042425 -0.40941 -0.099329 -0.100186 0.14647
0.042425 -0.40941 -0.099329 -0.100186 0.14647
0.062859 -0.378019 -0.074443 2.6e-05 0.132652
0.139892 -0.358968 -0.106537 -0.188174 0.151922
0.079479 -0.358368 -0.128643 -0.256011 0.105869
0.079479 -0.358368 -0.128643 -0.256011 0.105869
0.079479 -0.358368 -0.128643 -0.256011 0.105869
0.011426 -0.500141 -0.122143 -0.356284 0.026777
-0.014881 -0.596396 -0.183251 -0.383807 0.121796
0.020492 -0.440658 -0.174306 -0.324608 0.103997
0.020492 -0.440658 -0.174306 -0.324608 0.103997
0.020492 -0.440658 -0.174306 -0.324608 0.103997
0.020492 -0.440658 -0.174306 -0.324608 0.103997
0.05466 -0.34196 -0.118651 -0.207247 0.08039
0.05466 -0.34196 -0.118651 -0.207247 0.08039
0.05466 -0.34196 -0.118651 -0.207247 0.08039
0.058882 -0.469947 -0.137084 0.003305 0.319528
0.058882 -0.469947 -0.137084 0.003305 0.319528
0.058882 -0.469947 -0.137084 0.003305 0.319528
0.068489 -0.36807 -0.105379 -0.176957 0.128586
0.009991 -0.428145 -0.164365 -0.258134 0.137116
0.089804 -0.363514 -0.063286 -0.170989 -0.03906
0.102252 -0.327014 -0.066037 -0.083102 0.076976
0.197742 -0.119359 -0.024069 -0.127227 0.10353
0.197742 -0.119359 -0.024069 -0.127227 0.10353
0.173483 -0.09198 -0.009046 -0.027796 0.107732
0.217787 -0.016267 0.074945 0.058007 -0.038532
0.013947 -0.355144 -0.12948 -0.239278 0.114189
0.016794 -0.40526 -0.104349 -0.219883 0.075014
0.097299 -0.447563 -0.059817 -0.124063 0.074048
0.16595 -0.397191 -0.066501 -0.123612 0.151072
0.260351 -0.247189 0.051942 -0.010168 -0.024025
0.269075 -0.21976 0.066021 -0.181621 -0.19281
0.254079 -0.140755 0.063307 -0.154421 -0.036535
0.246018 0.016859 0.068895 -0.305045 -0.25778
0.110362 -0.263509 -0.035407 -0.066205 0.083967
0.143967 -0.210559 -0.005878 -0.061629 0.032268
0.138011 -0.120419 0.018702 -0.168698 -0.081249
0.129381 -0.204334 0.004103 -0.401071 -0.254071
0.207662 -0.181889 0.016285 -0.25585 -0.136481
0.207662 -0.181889 0.016285 -0.25585 -0.136481
0.227253 -0.159157 0.026333 -0.147743 -0.027968
0.227253 -0.159157 0.026333 -0.147743 -0.027968
0.237823 -0.115562 0.066636 -0.193445 -0.150638
0.172476 -0.196987 0.076965 -0.255468 -0.347096
0.144168 -0.223271 0.063724 -0.028945 -0.092
0.210443 -0.196259 0.110429 0.059182 -0.100456
0.188041 -0.182538 0.083044 0.100519 0.01711
0.193397 -0.139293 0.041382 -0.318702 -0.329705
0.193397 -0.139293 0.041382 -0.318702 -0.329705
0.193397 -0.139293 0.041382 -0.318702 -0.329705
0.193397 -0.139293 0.041382 -0.318702 -0.329705
0.184217 -0.174571 -0.033472 -0.321804 -0.092881
0.184217 -0.174571 -0.033472 -0.321804 -0.092881
0.102694 -0.215787 -0.04348 -0.295132 -0.029529
0.069663 -0.251835 -0.108748 -0.614367 -0.153988
0.069663 -0.251835 -0.108748 -0.614367 -0.153988
0.069663 -0.251835 -0.108748 -0.614367 -0.153988
0.043267 -0.378654 -0.138551 -0.266661 0.180599
0.075736 -0.319094 -0.102333 -0.172884 0.158513
0.043073 -0.339479 -0.110002 -0.082435 0.184422
0.053406 -0.419294 -0.110984 0.01763 0.237508
0.009667 -0.411764 -0.153037 -0.018097 0.29518
0.005305 -0.378363 -0.206503 -0.408637 0.177176
0.008198 -0.384307 -0.182028 -0.281061 0.284347
0.008198 -0.384307 -0.182028 -0.281061 0.284347
0.131011 -0.365449 -0.111614 -0.453271 0.027486
0.127811 -0.426228 -0.103959 -0.331528 0.047116
0.144723 -0.409696 -0.087391 -0.12484 0.231285
0.097379 -0.437221 -0.142647 -0.352004 0.0714
0.140097 -0.375813 -0.063286 -0.111351 0.117987
0.143011 -0.353009 -0.037457 -0.317577 -0.088363
0.143011 -0.353009 -0.037457 -0.317577 -0.088363
0.143011 -0.353009 -0.037457 -0.317577 -0.088363
0.066877 -0.266639 -0.065983 -0.032844 0.271949
0.066877 -0.266639 -0.065983 -0.032844 0.271949
0.050905 -0.267519 -0.065598 0.016698 0.274826
0.050905 -0.267519 -0.065598 0.016698 0.274826
0.036057 -0.259587 -0.169334 -0.341405 0.221825
0.219489 -0.005418 0.046308 -0.425465 -0.312274
0.219489 -0.005418 0.046308 -0.425465 -0.312274
0.219489 -0.005418 0.046308 -0.425465 -0.312274
0.219489 -0.005418 0.046308 -0.425465 -0.312274
0.249677 -0.100091 0.078647 -0.063983 -0.050411
0.219577 -0.180339 0.062131 0.138104 0.159221
0.219577 -0.180339 0.062131 0.138104 0.159221
0.162774 -0.241173 0.042345 0.273694 0.265637
0.162774 -0.241173 0.042345 0.273694 0.265637
0.162774 -0.241173 0.042345 0.273694 0.265637
0.178335 -0.183758 -0.007124 0.103909 0.271146
0.178335 -0.183758 -0.007124 0.103909 0.271146
0.178335 -0.183758 -0.007124 0.103909 0.271146
0.178335 -0.183758 -0.007124 0.103909 0.271146
0.16241 -0.158785 0.040964 0.195337 0.067227
0.085754 -0.232945 -0.046021 -0.201992 -0.01141
0.122969 -0.246803 -0.01641 -0.043521 0.175395
0.1437 -0.274368 -0.04503 -0.468007 -0.144815
0.1437 -0.274368 -0.04503 -0.468007 -0.144815
0.1437 -0.274368 -0.04503 -0.468007 -0.144815
0.1437 -0.274368 -0.04503 -0.468007 -0.144815
0.112309 -0.310799 -0.052357 -0.385816 -0.110834
0.219579 -0.088746 0.013694 -0.269917 -0.099482
0.219579 -0.088746 0.013694 -0.269917 -0.099482
0.197127 -0.199612 0.029523 0.041805 0.141189
0.084163 -0.374751 -0.126393 -0.282546 0.129392
0.084163 -0.374751 -0.126393 -0.282546 0.129392
0.084163 -0.374751 -0.126393 -0.282546 0.129392
0.101384 -0.317277 -0.064176 -0.08808 0.203842
0.119587 -0.262661 -0.05333 -0.242228 -0.105081
0.187589 -0.18779 0.011531 -0.151059 -0.078686
0.1955 -0.182531 0.015433 0.00043 0.061788
0.199572 -0.148062 0.008562 -0.403531 -0.203113
0.14802 -0.19565 -0.012149 -0.231925 -0.040901
0.087374 -0.332352 -0.054623 0.013935 0.16784
0.175096 -0.181885 0.07777 0.120039 0.031993
0.175096 -0.181885 0.07777 0.120039 0.031993
0.175096 -0.181885 0.07777 0.120039 0.031993
0.264297 -0.051019 0.153151 0.185835 -0.018144
0.304766 -0.002963 0.203479 0.227167 -0.076284
0.323342 -0.0486 0.173048 0.013597 -0.07186
0.326033 -0.134678 0.179213 0.19795 -0.044454
0.266398 -0.128556 0.118188 0.307181 0.167096
0.266398 -0.128556 0.118188 0.307181 0.167096
0.266398 -0.128556 0.118188 0.307181 0.167096
0.266398 -0.128556 0.118188 0.307181 0.167096
0.27383 -0.088069 0.056117 0.06635 0.212727
0.239484 -0.0917 0.135305 0.461143 0.251801
0.242783 -0.12252 0.031456 0.045587 0.110236
0.142585 -0.157329 -0.017245 -0.164557 -0.041276
0.165305 -0.258161 -0.012601 -0.325925 -0.148362
0.154379 -0.272176 -0.026413 -0.113985 0.032496
0.210992 -0.179481 0.038023 0.060352 0.048014
0.210992 -0.179481 0.038023 0.060352 0.048014
0.108873 -0.297337 -0.082218 -0.335013 -0.005135
0.218356 -0.149178 0.024921 -0.174598 -0.093387
0.218356 -0.149178 0.024921 -0.174598 -0.093387
0.175886 -0.15057 0.046309 -0.208756 -0.260566
0.117315 -0.235663 -0.027126 -0.174168 -0.020879
0.112283 -0.204024 -0.070478 -0.320244 0.046463
0.18575 -0.070861 0.015707 -0.265701 -0.124553
0.18575 -0.070861 0.015707 -0.265701 -0.124553
0.18575 -0.070861 0.015707 -0.265701 -0.124553
0.18575 -0.070861 0.015707 -0.265701 -0.124553
0.18575 -0.070861 0.015707 -0.265701 -0.124553
0.180611 -0.119549 0.018977 -0.225147 -0.100694
0.191314 -0.124493 0.004839 -0.185381 0.073211
0.126036 -0.191548 -0.024323 -0.497844 -0.275351
0.126036 -0.191548 -0.024323 -0.497844 -0.275351
0.126036 -0.191548 -0.024323 -0.497844 -0.275351
0.126036 -0.191548 -0.024323 -0.497844 -0.275351
0.126036 -0.191548 -0.024323 -0.497844 -0.275351
0.126036 -0.191548 -0.024323 -0.497844 -0.275351
0.188854 -0.0631 0.047463 -0.37573 -0.235837
0.265534 0.053979 0.091624 -0.451929 -0.313289
0.265534 0.053979 0.091624 -0.451929 -0.313289
0.267169 -0.014117 0.09174 -0.261525 -0.29905
0.131117 -0.193921 -0.066527 -0.338808 0.04175
0.171658 -0.204237 -0.029459 0.021367 0.260275
0.16852 -0.205185 -0.037547 -0.309073 -0.046844
0.16852 -0.205185 -0.037547 -0.309073 -0.046844
0.087075 -0.260208 -0.064899 -0.132573 0.156356
0.160583 -0.193914 0.011801 0.125228 0.187545
0.19093 -0.256195 0.079085 0.090947 0.003847
0.157517 -0.245401 -0.043658 -0.17617 0.153619
0.223767 -0.168144 -0.026399 -0.15725 0.129988
0.172454 -0.283532 -0.0817 -0.227551 0.113965
0.172454 -0.283532 -0.0817 -0.227551 0.113965
0.204968 -0.214113 -0.039083 -0.109378 0.142976
0.204968 -0.214113 -0.039083 -0.109378 0.142976
0.204968 -0.214113 -0.039083 -0.109378 0.142976
0.297374 -0.116452 0.043475 0.068743 0.2289
0.068213 -0.414389 -0.10318 0.161452 0.524104
0.068213 -0.414389 -0.10318 0.161452 0.524104
0.319723 0.005477 0.086764 -0.355153 -0.19431
0.319723 0.005477 0.086764 -0.355153 -0.19431
0.364951 0.062375 0.178832 -0.275329 -0.377907
0.23079 -0.096888 0.060067 -0.250081 -0.069088
0.292371 -0.0072 0.130481 -0.165765 -0.136685
0.199571 -0.03835 0.076778 0.023033 0.125381
0.146723 -0.083168 0.029861 0.084428 0.267717
0.146723 -0.083168 0.029861 0.084428 0.267717
0.30616 -0.09381 0.104747 -0.101434 -0.055562
0.228578 -0.082054 0.062154 0.073185 0.214047
0.306919 -0.027516 0.076637 -0.324563 -0.273997
0.222224 -0.204809 0.053954 0.035761 -0.07763
0.26157 -0.068642 0.114579 -0.081017 -0.163329
0.156194 -0.142764 -0.03644 -0.25449 0.052001
0.175721 -0.131554 -0.033341 -0.488549 -0.257763
0.226478 -0.078165 0.079095 -0.291292 -0.349398
0.225766 -0.076416 0.074015 -0.191898 -0.255153
0.225766 -0.076416 0.074015 -0.191898 -0.255153
0.198844 -0.126511 0.004555 -0.242862 -0.050559
0.17343 -0.113525 0.028139 -0.105488 -0.064294
0.17343 -0.113525 0.028139 -0.105488 -0.064294
0.154703 -0.229228 -0.031906 -0.026942 0.183552
0.160442 -0.31399 -0.00515 0.176498 0.347965
0.206331 -0.169063 0.066083 0.218139 0.252706
0.209615 -0.166714 0.113557 0.34754 0.197037
0.209615 -0.166714 0.113557 0.34754 0.197037
0.209615 -0.166714 0.113557 0.34754 0.197037
0.279913 -0.039721 0.136558 0.142124 0.005299
0.254001 -0.09946 0.107886 -0.074771 -0.218358
0.254001 -0.09946 0.107886 -0.074771 -0.218358
0.221533 -0.062691 0.028469 -0.064442 0.240435
0.291521 -0.076826 0.074602 0.056617 0.227335
0.277676 0.019109 0.139867 0.071197 0.026689
0.256104 -0.028191 0.096188 0.091219 0.150539
0.182744 -0.150093 0.006266 -0.088393 0.170506
0.154078 -0.219969 -0.034659 -0.13028 0.208278
0.206 -0.19779 0.000521 0.026677 0.231431
0.206893 -0.077517 0.04209 -0.292688 -0.198489
0.096954 -0.201569 -0.062136 -0.259809 0.158656
0.085752 -0.06329 0.018999 -0.020037 0.061333
0.161718 -0.045972 0.01845 0.017518 0.285434
0.20276 -0.04683 0.024482 0.101972 0.307361
0.136885 -0.082629 0.003885 0.000839 0.23216
0.139847 -0.046287 0.124469 0.165892 -0.013112
0.042847 -0.162581 0.011193 0.0684 0.04428
0.124972 -0.208717 0.017628 -0.00193 -0.095624
0.287762 -0.062913 0.130222 -0.133311 -0.257531
0.287762 -0.062913 0.130222 -0.133311 -0.257531
0.33445 -0.041169 0.138961 -0.194754 -0.308033
0.264482 -0.079937 0.12633 -0.198144 -0.39528
0.264482 -0.079937 0.12633 -0.198144 -0.39528
0.22504 -0.139083 0.081391 -0.049191 -0.153744
0.271002 -0.152249 0.108835 0.063172 -0.00931
0.271876 -0.164245 0.107327 0.060185 -0.015579
0.271876 -0.164245 0.107327 0.060185 -0.015579
0.271876 -0.164245 0.107327 0.060185 -0.015579
0.202589 -0.173568 0.047534 0.016884 0.065937
0.145456 -0.211988 0.03768 -0.138239 -0.109176
0.191072 -0.181142 0.050797 -0.076039 -0.140781
0.191072 -0.181142 0.050797 -0.076039 -0.140781
0.191072 -0.181142 0.050797 -0.076039 -0.140781
0.191072 -0.181142 0.050797 -0.076039 -0.140781
0.222706 -0.150984 0.042723 0.084874 0.067194
0.1676 -0.254232 0.032557 0.199426 0.16635
0.261911 -0.078299 0.112892 0.098412 -0.040229
0.260515 -0.083921 0.143807 -0.032619 -0.304613
0.260515 -0.083921 0.143807 -0.032619 -0.304613
0.143072 -0.320361 0.091208 0.219407 0.028429
0.143072 -0.320361 0.091208 0.219407 0.028429
0.230597 -0.200184 0.091859 -0.200331 -0.415618
0.230597 -0.200184 0.091859 -0.200331 -0.415618
0.230597 -0.200184 0.091859 -0.200331 -0.415618
0.230597 -0.200184 0.091859 -0.200331 -0.415618
0.213826 -0.261784 0.061104 -0.046829 -0.171581
0.126663 -0.32913 0.029349 0.218601 0.107134
0.165865 -0.224885 0.078801 0.178249 -0.034304
0.158336 -0.208055 -0.045833 -0.139631 0.140696
0.158336 -0.208055 -0.045833 -0.139631 0.140696
0.206829 -0.208613 -0.024754 0.086399 0.281634
0.20521 -0.208501 -0.027613 0.100933 0.29695
0.152216 -0.164922 0.04283 0.092342 0.00536
0.092912 -0.322649 -0.046824 -0.00478 0.156924
0.092912 -0.322649 -0.046824 -0.00478 0.156924
0.184566 -0.255589 0.042086 0.004431 -0.058444
0.191902 -0.23024 0.003463 0.023974 0.053267
0.191902 -0.23024 0.003463 0.023974 0.053267
0.191902 -0.23024 0.003463 0.023974 0.053267
0.191902 -0.23024 0.003463 0.023974 0.053267
0.240138 -0.170774 0.025855 -0.019122 0.00215
0.205775 -0.203233 -0.023572 -0.276549 -0.128814
0.088822 -0.261411 -0.009586 0.290201 0.243124
0.154207 -0.145186 0.051322 0.307421 0.207122
0.154207 -0.145186 0.051322 0.307421 0.207122
0.12117 -0.175069 0.03697 0.209066 0.212616
0.183155 -0.166102 0.03707 0.071904 0.013397
0.103585 -0.298602 -0.027503 0.024788 0.131
0.213116 -0.048389 0.049181 0.001102 0.080842
0.216757 -0.185529 0.06922 -0.060352 -0.043908
0.206231 -0.182303 0.060854 -0.014722 0.086175
0.251998 -0.151009 0.120733 0.09578 0.02736
0.185213 -0.229 -0.005549 0.144473 0.350124
0.246174 -0.086562 0.059829 -0.271428 -0.256017
0.222112 -0.086419 0.005066 -0.351104 -0.089657
0.222112 -0.086419 0.005066 -0.351104 -0.089657
0.222112 -0.086419 0.005066 -0.351104 -0.089657
0.273032 -0.144579 0.094888 0.142174 0.111326
0.25999 -0.105791 0.097982 0.241977 0.149684
0.18018 -0.10464 0.032939 -0.028633 0.012295
0.274039 0.036792 0.085551 -0.260461 -0.18478
0.218855 -0.033478 0.063117 -0.297727 -0.311327
0.218855 -0.033478 0.063117 -0.297727 -0.311327
0.143106 -0.132173 -0.005263 -0.330788 -0.206418
0.143106 -0.132173 -0.005263 -0.330788 -0.206418
0.185055 -0.110058 0.082959 0.005755 -0.090067
0.095799 -0.200257 -0.034995 -0.316085 -0.179809
0.163416 -0.105503 0.068743 0.161816 0.092779
0.213536 -0.031146 0.080402 0.164436 0.145786
0.213536 -0.031146 0.080402 0.164436 0.145786
0.246847 -0.024593 0.003507 -0.065834 0.171901
0.246847 -0.024593 0.003507 -0.065834 0.171901
0.306541 -0.013112 0.103289 0.294445 0.29625
0.276319 -0.139343 0.074368 0.297599 0.307995
0.159506 -0.238785 0.015752 0.280904 0.404835
0.239464 -0.110126 0.094491 0.080833 -0.052273
0.215925 -0.182126 0.039313 0.098466 0.081658
0.215925 -0.182126 0.039313 0.098466 0.081658
0.226475 -0.200487 0.103645 0.223608 -0.026516
0.140243 -0.266622 0.057988 0.406894 0.251851
0.140243 -0.266622 0.057988 0.406894 0.251851
0.140243 -0.266622 0.057988 0.406894 0.251851
0.140243 -0.266622 0.057988 0.406894 0.251851
0.140243 -0.266622 0.057988 0.406894 0.251851
0.140243 -0.266622 0.057988 0.406894 0.251851
0.140243 -0.266622 0.057988 0.406894 0.251851
0.111677 -0.181906 -0.041292 0.066784 0.286316
0.147945 -0.191136 -0.015927 -0.087342 0.063317
0.147945 -0.191136 -0.015927 -0.087342 0.063317
0.090951 -0.220894 -0.034539 -0.196129 -0.028576
0.090951 -0.220894 -0.034539 -0.196129 -0.028576
0.115712 -0.24493 -0.044592 -0.508216 -0.243692
0.13681 -0.268972 -0.060138 -0.543006 -0.202781
0.13681 -0.268972 -0.060138 -0.543006 -0.202781
0.116305 -0.242094 -0.063197 -0.467628 -0.128932
0.116305 -0.242094 -0.063197 -0.467628 -0.128932
0.105537 -0.260596 -0.02429 -0.126843 0.046081
0.149936 -0.221799 0.063682 0.004719 -0.134061
0.149936 -0.221799 0.063682 0.004719 -0.134061
0.143471 -0.255699 0.034693 -0.01616 -0.092331
0.143471 -0.255699 0.034693 -0.01616 -0.092331
0.220461 -0.188675 0.072312 0.043472 -0.1287
0.19637 -0.200605 0.02524 -0.08822 -0.098645
0.19637 -0.200605 0.02524 -0.08822 -0.098645
0.151906 -0.202087 0.063124 0.019672 -0.09911
0.151906 -0.202087 0.063124 0.019672 -0.09911
0.151906 -0.202087 0.063124 0.019672 -0.09911
0.151906 -0.202087 0.063124 0.019672 -0.09911
0.151243 -0.267699 0.033209 0.045301 0.049966
0.117326 -0.234543 0.015105 0.075907 0.05053
0.067998 -0.237984 -0.002406 -0.08836 -0.030011
0.098535 -0.26282 0.030026 0.132674 0.104016
0.098535 -0.26282 0.030026 0.132674 0.104016
0.098535 -0.26282 0.030026 0.132674 0.104016
0.228685 -0.126318 0.128286 -0.048736 -0.259356
0.305495 -0.191482 0.100651 -0.02903 -0.092761
0.243581 -0.201081 0.052176 -0.152805 -0.155651
0.192773 -0.280321 0.037298 -0.14571 -0.16408
0.192773 -0.280321 0.037298 -0.14571 -0.16408
0.109665 -0.332055 -0.005641 -0.003143 0.042743
0.020084 -0.42061 -0.158792 -0.090842 0.309035
0.082495 -0.399975 -0.134443 -0.202231 0.184997
0.081033 -0.353424 -0.083471 0.026137 0.301391
0.138934 -0.244665 -0.047864 -0.081047 0.153204
0.165585 -0.181803 -0.005806 -0.285108 -0.0552
0.165585 -0.181803 -0.005806 -0.285108 -0.0552
0.165585 -0.181803 -0.005806 -0.285108 -0.0552
0.165585 -0.181803 -0.005806 -0.285108 -0.0552
0.165585 -0.181803 -0.005806 -0.285108 -0.0552
0.165585 -0.181803 -0.005806 -0.285108 -0.0552
0.165585 -0.181803 -0.005806 -0.285108 -0.0552
0.165585 -0.181803 -0.005806 -0.285108 -0.0552
0.165585 -0.181803 -0.005806 -0.285108 -0.0552
0.165585 -0.181803 -0.005806 -0.285108 -0.0552
0.165585 -0.181803 -0.005806 -0.285108 -0.0552
0.165585 -0.181803 -0.005806 -0.285108 -0.0552
0.120314 -0.246945 -0.05443 -0.303948 0.041219
0.120314 -0.246945 -0.05443 -0.303948 0.041219
0.111582 -0.181181 -0.045046 -0.3152 0.055327
0.13506 -0.152656 -0.027251 -0.412906 -0.11379
0.13506 -0.152656 -0.027251 -0.412906 -0.11379
0.077621 -0.301084 -0.025222 -0.191463 -0.074437
0.18505 -0.076301 0.087603 0.045037 -0.013026
0.006797 -0.255483 -0.09709 -0.202995 0.073777
0.034387 -0.281828 -0.069225 0.05142 0.221117
0.034387 -0.281828 -0.069225 0.05142 0.221117
0.204798 -0.043421 0.105431 -0.234008 -0.327474
0.252861 -0.053157 0.179888 0.168959 -0.153299
0.252861 -0.053157 0.179888 0.168959 -0.153299
0.2017 -0.103855 0.084447 0.010998 -0.025543
0.212822 -0.072439 0.104125 -0.153619 -0.239082
0.232186 -0.069657 0.131941 -0.08939 -0.32818
0.232186 -0.069657 0.131941 -0.08939 -0.32818
0.104878 -0.204753 0.023662 -0.019753 -0.072612
0.122875 -0.179841 -0.01496 -0.191981 -0.108218
0.122875 -0.179841 -0.01496 -0.191981 -0.108218
0.147927 -0.181898 -0.011071 -0.039504 0.033991
0.065599 -0.228523 -0.051042 -0.137398 -0.01021
0.061029 -0.163883 -0.037596 -0.224321 -0.051119
0.113243 -0.158005 0.006715 -0.228769 -0.175254
0.152304 -0.157862 0.027424 -0.234182 -0.26638
0.152304 -0.157862 0.027424 -0.234182 -0.26638
0.152304 -0.157862 0.027424 -0.234182 -0.26638
0.152304 -0.157862 0.027424 -0.234182 -0.26638
0.169731 -0.196101 0.01208 -0.527109 -0.367723
0.169731 -0.196101 0.01208 -0.527109 -0.367723
0.169731 -0.196101 0.01208 -0.527109 -0.367723
0.169731 -0.196101 0.01208 -0.527109 -0.367723
0.169731 -0.196101 0.01208 -0.527109 -0.367723
0.169731 -0.196101 0.01208 -0.527109 -0.367723
0.169731 -0.196101 0.01208 -0.527109 -0.367723
0.169731 -0.196101 0.01208 -0.527109 -0.367723
0.169731 -0.196101 0.01208 -0.527109 -0.367723
0.169731 -0.196101 0.01208 -0.527109 -0.367723
0.169731 -0.196101 0.01208 -0.527109 -0.367723
0.186536 -0.294645 -0.00333 -0.378484 -0.143388
0.282452 -0.210141 0.068358 -0.014051 -0.001704
0.282452 -0.210141 0.068358 -0.014051 -0.001704
0.263066 -0.211955 0.015934 -0.240327 -0.072453
0.277537 -0.173382 0.040331 -0.10234 0.090219
0.091144 -0.399375 -0.086029 -0.146679 0.191103
0.056434 -0.425109 -0.130771 -0.407787 0.044267
0.056434 -0.425109 -0.130771 -0.407787 0.044267
0.056434 -0.425109 -0.130771 -0.407787 0.044267
0.056434 -0.425109 -0.130771 -0.407787 0.044267
0.001388 -0.399063 -0.152194 -0.05506 0.380081
0.001388 -0.399063 -0.152194 -0.05506 0.380081
0.135351 -0.352887 -0.022681 -0.06296 0.110012
0.235842 -0.201843 0.017382 -0.076779 -0.002194
0.246768 -0.242292 0.034318 -0.200817 -0.070372
0.281451 -0.18378 0.072622 -0.208981 -0.186595
0.06536 -0.250931 -0.029355 -0.191289 0.037993
0.150977 -0.197338 0.00597 -0.049079 0.184188
0.305769 -0.081015 0.136756 0.00951 -0.058222
0.335739 -0.014271 0.205207 0.157841 -0.075246
0.211755 -0.164108 0.053698 -0.31601 -0.135474
0.302301 -0.050462 0.120113 -0.00072 -0.044696
0.302301 -0.050462 0.120113 -0.00072 -0.044696
0.313298 -0.004226 0.120391 0.115912 0.143925
0.279233 -0.029756 0.126117 0.14987 0.148794
0.240081 -0.046831 0.128015 0.280713 0.171486
0.209581 -0.032387 0.090319 -0.035301 -0.024998
0.192456 -0.073163 0.063102 -0.066903 0.011205
0.251265 -0.106785 0.100488 0.073682 -0.176115
0.246516 -0.018417 0.10344 -0.030818 -0.174467
0.249206 0.001611 0.158099 0.00922 -0.244988
0.249206 0.001611 0.158099 0.00922 -0.244988
0.017211 -0.363847 -0.094718 0.054912 0.285799
0.110257 -0.294821 -0.040441 -0.241121 -0.058744
0.110257 -0.294821 -0.040441 -0.241121 -0.058744
0.110257 -0.294821 -0.040441 -0.241121 -0.058744
0.119785 -0.312183 -0.000129 -0.106863 -0.062657
0.095662 -0.268465 0.001365 -0.002101 0.122748
0.18364 -0.163334 0.039142 -0.183097 -0.019897
0.168103 -0.080038 0.030783 -0.41744 -0.259476
0.15451 -0.2042 -0.014529 -0.385231 -0.15808
0.15451 -0.2042 -0.014529 -0.385231 -0.15808
0.224902 -0.189367 0.038256 -0.141623 -0.186774
0.150506 -0.170703 0.003147 -0.358257 -0.275118
0.150506 -0.170703 0.003147 -0.358257 -0.275118
0.282701 0.00833 0.0813 -0.352838 -0.327138
0.147959 -0.165761 -0.059376 -0.502209 -0.124854
0.147959 -0.165761 -0.059376 -0.502209 -0.124854
0.147959 -0.165761 -0.059376 -0.502209 -0.124854
0.147959 -0.165761 -0.059376 -0.502209 -0.124854
0.147959 -0.165761 -0.059376 -0.502209 -0.124854
0.147959 -0.165761 -0.059376 -0.502209 -0.124854
0.147959 -0.165761 -0.059376 -0.502209 -0.124854
0.147959 -0.165761 -0.059376 -0.502209 -0.124854
0.179885 -0.224855 -0.009523 -0.177305 -0.014513
0.211031 -0.111063 0.057743 -0.204286 -0.160548
0.211031 -0.111063 0.057743 -0.204286 -0.160548
0.183279 -0.161385 0.007495 -0.081611 0.114509
0.197218 -0.127863 0.047555 0.078721 0.091357
0.197218 -0.127863 0.047555 0.078721 0.091357
0.253645 -0.093735 0.077178 -0.223727 -0.104981
0.253645 -0.093735 0.077178 -0.223727 -0.104981
0.253645 -0.093735 0.077178 -0.223727 -0.104981
0.247755 -0.14107 0.046666 -0.27383 -0.088805
0.286395 -0.144586 0.030674 -0.381548 -0.142351
0.286395 -0.144586 0.030674 -0.381548 -0.142351
0.343894 0.015402 0.145387 -0.044474 -0.177263
0.2474 -0.173248 0.028708 -0.106458 -0.084717
0.056842 -0.391993 -0.086665 -0.02562 0.171233
0.056842 -0.391993 -0.086665 -0.02562 0.171233
0.056842 -0.391993 -0.086665 -0.02562 0.171233
0.105853 -0.29832 -0.069135 -0.313856 0.029652
0.105853 -0.29832 -0.069135 -0.313856 0.029652
0.137163 -0.229074 -0.014983 -0.007174 0.114996
0.163966 -0.230377 0.010159 0.035924 0.059177
0.121736 -0.267381 -0.042832 0.167404 0.288607
0.156799 -0.171857 0.039904 0.154626 0.059984
0.152054 -0.232372 -0.0161 0.305422 0.445417
0.152054 -0.232372 -0.0161 0.305422 0.445417
0.152054 -0.232372 -0.0161 0.305422 0.445417
0.116012 -0.31622 -0.050556 0.190166 0.447062
0.116012 -0.31622 -0.050556 0.190166 0.447062
0.110401 -0.286972 -0.071703 -0.005005 0.287245
0.108043 -0.351593 -0.017209 -0.113729 -0.004353
0.284159 -0.168713 0.084761 0.119952 0.055897
0.236388 -0.164782 0.079555 0.095035 -0.01144
0.065233 -0.308157 -0.074331 0.141906 0.42691
0.065233 -0.308157 -0.074331 0.141906 0.42691
0.065233 -0.308157 -0.074331 0.141906 0.42691
0.065233 -0.308157 -0.074331 0.141906 0.42691
0.052949 -0.333443 -0.089209 0.218446 0.495135
0.052949 -0.333443 -0.089209 0.218446 0.495135
0.118728 -0.296106 -0.009974 0.159709 0.186365
0.140771 -0.312126 0.00288 0.294742 0.261312
0.150347 -0.322684 0.005266 -0.092667 0.047769
0.234766 -0.117099 0.056823 -0.292884 -0.160683
0.114195 -0.259696 0.031233 0.081434 -0.003199
0.114195 -0.259696 0.031233 0.081434 -0.003199
0.114195 -0.259696 0.031233 0.081434 -0.003199
0.156564 -0.269469 0.032975 0.297432 0.236176
0.156564 -0.269469 0.032975 0.297432 0.236176
0.156564 -0.269469 0.032975 0.297432 0.236176
0.156564 -0.269469 0.032975 0.297432 0.236176
0.238905 -0.164942 0.097176 0.271697 0.167096
0.238905 -0.164942 0.097176 0.271697 0.167096
0.068451 -0.36558 -0.037677 -0.175995 0.011914
0.068451 -0.36558 -0.037677 -0.175995 0.011914
0.085587 -0.389865 -0.042866 -0.200662 -0.018783
0.161754 -0.270369 0.053395 -0.150293 -0.209697
0.173051 -0.246467 0.055989 0.220982 0.237329
0.173051 -0.246467 0.055989 0.220982 0.237329
0.24525 -0.21469 0.093837 -0.063449 -0.095751
0.17559 -0.193143 0.017402 -0.257567 -0.138329
0.17559 -0.193143 0.017402 -0.257567 -0.138329
0.17559 -0.193143 0.017402 -0.257567 -0.138329
0.208797 -0.237629 0.009845 -0.316267 -0.166897
0.208797 -0.237629 0.009845 -0.316267 -0.166897
0.247944 -0.187724 0.014905 -0.31675 -0.089782
0.253906 -0.141222 0.078637 0.046459 -0.001395
0.253906 -0.141222 0.078637 0.046459 -0.001395
0.147232 -0.220287 -0.020574 -0.008738 0.211732
0.058666 -0.353901 -0.135921 -0.194063 0.197765
0.058666 -0.353901 -0.135921 -0.194063 0.197765
0.148076 -0.259413 -0.049364 -0.017728 0.191946
0.16849 -0.163167 0.077873 0.111411 -0.039178
0.144197 -0.240238 0.095723 0.24369 0.033973
0.117679 -0.216886 0.06021 0.338773 0.183198
0.117679 -0.216886 0.06021 0.338773 0.183198
0.083333 -0.203018 -0.002222 0.0879 0.119297
0.118629 -0.139442 0.049887 0.104573 -0.040068
0.118629 -0.139442 0.049887 0.104573 -0.040068
0.201797 -0.024467 0.10617 0.131878 -0.057861
0.119081 -0.106745 0.038239 -0.109916 -0.144906
0.101184 -0.205314 -0.019573 -0.444016 -0.345547
0.101184 -0.205314 -0.019573 -0.444016 -0.345547
0.101184 -0.205314 -0.019573 -0.444016 -0.345547
0.101184 -0.205314 -0.019573 -0.444016 -0.345547
0.101184 -0.205314 -0.019573 -0.444016 -0.345547
0.101184 -0.205314 -0.019573 -0.444016 -0.345547
0.101184 -0.205314 -0.019573 -0.444016 -0.345547
0.101184 -0.205314 -0.019573 -0.444016 -0.345547
0.127587 -0.266643 0.01575 -0.290257 -0.288864
0.189473 -0.201923 0.020253 -0.060418 -0.023576
0.238669 -0.213908 -0.012148 -0.205598 0.003384
0.111317 -0.299716 -0.067489 -0.176465 0.043524
0.111317 -0.299716 -0.067489 -0.176465 0.043524
0.111317 -0.299716 -0.067489 -0.176465 0.043524
0.111317 -0.299716 -0.067489 -0.176465 0.043524
0.103648 -0.346643 -0.094632 -0.243636 0.056299
0.158049 -0.2393 0.002759 -0.265843 -0.172317
0.158049 -0.2393 0.002759 -0.265843 -0.172317
0.176321 -0.214206 -0.049141 -0.336374 0.143332
0.176321 -0.214206 -0.049141 -0.336374 0.143332
0.286455 -0.062568 0.039311 -0.242246 -0.049399
0.26568 -0.100473 -0.015244 -0.591247 -0.212963
0.26568 -0.100473 -0.015244 -0.591247 -0.212963
0.26568 -0.100473 -0.015244 -0.591247 -0.212963
0.25349 -0.08607 0.041195 -0.305466 -0.100401
0.249175 -0.120841 0.061371 -0.273729 -0.156292
0.205565 -0.172829 0.018086 -0.34176 -0.15307
0.191909 -0.202748 0.012295 -0.215146 -0.096224
0.160757 -0.162747 0.004626 0.03561 0.158311
0.229035 -0.126258 0.018861 -0.16394 0.079547
0.145405 -0.195771 0.004614 0.038745 0.160921
0.209743 -0.136019 0.089379 0.136425 0.091684
0.154553 -0.25239 0.001104 -0.09308 -0.02711
0.154553 -0.25239 0.001104 -0.09308 -0.02711
0.126001 -0.214897 -0.043973 -0.108627 0.040744
0.09615 -0.231078 -0.088437 -0.165691 0.145212
0.09615 -0.231078 -0.088437 -0.165691 0.145212
0.074466 -0.237204 -0.101181 0.023048 0.346035
0.02534 -0.297433 -0.082344 0.211053 0.371747
0.007682 -0.310151 -0.139906 -0.211152 0.254638
0.007682 -0.310151 -0.139906 -0.211152 0.254638
0.026433 -0.367744 -0.088528 -0.07879 0.209676
0.071545 -0.194281 -0.014511 -0.061412 0.140334
0.143894 -0.195243 0.027235 -0.002865 0.172974
0.138519 -0.235892 -0.026156 -0.294756 0.040685
0.106882 -0.231488 -0.055425 -0.256807 0.171055
0.106882 -0.231488 -0.055425 -0.256807 0.171055
0.062007 -0.300269 -0.093406 -0.283736 0.13086
0.062007 -0.300269 -0.093406 -0.283736 0.13086
0.2075 -0.078362 0.048595 0.032633 0.083851
0.2075 -0.078362 0.048595 0.032633 0.083851
0.213215 -0.078452 0.094979 0.152589 0.029286
0.213215 -0.078452 0.094979 0.152589 0.029286
0.213215 -0.078452 0.094979 0.152589 0.029286
0.205601 -0.132972 0.066751 0.004637 -0.066935
0.093611 -0.249033 -0.064821 -0.331128 -0.019248
0.093611 -0.249033 -0.064821 -0.331128 -0.019248
0.093611 -0.249033 -0.064821 -0.331128 -0.019248
0.093611 -0.249033 -0.064821 -0.331128 -0.019248
0.177715 -0.083379 -0.004037 -0.254322 -0.085437
0.14521 -0.095347 0.026071 0.102264 0.177508
0.207462 -0.12968 0.0197 -0.003775 0.153327
0.207462 -0.12968 0.0197 -0.003775 0.153327
0.207462 -0.12968 0.0197 -0.003775 0.153327
0.20119 -0.167828 0.039109 -0.107329 0.034769
0.142466 -0.24587 -0.058645 -0.221535 0.052414
0.155362 -0.256559 -0.025493 -0.18345 -0.02473
0.155362 -0.256559 -0.025493 -0.18345 -0.02473
0.155362 -0.256559 -0.025493 -0.18345 -0.02473
0.155362 -0.256559 -0.025493 -0.18345 -0.02473
0.155362 -0.256559 -0.025493 -0.18345 -0.02473
0.240895 -0.174166 0.087408 0.02402 -0.068799
0.170909 -0.257374 0.005047 -0.048373 0.043119
0.170909 -0.257374 0.005047 -0.048373 0.043119
0.110514 -0.333321 -0.04726 -0.068214 0.138765
0.110514 -0.333321 -0.04726 -0.068214 0.138765
0.014613 -0.388734 -0.086576 -0.023489 0.244788
0.141142 -0.234155 -0.030354 -0.20456 0.014625
0.1425 -0.180846 -0.042802 -0.279539 0.049095
0.179846 -0.098435 0.006255 0.069056 0.322776
0.101376 -0.256357 -0.028043 -0.176181 0.231958
0.247969 -0.129961 0.065333 -0.147015 0.043043
0.29628 -0.091482 0.059953 -0.214821 0.020077
0.29628 -0.091482 0.059953 -0.214821 0.020077
0.169751 -0.271538 -0.021668 -0.481867 -0.095496
0.169751 -0.271538 -0.021668 -0.481867 -0.095496
0.256 -0.155924 0.014057 -0.40098 -0.052338
0.25389 -0.071005 0.029735 -0.345724 -0.121083
0.111616 -0.229263 -0.074026 -0.284833 0.13152
0.008646 -0.354531 -0.113753 -0.248244 0.157559
0.078544 -0.257189 -0.027077 -0.121766 0.041442
0.147281 -0.1527 -0.013894 -0.149353 -0.00059
0.115702 -0.229495 -0.043748 -0.049171 0.150921
0.138618 -0.223395 0.020289 0.231582 0.205041
0.138618 -0.223395 0.020289 0.231582 0.205041
0.160954 -0.176068 0.041479 0.011677 -0.019319
0.205983 -0.142268 0.077677 0.073371 0.002906
0.232278 -0.067968 0.131329 0.138503 -0.153995
0.306814 -0.02615 0.183058 0.085315 -0.26498
0.241683 -0.040315 0.118097 0.067411 -0.128163
0.241683 -0.040315 0.118097 0.067411 -0.128163
0.137838 -0.146376 -0.019647 -0.194926 -0.064618
0.155317 -0.171364 0.006539 -0.06806 0.012173
0.238069 -0.133248 0.077052 -0.082277 -0.118087
0.19216 -0.130946 0.070518 0.107971 0.120125
0.161892 -0.204802 0.028847 0.01089 0.096562
0.159466 -0.179875 0.059218 -0.197505 -0.170895
0.205458 -0.159992 0.067831 0.056198 0.064617
0.205458 -0.159992 0.067831 0.056198 0.064617
0.211253 -0.103271 0.060242 -0.025274 -0.017183
0.211253 -0.103271 0.060242 -0.025274 -0.017183
0.206915 -0.04766 0.061042 -0.167394 -0.012651
0.15015 -0.070465 0.022699 -0.26841 -0.05892
0.072204 -0.240463 0.021467 0.097834 0.116233
0.072204 -0.240463 0.021467 0.097834 0.116233
0.072204 -0.240463 0.021467 0.097834 0.116233
0.118952 -0.224653 0.036854 -0.106203 -0.067987
0.118952 -0.224653 0.036854 -0.106203 -0.067987
0.089934 -0.376092 -0.048321 -0.179743 -0.01148
0.089934 -0.376092 -0.048321 -0.179743 -0.01148
0.056944 -0.428828 -0.043546 -0.09482 -0.052714
0.107413 -0.374502 -0.029984 -0.003817 0.030862
0.272929 -0.062218 0.045979 0.009012 0.02715
0.287587 -0.095595 0.060244 -0.230558 -0.149618
0.187864 -0.122939 0.001649 -0.244367 -0.039128
0.187864 -0.122939 0.001649 -0.244367 -0.039128
0.312948 -0.005486 0.139902 -0.134531 -0.32043
0.312948 -0.005486 0.139902 -0.134531 -0.32043
0.312948 -0.005486 0.139902 -0.134531 -0.32043
0.312948 -0.005486 0.139902 -0.134531 -0.32043
0.312948 -0.005486 0.139902 -0.134531 -0.32043
0.312948 -0.005486 0.139902 -0.134531 -0.32043
0.246319 -0.079359 0.165631 0.315856 0.045078
0.197797 -0.168276 0.038551 -0.018609 0.122019
0.261579 -0.046536 0.105376 -0.181128 -0.299528
0.261579 -0.046536 0.105376 -0.181128 -0.299528
0.235036 -0.064026 0.090926 -0.094233 -0.167263
0.159034 -0.066051 0.057107 0.032236 0.077633
0.167216 -0.128697 0.112388 0.174429 0.061612
0.20533 -0.165493 0.071864 -0.164374 -0.286561
0.167262 -0.24375 0.051138 -0.105012 -0.184886
0.215319 -0.15264 0.106665 0.000506 -0.152821
0.247446 -0.164183 0.027484 0.040418 0.108148
0.247446 -0.164183 0.027484 0.040418 0.108148
0.199888 -0.244123 0.036223 0.088263 0.140562
0.207369 -0.241469 0.07315 0.225189 0.113525
0.198156 -0.271382 0.03859 -0.00013 -0.04096
0.127441 -0.282711 -0.050856 0.031302 0.199467
0.172112 -0.178722 0.066963 0.134477 0.04238
0.172112 -0.178722 0.066963 0.134477 0.04238
0.118609 -0.216207 -0.004865 -0.064157 -0.008468
0.219937 -0.098447 0.065632 -0.373043 -0.33617
0.219937 -0.098447 0.065632 -0.373043 -0.33617
0.219937 -0.098447 0.065632 -0.373043 -0.33617
0.219937 -0.098447 0.065632 -0.373043 -0.33617
0.219937 -0.098447 0.065632 -0.373043 -0.33617
0.219937 -0.098447 0.065632 -0.373043 -0.33617
0.205437 -0.114466 0.016923 -0.358409 -0.166039
0.270849 -0.105855 0.058297 -0.169755 -0.075241
0.270849 -0.105855 0.058297 -0.169755 -0.075241
0.270849 -0.105855 0.058297 -0.169755 -0.075241
0.270849 -0.105855 0.058297 -0.169755 -0.075241
0.270849 -0.105855 0.058297 -0.169755 -0.075241
0.270849 -0.105855 0.058297 -0.169755 -0.075241
0.244099 -0.107984 0.094109 0.032576 -0.114698
0.178916 -0.29133 -0.018209 -0.158909 -0.092905
0.026944 -0.466905 -0.122839 -0.239531 0.052455
0.030847 -0.47428 -0.116176 -0.165528 0.153348
0.212277 -0.20602 0.038919 -0.150961 -0.102029
0.125788 -0.27212 -0.017262 -0.049142 0.113803
0.125788 -0.27212 -0.017262 -0.049142 0.113803
0.079993 -0.332082 -0.030233 0.038803 0.130536
0.206113 -0.09734 0.081682 -0.012025 -0.073311
0.215154 -0.098403 0.080501 -0.029839 -0.142046
0.139983 -0.212897 -0.027137 -0.043236 0.073605
0.180597 -0.161998 0.037178 0.12651 0.087961
0.200848 -0.111069 0.060408 -0.048282 -0.149989
0.200848 -0.111069 0.060408 -0.048282 -0.149989
0.200848 -0.111069 0.060408 -0.048282 -0.149989
0.182263 -0.134002 0.009694 0.004236 0.104728
0.231367 -0.08937 0.086786 -0.202126 -0.284331
0.231367 -0.08937 0.086786 -0.202126 -0.284331
0.268028 -0.07095 0.142931 0.075426 -0.218445
0.176256 -0.207971 0.036417 -0.240897 -0.182717
0.203101 -0.119763 0.135843 0.037173 -0.31359
0.216044 -0.037819 0.175421 0.12527 -0.232644
0.215745 -0.042901 0.156922 0.261633 -0.052724
0.010437 -0.318662 -0.035753 0.260172 0.21036
0.109194 -0.229881 0.021465 0.298295 0.179582
0.090067 -0.26752 -0.08257 -0.025617 0.35079
0.046074 -0.377273 -0.115867 0.063975 0.477752
0.046074 -0.377273 -0.115867 0.063975 0.477752
0.117614 -0.313229 -0.128777 -0.079346 0.376123
0.242933 -0.11801 0.033436 -0.158131 -0.117592
0.267957 -0.112737 0.076755 0.039297 -0.065076
0.267957 -0.112737 0.076755 0.039297 -0.065076
0.204767 -0.169727 -0.0236 -0.232451 -0.049571
0.204767 -0.169727 -0.0236 -0.232451 -0.049571
0.086442 -0.280586 -0.06582 0.088144 0.173184
0.196026 -0.25271 0.00674 0.092515 0.100137
0.294411 -0.113685 0.092247 0.21521 0.047374
0.315486 -0.044008 0.128171 0.148471 -0.038033
0.209124 -0.139846 -0.02765 0.065524 0.205182
0.213494 -0.194439 0.001655 -0.016959 -0.002709
0.249777 -0.187933 0.028011 0.158614 0.093643
0.259905 -0.164295 0.008826 0.110636 0.14268
0.136867 -0.286009 -0.047043 0.063914 0.270376
0.17997 -0.260133 -0.047919 -0.218265 0.024358
0.065844 -0.356598 -0.052753 -0.019984 0.090187
0.018656 -0.309759 -0.057475 0.024496 0.114241
0.171456 -0.268452 0.003984 -0.126578 0.0577
0.171456 -0.268452 0.003984 -0.126578 0.0577
0.298942 -0.0655 0.115742 -0.009399 -0.160518
0.298942 -0.0655 0.115742 -0.009399 -0.160518
0.305832 -0.031809 0.077358 -0.031494 0.056883
0.210545 -0.134733 0.000858 -0.048491 0.246775
0.210545 -0.134733 0.000858 -0.048491 0.246775
0.189856 -0.210364 -0.008721 -0.078687 0.195306
0.123404 -0.200596 -0.07618 -0.242667 0.135163
0.123404 -0.200596 -0.07618 -0.242667 0.135163
0.123404 -0.200596 -0.07618 -0.242667 0.135163
0.123404 -0.200596 -0.07618 -0.242667 0.135163
0.155883 -0.309914 -0.026763 -0.222918 -0.056839
0.21041 -0.289641 -0.040391 -0.380531 -0.12725
0.219132 -0.241177 -0.02162 -0.27964 -0.062036
0.143202 -0.330847 -0.032439 -0.04757 0.090645
0.168931 -0.242185 0.023865 -0.002207 0.021598
0.199095 -0.146607 0.02328 -0.16628 -0.048924
0.299926 0.004275 0.133446 -0.038397 -0.197384
0.27384 -0.076178 0.156489 0.055211 -0.241934
0.300196 -0.016621 0.178176 0.096341 -0.191076
0.269643 -0.003641 0.16834 -0.011378 -0.325473
0.271132 -0.090058 0.110145 -0.185573 -0.229352
0.271132 -0.090058 0.110145 -0.185573 -0.229352
0.267937 -0.089337 0.082688 -0.188675 -0.129947
0.177501 -0.217063 0.003507 -0.317784 -0.11287
0.177501 -0.217063 0.003507 -0.317784 -0.11287
0.127222 -0.192695 0.004776 -0.184906 -0.110111
0.127222 -0.192695 0.004776 -0.184906 -0.110111
0.031354 -0.246682 -0.088659 0.011047 0.31431
0.262402 0.035612 0.158123 0.038669 -0.182677
0.206008 -0.040073 0.123022 0.066278 -0.198873
0.235454 -0.093453 0.035416 -0.51418 -0.35968
0.235454 -0.093453 0.035416 -0.51418 -0.35968
0.168498 -0.241851 0.003793 -0.163768 -0.040527
0.168498 -0.241851 0.003793 -0.163768 -0.040527
0.168498 -0.241851 0.003793 -0.163768 -0.040527
0.168498 -0.241851 0.003793 -0.163768 -0.040527
0.138648 -0.274519 0.034588 0.125462 0.010264
0.138648 -0.274519 0.034588 0.125462 0.010264
0.138648 -0.274519 0.034588 0.125462 0.010264
0.276811 -0.132007 0.140799 0.180399 0.000224
0.276811 -0.132007 0.140799 0.180399 0.000224
0.264865 -0.108608 0.111625 0.014838 -0.070981
0.264865 -0.108608 0.111625 0.014838 -0.070981
0.216218 -0.065339 0.040306 -0.09718 -0.03703
0.212461 -0.068995 0.124794 0.265533 0.159224
0.231305 -0.167179 0.087772 -0.203785 -0.242344
0.231305 -0.167179 0.087772 -0.203785 -0.242344
0.231305 -0.167179 0.087772 -0.203785 -0.242344
0.231305 -0.167179 0.087772 -0.203785 -0.242344
0.231305 -0.167179 0.087772 -0.203785 -0.242344
0.231305 -0.167179 0.087772 -0.203785 -0.242344
0.243745 -0.089376 0.129247 0.060824 -0.069206
0.291579 -0.021305 0.217827 0.201454 -0.089399
0.291579 -0.021305 0.217827 0.201454 -0.089399
0.205885 -0.101981 0.094075 -0.105747 -0.150963
0.201999 -0.037836 0.066592 -0.106269 -0.090208
0.199284 -0.094227 0.092704 -0.059591 -0.078977
0.185062 -0.109762 0.046226 -0.16143 -0.094232
0.185062 -0.109762 0.046226 -0.16143 -0.094232
0.109834 -0.222359 -0.013227 -0.111923 0.066699
0.185802 -0.22954 0.046852 0.025574 0.021481
0.196625 -0.229238 0.029664 -0.070529 0.046957
0.246774 -0.100124 0.047377 -0.302335 -0.292266
0.149373 -0.244351 -0.046813 -0.143484 0.194275
0.169117 -0.153443 0.047792 0.122109 0.208462
0.194454 -0.111767 0.040353 -0.13108 -0.131564
0.194454 -0.111767 0.040353 -0.13108 -0.131564
0.194454 -0.111767 0.040353 -0.13108 -0.131564
0.209446 -0.092058 -0.018902 -0.386177 -0.152351
0.21742 -0.126953 0.089321 0.258221 0.119136
0.174338 -0.172428 -0.021909 -0.07755 0.08179
0.180104 -0.168823 -0.021409 -0.10687 0.166742
0.268463 -0.026338 0.085782 -0.230402 -0.195012
0.304143 0.087068 0.118763 -0.166494 -0.359513
0.304143 0.087068 0.118763 -0.166494 -0.359513
0.304143 0.087068 0.118763 -0.166494 -0.359513
0.298127 -0.06261 0.07001 -0.469347 -0.379529
0.280006 -0.054505 0.058677 -0.604585 -0.434098
0.280006 -0.054505 0.058677 -0.604585 -0.434098
0.280006 -0.054505 0.058677 -0.604585 -0.434098
0.280006 -0.054505 0.058677 -0.604585 -0.434098
0.280006 -0.054505 0.058677 -0.604585 -0.434098
0.170454 -0.150182 -0.056726 -0.69528 -0.251806
0.170454 -0.150182 -0.056726 -0.69528 -0.251806
0.170454 -0.150182 -0.056726 -0.69528 -0.251806
0.170454 -0.150182 -0.056726 -0.69528 -0.251806
0.170454 -0.150182 -0.056726 -0.69528 -0.251806
0.170454 -0.150182 -0.056726 -0.69528 -0.251806
0.170454 -0.150182 -0.056726 -0.69528 -0.251806
0.170454 -0.150182 -0.056726 -0.69528 -0.251806
0.170454 -0.150182 -0.056726 -0.69528 -0.251806
0.170454 -0.150182 -0.056726 -0.69528 -0.251806
0.170578 -0.141871 -0.044969 -0.446125 -0.079155
0.170578 -0.141871 -0.044969 -0.446125 -0.079155
0.170578 -0.141871 -0.044969 -0.446125 -0.079155
0.129529 -0.206002 -0.033621 -0.224732 0.066717
0.167046 -0.193251 -0.005695 -0.136929 0.035787
0.215051 -0.177797 -0.013752 -0.185709 0.085667
0.190976 -0.131421 -0.030331 -0.304045 0.050444
0.215246 -0.102993 -0.022627 -0.450356 -0.082128
0.215246 -0.102993 -0.022627 -0.450356 -0.082128
0.215246 -0.102993 -0.022627 -0.450356 -0.082128
0.215246 -0.102993 -0.022627 -0.450356 -0.082128
0.215246 -0.102993 -0.022627 -0.450356 -0.082128
0.239537 -0.084836 0.01519 -0.265407 -0.03743
0.249351 -0.050102 0.108962 -0.142584 -0.244556
0.24675 -0.051036 0.142191 -0.06362 -0.210626
