-1468.188
-720.8368
-720.733
-720.2961
-720.2961
-719.9175
-719.9175
-720.5629
-720.4136
-720.1339
-721.15
-721.15
-719.3681
-719.5983
-719.5983
-721.8621
-721.1556
-721.9152
-720.6475
-720.8799
-720.8799
-722.3125
-722.3125
-722.3125
-719.8945
-719.8945
-719.8945
-720.0983
-720.0983
-720.0983
-720.2812
-720.2812
-720.2812
-722.0712
-722.0712
-720.2013
-720.2013
-720.2013
-720.0612
-720.0612
-720.0612
-720.0612
-720.0612
-723.7174
-719.9395
-719.6149
-720.1336
-720.9053
-720.9053
-720.9053
-720.9053
-720.4094
-720.4094
-719.9614
-719.9614
-719.545
-719.545
-720.7633
-720.199
-720.2209
-719.6739
-719.6011
-720.001
-720.001
-720.6236
-722.2343
-722.2343
-722.6486
-721.3688
-720.7985
-720.7048
-721.873
-720.1618
-720.0542
-719.3542
-719.3542
-721.2098
-721.9193
-721.9193
-721.0262
-720.8753
-719.6001
-720.6378
-721.6373
-720.2273
-721.0827
-722.1737
-722.1737
-722.2369
-722.6718
-722.185
-722.185
-722.185
-721.5585
-720.1349
-719.9665
-721.108
-721.5793
-721.5793
-721.1898
-721.1898
-720.0936
-720.2463
-721.126
-723.5003
-722.5007
-720.0781
-720.0182
-719.6697
-719.9927
-721.5624
-721.1284
-720.2704
-720.2704
-719.5183
-719.5183
-719.5589
-719.5589
-719.5589
-719.9131
-719.8616
-719.8528
-719.8528
-719.8528
-719.8528
-719.9421
-719.3729
-719.3729
-719.3729
-720.1944
-720.1944
-721.6824
-720.6836
-720.2386
-720.2386
-722.7515
-723.3248
-725.5073
-723.2494
-723.2494
-723.2494
-722.886
-719.5158
-719.5158
-719.2837
-719.2837
-719.4788
-719.4788
-720.2355
-720.2355
-720.2355
-719.7581
-719.7581
-719.5996
-721.6159
-721.6159
-721.8893
-721.8893
-719.3216
-719.3216
-719.3216
-719.3216
-719.3216
-719.3216
-719.3216
-719.3216
-719.3216
-719.3216
-719.3216
-719.3216
-719.3216
-719.3216
-719.3216
-719.3216
-719.3216
-719.3216
-719.3216
-719.3216
-719.3216
-720.2032
-720.707
-720.707
-720.3675
-719.2245
-719.3731
-719.3731
-719.3731
-719.4473
-720.9504
-720.511
-719.6377
-720.6616
-720.0595
-719.6403
-719.6517
-719.9899
-719.4311
-719.4311
-719.4311
-719.4709
-719.4709
-720.0665
-719.731
-719.731
-720.6325
-722.8174
-723.8112
-723.3979
-723.3979
-726.0785
-723.1683
-723.1683
-722.6394
-722.6394
-724.3161
-720.5495
-720.0363
-720.0363
-720.2654
-720.0184
-720.0184
-719.3777
-719.3777
-719.3777
-719.3777
-720.8968
-721.428
-720.1322
-720.1322
-720.1322
-720.697
-719.9691
-719.9691
-721.8405
-721.8405
-721.8405
-721.8405
-720.2556
-720.2556
-720.2556
-720.438
-720.438
-720.438
-720.438
-720.11
-720.11
-720.11
-720.9343
-720.895
-720.1047
-720.1047
-719.4523
-719.776
-720.7491
-720.7491
-721.3034
-720.5339
-719.8659
-719.8659
-719.8659
-721.283
-721.283
-721.9123
-720.8448
-720.8448
-720.4825
-719.7915
-719.7915
-719.9731
-721.0015
-720.536
-719.7788
-719.7788
-719.7788
-719.7788
-719.6928
-719.6928
-719.6928
-719.6928
-720.0159
-720.0759
-721.3257
-721.5862
-720.2726
-720.2726
-720.2726
-720.0716
-720.379
-721.4081
-719.4327
-719.6698
-719.6926
-719.6739
-719.6739
-721.2398
-719.506
-720.8423
-720.4597
-721.5511
-720.4442
-720.2832
-721.0884
-721.0884
-721.0884
-721.0884
-720.8605
-720.9148
-719.7365
-721.1168
-719.8646
-720.7837
-720.7
-721.2476
-720.7222
-720.7222
-720.7222
-720.7222
-720.7222
-719.9418
-719.8082
-719.8082
-719.5448
-719.5448
-719.0439
-719.0439
-719.0439
-719.3754
-720.3809
-720.6252
-719.9283
-719.9283
-720.5259
-720.5259
-720.5259
-720.5259
-722.0464
-721.0164
-719.7941
-719.4154
-721.1261
-721.1261
-721.0036
-725.4144
-721.8089
-721.6751
-721.6751
-721.6751
-721
-721
-721
-721
-721.0262
-721.0821
-721.6472
-722.8422
-722.8422
-722.8422
-720.9555
-720.8252
-721.3679
-721.939
-719.8446
-720.5011
-720.5011
-720.5147
-721.1179
-722.9692
-720.4007
-720.6159
-720.6159
-719.7439
-720.2151
-720.2151
-720.6654
-720.6654
-721.748
-721.748
-720.6939
-720.1753
-719.8071
-719.8071
-720.5459
-721.3598
-720.0711
-720.1724
-719.9987
-720.017
-719.8568
-720.2724
-719.6419
-720.2867
-720.2867
-719.7609
-720.3072
-720.3072
-721.3709
-719.9598
-720.797
-719.4185
-719.4185
-719.4185
-719.8199
-719.7243
-719.7243
-721.6623
-721.3204
-721.3944
-721.3944
-719.7081
-719.7104
-719.9193
-719.9193
-721.1979
-720.8475
-720.8475
-719.8036
-719.8036
-720.4589
-720.4589
-720.6477
-720.6477
-720.6477
-720.6477
-720.5509
-719.6898
-719.6074
-719.6074
-720.663
-719.8394
-719.8394
-721.308
-721.713
-721.713
-721.713
-722.1557
-722.1557
-721.9424
-724.5751
-723.8362
-722.7148
-723.3195
-723.3195
-721.592
-719.9887
-719.9887
-719.9887
-719.9337
-721.9205
-720.9739
-722.0196
-721.7844
-721.752
-721.3367
-721.2138
-721.6951
-721.4058
-721.9978
-721.9978
-721.8761
-722.743
-722.2951
-720.6952
-720.2534
-720.2534
-719.6682
-719.3932
-719.3932
-719.3932
-719.3932
-719.3932
-719.3593
-719.3593
-719.3593
-719.3593
-719.3593
-719.3593
-719.5349
-720.3137
-721.1196
-720.5028
-719.9878
-719.9878
-719.9098
-720.8253
-722.3507
-722.8803
-725.0842
-724.0567
-720.6255
-721.7657
-721.6406
-720.5744
-720.5744
-720.5744
-721.7592
-721.7592
-720.5536
-720.5536
-720.5536
-721.7828
-721.5609
-721.5609
-721.5609
-720.826
-719.9412
-719.9412
-719.9412
-719.9412
-719.9412
-719.9412
-719.9412
-719.9412
-719.9412
-719.3916
-719.3916
-719.3916
-719.504
-720.9491
-721.1202
-721.1202
-722.83
-720.3717
-720.3717
-720.3717
-720.3717
-720.3828
-723.0744
-723.0744
-723.8114
-722.9441
-722.8037
-722.3633
-721.9141
-721.6381
-723.546
-723.546
-721.5498
-723.3092
-723.3092
-722.3253
-724.6303
-721.1765
-721.1765
-720.3345
-720.3345
-720.018
-720.1587
-719.4176
-719.513
-719.513
-720.6362
-720.6362
-721.0037
-721.4008
-722.11
-720.8905
-721.3997
-719.3271
-721.539
-721.1801
-720.0571
-720.0571
-720.4703
-720.4703
-720.4703
-720.4255
-720.6614
-722.1278
-720.9147
-720.2393
-720.9333
-721.5823
-721.5823
-720.1392
-719.8411
-719.9638
-720.5692
-720.5692
-719.8597
-721.3807
-721.3807
-719.9598
-720.1469
-723.9751
-720.9128
-720.9128
-720.869
-720.3624
-720.3624
-720.2067
-720.2761
-720.2761
-720.2761
-720.2761
-720.2761
-720.2761
-720.2761
-719.3972
-720.8224
-726.8733
-726.8733
-726.8733
-722.8666
-720.7388
-720.7388
-719.3985
-720.3308
-721.0844
-720.3398
-719.8303
-719.8303
-721.5322
-720.2763
-720.2763
-720.2763
-719.9131
-720.6602
-721.5616
-722.9075
-719.9918
-719.9918
-721.8922
-720.2382
-719.8409
-719.8409
-719.8409
-719.8409
-719.8409
-719.8409
-721.5187
-719.9991
-719.1465
-721.0104
-720.6778
-719.7841
-719.821
-719.7857
-719.7857
-719.7708
-719.2738
-720.5794
-718.9956
-720.2714
-720.9426
-719.7247
-719.9296
-719.9298
-719.9298
-719.9298
-719.0876
-719.7557
-719.7841
-719.937
-719.4343
-719.4343
-719.4343
-720.0738
-720.087
-722.3087
-721.9594
-721.9594
-720.5382
-720.6896
-719.7694
-721.4087
-722.9022
-723.4132
-723.61
-721.6629
-722.0323
-722.4424
-720.198
-719.3432
-719.3432
-719.3432
-719.3432
-719.3432
-721.0351
-720.8782
-720.3955
-720.3955
-719.8633
-722.2486
-719.4809
-720.1529
-719.4726
-719.4726
-719.902
-719.9348
-719.6396
-719.1871
-719.1871
-719.1871
-719.1871
-719.9286
-721.3293
-719.739
-719.739
-719.739
-719.739
-719.739
-721.3356
-720.2464
-719.245
-720.348
-719.4714
-719.4714
-719.5154
-719.5154
-720.8124
-721.9877
-720.1455
-719.3845
-719.6762
-719.6946
-720.5913
-719.8008
-719.8008
-719.8008
-719.5441
-719.5441
-719.0736
-719.0736
-721.7695
-721.7695
-723.1692
-721.4884
-722.2294
-721.6712
-719.4698
-719.9666
-719.9666
-719.9666
-719.2356
-719.2356
-719.2356
-719.2356
-719.9977
-719.9977
-719.9977
-719.9977
-719.9977
-719.9977
-720.7187
-720.7187
-719.6337
-719.6337
-719.6337
-719.706
-721.0166
-720.8207
-721.3831
-719.7187
-721.063
-721.3407
-721.3407
-720.6972
-720.2713
-720.9091
-719.9608
-719.9696
-719.9696
-719.9696
-720.0454
-720.2657
-719.9735
-720.4556
-720.4556
-720.4556
-721.3216
-719.5161
-719.5161
-719.5161
-720.1892
-720.1892
-720.1892
-721.3029
-720.1783
-720.1783
-720.1783
-720.1783
-720.1783
-721.1442
-720.2176
-720.2176
-720.2176
-719.1744
-719.7992
-720.76
-720.76
-720.76
-719.3271
-720.5371
-719.8774
-720.1012
-720.1012
-720.6666
-720.6666
-720.394
-720.0323
-720.3445
-720.3902
-719.65
-719.65
-723.6081
-721.9039
-721.9039
-720.1076
-721.8036
-719.7111
-719.7111
-720.6143
-721.134
-720.5712
-720.5088
-721.0332
-721.0332
-720.9407
-721.8472
-721.614
-719.5886
-719.5886
-720.1063
-720.1063
-720.1063
-719.7792
-721.8953
-721.7095
-722.0953
-722.0953
-722.0953
-722.0953
-720.3359
-720.4451
-719.1943
-719.7416
-719.8243
-719.8243
-719.8243
-719.8243
-719.8243
-719.8543
-719.8543
-719.8543
-719.8543
-719.9775
-719.7467
-719.7991
-719.7991
-719.7991
-719.7991
-719.7991
-719.7991
-719.7201
-721.419
-720.7749
-719.6753
-720.8978
-720.058
-720.802
-719.768
-719.768
-720.6919
-723.8783
-723.8783
-723.8783
-719.9911
-719.6765
-719.6765
-719.6765
-723.0775
-722.8833
-720.8278
-720.8278
-723.2731
-723.2731
-723.7192
-723.7192
-722.4028
-723.6703
-720.1696
-720.1696
-721.6039
-721.6039
-720.4262
-721.8763
-721.8763
-721.571
-719.9273
-719.6714
-719.6714
-720.266
-719.9203
-721.4043
-720.5522
-720.7657
-721.6713
-721.0504
-723.4109
-723.4109
-725.7228
-722.039
-720.3578
-720.3578
-720.3578
-720.3578
-719.5335
-719.5335
-719.5335
-719.9655
-720.5381
-721.8129
-719.987
-719.987
-719.8382
-719.4235
-719.4346
-719.4346
-719.4346
-719.4346
-719.4346
-719.5651
-719.5415
-720.5301
-719.2065
-719.4904
-719.3101
-719.6274
-719.6274
-719.2693
-719.9087
-719.5238
-721.0593
-720.7156
-720.7156
-720.7156
-719.7719
-719.6873
-719.6873
-720.4949
-721.2816
-719.676
-719.676
-719.676
-719.676
-719.676
-719.553
-719.2572
-719.2572
-719.2572
-720.2356
-720.2356
-721.0757
-719.4689
-720.8796
-720.8796
-720.2148
-720.5565
-719.3182
-719.6806
-719.4465
-719.4465
-719.5626
-720.4841
-720.5889
-720.0345
-720.0345
-720.0752
-720.0752
-719.8143
-719.8143
-719.8143
-719.8143
-719.8143
-720.431
-720.431
-719.6817
-719.3474
-719.3474
-719.8381
-719.8381
-719.8381
-722.5014
-721.855
-721.855
-721.855
-721.855
-722.6422
-722.6422
-722.11
-720.4527
-720.4527
-719.7982
-719.7982
-719.7982
-719.0924
-719.0523
-719.0523
-719.6793
-720.181
-720.027
-720.027
-720.027
-720.027
-720.027
-720.027
-719.9348
-720.2464
-720.2464
-720.5093
-720.8379
-720.8379
-723.8106
-723.8106
-723.8106
-724.0382
-722.7914
-721.4459
-721.0672
-721.0672
-720.0863
-719.5054
-719.5054
-719.5054
-720.6363
-720.089
-720.9662
-719.5814
-719.5814
-719.5814
-719.5814
-719.5814
-720.7063
-721.2976
-720.8033
-720.6451
-721.8646
-721.2753
-721.2753
-721.2753
-720.0468
-720.4575
-719.7995
-719.7995
-720.6223
-722.5011
-720.8608
-721.2306
-720.5867
-721.1413
-720.6597
-720.815
-720.815
-721.1294
-721.1294
-721.1294
-720.381
-720.7448
-720.542
-720.4415
-720.8617
-720.668
-723.323
-723.323
-720.016
-719.7028
-719.9235
-720.8208
-720.4816
-719.193
-720.1472
-719.9653
-719.6535
-719.6535
-721.2854
-720.3157
-719.7774
-719.7774
-722.1194
-722.1194
-719.6287
-719.6287
-720.7504
-719.79
-720.1309
-719.9814
-719.3947
-719.8064
-719.4882
-719.4882
-719.4882
-720.4444
-720.0551
-720.0551
-720.0551
-720.0551
-720.0551
-719.9323
-720.0632
-720.0632
-719.546
-719.5879
-719.5879
-719.5623
-720.7117
-720.7117
-720.1758
-719.6218
-720.5943
-720.2077
-721.0992
-720.2189
-720.2189
-719.7733
-719.7733
-720.1066
-720.3576
-720.6397
-720.0821
-720.0908
-720.0558
-719.8973
-719.8973
-719.8434
-720.26
-720.26
-719.8387
-720.0323
-721.0824
-721.4821
-721.0842
-720.0183
-721.383
-722.0048
-720.928
-722.0329
-721.378
-720.3935
-720.3935
-720.1651
-720.2634
-720.3673
-721.0101
-720.3578
-721.6203
-720.6534
-722.1993
-722.1993
-722.1993
-720.7207
-721.0393
-719.7881
-719.6842
-720.1786
-720.6784
-720.6784
-719.3494
-720.889
-720.9417
-720.9417
-720.9417
-722.1415
-722.1415
-722.1415
-721.6535
-721.6535
-724.2928
-724.2928
-724.2928
-721.7746
-721.7746
-721.7746
-720.4541
-720.4541
-720.9281
-720.9281
-720.9281
-720.9281
-720.9281
-720.9281
-720.392
-720.392
-721.0373
-724.9601
-723.6724
-723.4404
-722.4377
-721.9181
-721.9181
-721.7423
-721.7423
-722.8311
-722.4586
-722.4586
-722.1555
-720.8475
-720.8475
-720.9546
-719.5874
-719.5874
-719.4805
-719.4805
-719.9283
-719.917
-719.917
-719.9141
-719.8285
-719.476
-719.476
-719.9061
-719.9061
-719.9061
-719.9061
-721.567
-721.567
-721.4937
-720.2321
-719.5371
-720.2281
-719.9868
-719.9868
-719.9868
-719.2685
-720.1955
-719.5774
-720.352
-720.352
-719.8302
-719.8302
-720.6501
-720.6501
-720.6501
-720.4426
-720.4426
-720.4426
-720.4426
-720.8279
-720.5303
-720.5303
-720.8084
-720.8084
-721.8183
-719.4698
-719.4698
-719.4698
-719.4698
-719.5995
-720.1314
-720.4695
-720.4695
-719.9455
-720.1661
