-1812.581
-719.7414
-719.7414
-719.7564
-719.9906
-719.3275
-719.3275
-719.3275
-719.3275
-720.0877
-719.6483
-719.8191
-719.8191
-719.8191
-719.8191
-719.6722
-719.7102
-720.014
-719.9039
-720.1662
-720.1662
-721.3675
-720.8091
-720.8091
-721.1379
-721.1379
-721.1379
-720.4168
-720.4168
-721.3865
-720.4553
-720.3638
-720.8686
-720.4543
-720.9181
-720.9181
-720.6092
-720.3917
-720.3917
-719.8634
-720.4523
-720.4523
-720.4523
-720.4523
-720.4523
-720.4523
-721.6318
-721.2633
-720.63
-720.8991
-720.5726
-720.5816
-721.263
-720.1921
-719.7021
-720.8644
-720.0078
-719.9856
-721.3658
-721.4945
-720.977
-720.9938
-720.8252
-720.9802
-720.9802
-720.9802
-719.729
-719.729
-719.729
-719.729
-720.4585
-720.2254
-720.2254
-720.6878
-720.9709
-720.7543
-719.8021
-720.1344
-719.5823
-719.5823
-720.9666
-720.9666
-720.9666
-721.7752
-721.7752
-720.755
-719.8097
-719.8097
-719.8097
-719.465
-719.465
-720.02
-719.8761
-724.5818
-722.0682
-721.0046
-721.0046
-721.0046
-721.0046
-721.0046
-721.0046
-721.2745
-721.2745
-721.2258
-721.3839
-719.5329
-719.9112
-719.9112
-719.9112
-719.9112
-721.4018
-719.349
-719.52
-721.697
-720.8177
-720.8177
-720.8915
-720.8915
-720.8915
-720.2714
-721.5606
-720.2849
-719.8232
-719.8231
-719.8713
-719.3613
-719.3613
-720.0453
-720.0453
-719.5056
-719.5056
-720.2161
-720.2886
-720.2886
-721.5977
-720.3511
-720.1316
-720.1316
-721.6048
-720.3196
-721.2959
-721.6085
-722.2356
-721.3052
-719.5749
-719.8362
-720.6203
-720.6203
-720.6203
-720.4426
-721.0695
-720.1545
-720.1545
-719.5868
-720.6848
-719.5008
-719.5008
-719.7309
-719.7309
-720.2615
-720.2615
-720.2544
-720.2544
-720.5523
-720.5523
-719.5828
-719.5828
-719.5828
-719.5828
-719.5828
-719.5828
-719.5828
-719.3494
-719.8505
-719.562
-721.6111
-722.0357
-721.849
-721.849
-721.849
-721.849
-721.849
-721.6581
-721.6581
-719.6109
-719.4161
-719.4161
-721.6995
-719.5245
-719.2319
-720.1509
-721.0092
-721.0092
-720.6575
-720.8264
-719.5966
-720.2659
-719.9505
-720.2558
-720.2558
-720.2558
-720.2558
-720.2558
-719.3826
-719.3826
-719.788
-719.788
-720.4154
-720.5634
-720.6035
-720.6035
-720.6651
-720.6651
-720.6651
-721.4903
-720.7057
-719.5972
-719.6321
-721.5527
-721.163
-721.163
-722.2471
-720.8914
-720.881
-720.7401
-720.5811
-721.6371
-720.8796
-720.6737
-719.5827
-719.5827
-719.5827
-720.8789
-719.7145
-719.7145
-721.3628
-721.3628
-721.3628
-721.3628
-720.3189
-719.7409
-719.7409
-720.8652
-720.8652
-720.8652
-721.2488
-722.2818
-721.1554
-721.2417
-721.435
-721.435
-721.9303
-722.8978
-722.8978
-723.0739
-719.9261
-721.4128
-721.4128
-720.9058
-720.025
-721.2344
-719.6745
-719.7231
-719.5753
-719.5753
-719.766
-719.766
-719.766
-719.9921
-719.4612
-719.4612
-719.4612
-719.4612
-719.4612
-719.4612
-719.3861
-719.3861
-720.1809
-720.1809
-720.1809
-720.1809
-719.2713
-719.2713
-719.2713
-719.2713
-719.2713
-719.0996
-719.0996
-720.161
-720.1475
-720.1475
-720.3111
-719.4995
-721.3795
-719.6441
-719.5092
-719.9511
-720.9083
-720.9083
-722.3525
-721.5405
-721.5405
-720.8838
-720.8838
-720.8838
-720.8838
-720.8838
-719.9404
-719.4192
-719.3668
-720.116
-719.9275
-719.9275
-719.9275
-719.302
-719.8107
-719.9807
-719.8468
-720.5561
-720.7698
-720.7698
-720.7698
-720.3823
-719.759
-720.1868
-719.2411
-721.2056
-719.4497
-721.6166
-720.6335
-720.6202
-720.6202
-720.6202
-721.157
-720.0297
-720.133
-720.133
-720.0286
-719.401
-720.0271
-719.9662
-719.9662
-719.809
-719.809
-720.6422
-720.4841
-719.0758
-719.0758
-719.0758
-720.2826
-719.7166
-720.4963
-720.1743
-719.9742
-719.9742
-720.119
-719.9331
-719.7216
-719.7216
-719.8396
-720.4912
-720.9034
-722.7557
-721.3963
-720.3414
-720.3414
-720.1605
-720.1753
-720.1753
-719.8483
-719.8483
-721.6179
-722.1191
-722.1191
-720.0958
-719.3654
-719.3654
-719.3654
-720.5175
-720.3273
-720.5586
-721.7329
-720.665
-720.7272
-720.7272
-720.7272
-720.7272
-720.7272
-720.7272
-719.6117
-719.328
-720.0869
-720.1386
-720.7845
-723.8683
-722.1416
-720.9095
-720.0312
-719.7904
-719.738
-719.7365
-721.7506
-721.1062
-719.6166
-720.1476
-720.1476
-720.1476
-721.1971
-721.1093
-721.1093
-720.3092
-719.8443
-719.8443
-720.7594
-720.7594
-721.5488
-721.4995
-721.2703
-720.775
-720.4888
-720.4888
-720.4888
-720.4888
-719.757
-719.757
-720.048
-720.048
-720.0004
-719.1905
-719.5213
-719.9732
-719.9732
-719.9732
-719.3706
-719.9644
-719.9644
-719.9644
-719.9644
-719.9644
-719.9644
-720.0462
-720.3992
-720.3992
-720.9571
-720.4322
-720.6919
-719.9289
-719.9289
-719.9289
-720.7649
-720.2402
-719.9639
-719.9639
-719.691
-720.9403
-719.4361
-719.4361
-721.1988
-721.1988
-722.6389
-720.7837
-720.7837
-721.368
-719.5697
-719.5697
-720.0075
-720.0075
-721.4047
-720.9266
-720.9266
-720.9266
-720.6671
-721.9398
-721.9398
-720.3691
-720.0333
-719.9037
-719.9037
-719.9037
-719.9693
-719.6692
-719.5583
-719.5583
-722.1662
-720.6671
-721.5557
-721.5557
-720.9505
-720.9505
-720.2028
-720.0529
-719.5777
-720.8118
-720.8118
-720.8118
-720.8491
-721.521
-721.521
-721.521
-721.521
-721.521
-721.0296
-719.2438
-720.1145
-720.0393
-719.3697
-719.5397
-720.6878
-720.4822
-720.4822
-720.5807
-720.5807
-720.5807
-719.2545
-719.2545
-719.2545
-719.2545
-719.6941
-721.3567
-722.8739
-723.0994
-723.0994
-722.2809
-720.3355
-721.177
-720.7106
-720.7106
-719.5273
-719.5144
-719.4612
-719.4612
-719.4612
-719.4612
-719.4612
-720.0729
-720.0729
-720.1437
-720.1437
-720.1437
-720.5438
-720.5438
-720.5438
-720.5438
-720.5438
-720.5438
-719.7768
-719.6433
-719.8247
-719.8247
-719.8247
-720.4291
-721.4821
-720.6732
-720.6732
-720.3917
-720.343
-720.343
-720.343
-720.343
-720.4304
-719.6931
-719.7797
-720.4719
-720.4719
-720.775
-720.775
-720.775
-720.775
-720.775
-720.775
-720.775
-720.8943
-720.7462
-720.7462
-719.9599
-719.9599
-719.9599
-719.9599
-719.9599
-722.3629
-722.3629
-724.0484
-723.5486
-721.0318
-721.0318
-720.8822
-720.5922
-720.5922
-720.5922
-720.1937
-720.24
-719.4563
-719.6375
-720.817
-720.4894
-719.8882
-721.6239
-721.6239
-722.3553
-721.0884
-721.0884
-720.4104
-720.4104
-720.8294
-721.135
-720.5926
-720.3389
-720.5003
-720.0546
-719.7912
-719.7912
-719.7912
-720.3003
-720.3003
-719.7759
-719.7759
-720.3614
-721.1133
-720.8482
-720.435
-720.0987
-719.1926
-719.1926
-719.1926
-719.8726
-720.865
-719.683
-719.9248
-719.9248
-719.6624
-719.6624
-719.6624
-719.7557
-719.7557
-720.0966
-720.0966
-719.7112
-719.5516
-719.5345
-720.5697
-723.2116
-719.8681
-720.282
-720.6518
-720.6518
-720.6518
-720.2048
-720.0431
-719.373
-719.373
-719.4111
-720.4959
-720.4959
-720.8089
-720.8089
-720.8089
-720.8089
-720.4052
-720.4052
-719.4732
-719.9453
-719.9453
-720.2595
-720.2435
-719.8924
-720.8278
-721.0645
-721.2731
-721.0719
-721.0719
-721.0719
-721.4389
-722.9942
-722.2607
-722.2607
-722.2607
-723.0299
-723.0299
-723.0299
-722.007
-722.7299
-722.5141
-721.0864
-721.0864
-724.3963
-722.6878
-720.9967
-719.7753
-719.3888
-720.1357
-719.7956
-722.4488
-722.1314
-722.1314
-722.1314
-720.6098
-720.2994
-720.2994
-721.0495
-721.741
-719.3294
-719.3294
-719.3294
-719.5507
-721.641
-721.3912
-722.5362
-722.5362
-721.6244
-719.9967
-720.9007
-720.9007
-720.9007
-721.1431
-720.6858
-720.6858
-719.4466
-720.0215
-719.2488
-719.2488
-719.4375
-719.4375
-719.3252
-720.6114
-720.2776
-719.9817
-719.7135
-719.7135
-719.7135
-719.7135
-719.7135
-720.6723
-720.8191
-720.8191
-721.107
-720.9822
-720.3845
-720.3845
-721.6663
-720.6388
-720.6388
-721.7947
-720.69
-721.9743
-721.155
-720.8093
-720.0549
-721.9903
-721.8301
-722.4637
-723.0362
-723.6003
-721.4516
-721.0925
-721.8246
-721.8246
-720.6935
-720.6935
-720.4969
-720.4969
-722.737
-721.1071
-720.1433
-720.148
-720.148
-721.4084
-722.7646
-724.9622
-723.0858
-723.0858
-723.0858
-723.0858
-723.0858
-723.0858
-723.0858
-723.0858
-723.0858
-723.0858
-723.0858
-723.0858
-723.0858
-722.0158
-719.8283
-719.8283
-719.8283
-720.1714
-720.1714
-720.1714
-720.0595
-720.4759
-720.4759
-719.9305
-721.1209
-721.1209
-721.4977
-720.3065
-720.9248
-720.9248
-720.0186
-720.0186
-720.0912
-719.989
-720.9022
-720.7818
-720.641
-722.9763
-722.0176
-721.0158
-721.0158
-721.6892
-723.6611
-726.163
-723.8061
-721.068
-720.0038
-720.0038
-720.697
-721.6032
-721.8312
-721.1882
-719.4555
-719.4555
-720.6766
-720.2154
-720.1374
-720.0348
-719.3827
-719.3827
-720.6739
-720.7624
-719.3006
-720.7901
-720.7901
-720.6853
-722.1371
-721.9556
-720.8323
-720.8323
-720.5026
-722.2413
-719.5533
-719.5372
-719.2326
-719.2326
-720.0631
-720.2067
-720.0014
-719.7497
-719.6765
-719.1697
-719.1066
-719.1066
-719.9606
-720.3068
-719.5035
-719.5035
-719.3539
-719.9624
-719.9624
-719.9624
-720.7758
-722.769
-722.769
-721.0884
-721.0884
-720.2414
-720.2414
-720.8257
-720.3064
-720.1728
-720.0605
-720.0605
-720.0494
-720.0494
-719.4243
-719.652
-719.652
-719.652
-719.8199
-719.711
-720.046
-719.836
-719.836
-722.3675
-720.5813
-720.4473
-720.5807
-720.5807
-721.2439
-720.2283
-720.2283
-720.2283
-720.2283
-719.8667
-719.6178
-720.1953
-720.3071
-720.3071
-720.3071
-720.3071
-720.3349
-720.3349
-720.3349
-720.5746
-720.5746
-720.5644
-720.5644
-720.5644
-725.4085
-720.2829
-722.1384
-722.1542
-722.1542
-720.9676
-720.8081
-720.8081
-720.0196
-720.0196
-724.7294
-724.0738
-721.9292
-721.1891
-721.1891
-720.8757
-719.3679
-719.6578
-719.6578
-720.7457
-720.4428
-720.4428
-720.4604
-721.7809
-721.7809
-720.8928
-720.9798
-721.5824
-723.8255
-723.8255
-721.3213
-720.5391
-720.5391
-720.9924
-720.9924
-723.0038
-721.8851
-721.2525
-720.1101
-720.1101
-719.6551
-719.2521
-719.2521
-719.2521
-720.5925
-721.4833
-721.4833
-721.0042
-719.4456
-719.6612
-719.6612
-719.6612
-722.4339
-722.1302
-722.1302
-719.972
-719.972
-719.972
-719.972
-719.972
-719.972
-719.972
-719.6612
-719.9969
-720.3648
-719.8927
-719.8927
-720.4916
-720.7953
-720.7953
-720.8696
-720.8696
-720.8696
-720.8696
-720.796
-720.0287
-720.0287
-720.0287
-720.0646
-719.3028
-719.9714
-719.9714
-719.5606
-719.5606
-719.7728
-722.137
-721.5973
-721.5973
-720.5037
-720.5037
-720.0062
-720.0062
-720.1783
-720.1783
-720.1783
-721.454
-724.6772
-724.3831
-721.1645
-721.1645
-721.1645
-720.6545
-720.6545
-719.5416
-719.6322
-720.1373
-719.2393
-719.6535
-719.3836
-719.5766
-719.5766
-719.9999
-719.9999
-721.7431
-720.6705
-719.7908
-719.7908
-720.5646
-720.5646
-720.0169
-720.0169
-720.0169
-721.4987
-721.4987
-721.3001
-721.3001
-721.2835
-721.2835
-721.272
-720.3354
-720.3046
-720.3046
-721.3416
-720.7535
-721.4594
-720.8801
-720.0533
-723.0215
-723.0215
-720.7608
-720.7608
-719.8264
-719.8264
-723.075
-721.1145
-719.6521
-720.1601
-720.1601
-719.7946
-719.7946
-719.7878
-719.3845
-719.5808
-719.5808
-719.5808
-721.7507
-722.2346
-721.4566
-720.0006
-720.0006
-721.2414
-721.2414
-721.2414
-722.1447
-720.3291
-720.2713
-720.2713
-720.2713
-720.1165
-720.9859
-719.1306
-719.1306
-719.1306
-719.1306
-719.1306
-719.1306
-719.1306
-719.1306
-719.1306
-720.2743
-720.2743
-719.8945
-719.7086
-720.0637
-722.0423
-722.1738
-721.6251
-721.7618
-721.4674
-720.9105
-720.9105
-719.3747
-720.8243
-720.1251
-720.2323
-720.2323
-720.1928
-720.4492
-721.0233
-721.0233
-720.4174
-720.3907
-721.2353
-719.7237
-719.6549
-719.6549
-720.1062
-720.1062
-720.1062
-720.1062
-720.1962
-719.8251
-719.8251
-720.4289
-721.8956
-720.5551
-719.8884
-719.8884
-719.8173
-721.2323
-721.1232
-721.1232
-720.5403
-721.0257
-720.3788
-720.3788
-720.3788
-719.7013
-719.7013
-721.2944
-720.8571
-720.8571
-720.8571
-721.7733
-721.7733
-720.7901
-720.7061
-720.6662
-720.0814
-720.0814
-720.1592
-720.0722
-719.5949
-719.5949
-719.5949
-720.6034
-720.5904
-720.5797
-720.5797
-720.5797
-720.5797
-720.7987
-720.4785
-719.5078
-719.2067
-719.7497
-721.4518
-719.8839
-720.1695
-720.7792
-720.6652
-720.6207
-720.6207
-720.6207
-719.7689
-719.7689
-720.7905
-722.3322
-721.0252
-721.0252
-721.113
-721.113
-720.4426
-719.5759
-719.5759
-720.4234
-720.5148
-720.7836
-720.6511
-720.6511
-720.6511
-722.0795
-720.0614
-720.0614
-721.9635
-720.4028
-721.288
-719.6198
-719.424
-719.6161
-722.5138
-720.9829
-719.6861
-719.7164
-720.1721
-720.1721
-719.4713
-720.2982
-722.4967
-720.6256
-719.4807
-719.9524
-719.9524
-720.396
-720.6657
-720.6657
-720.0073
-719.3085
-719.3085
-719.3085
-719.3085
-720.1523
-721.4672
-721.4672
-721.4672
-721.4672
-721.4672
-721.2588
-720.266
-720.266
-720.266
-720.266
-720.266
-720.266
-720.266
-721.1685
-719.7825
-719.86
-720.5088
-720.5597
-720.5597
-721.6258
-723.1677
-723.1677
-723.4549
-720.2647
-719.9557
-719.9557
-719.2605
-719.2605
-721.2359
-721.4112
-720.7087
-720.5481
