-1057.524
-720.1115
-719.2201
-719.4675
-719.5776
-719.5776
-719.5776
-719.6322
-719.6322
-719.6322
-720.5041
-720.5041
-720.5041
-720.5041
-719.5948
-720.2924
-721.8073
-721.4402
-721.4402
-719.7234
-720.2802
-720.2802
-720.2802
-721.219
-720.2731
-720.2127
-720.9887
-720.9887
-720.9887
-719.5685
-720.6466
-720.0798
-719.6895
-719.9072
-721.0153
-721.5983
-720.1543
-720.5299
-720.5299
-720.5299
-719.4029
-719.4029
-719.0349
-719.0349
-719.0349
-720.1095
-720.4234
-720.0619
-720.7649
-720.6994
-721.7233
-721.2017
-719.3997
-720.1756
-720.0489
-720.3473
-720.1143
-722.4695
-719.7508
-719.0642
-719.4616
-719.6088
-719.6025
-719.6025
-719.8854
-720.2481
-720.2481
-720.2481
-720.2481
-720.2418
-720.2418
-720.6134
-721.1005
-721.1005
-721.7305
-721.6129
-720.5592
-719.2064
-720.0948
-720.0099
-719.8313
-719.8313
-720.2595
-719.8375
-720.4025
-721.6225
-721.0956
-721.0956
-721.0956
-721.1602
-721.3923
-721.3923
-721.9652
-721.2001
-720.0019
-720.0019
-719.9398
-719.7852
-720.4545
-721.2455
-720.6998
-723.2603
-722.7641
-722.7641
-722.7641
-721.2237
-721.8112
-721.8112
-719.8399
-719.8399
-719.8399
-719.8399
-719.8399
-720.0687
-720.0687
-720.6178
-720.201
-720.4783
-719.9805
-719.5578
-719.4289
-719.4289
-720.245
-720.245
-721.6944
-721.7291
-720.8743
-720.9473
-720.9473
-720.9675
-719.497
-719.497
-720.4622
-720.0243
-720.0243
-722.1727
-722.1727
-720.2895
-719.6959
-719.6959
-719.3333
-720.0182
-720.0182
-720.5776
-720.5776
-720.8649
-720.8649
-721.0424
-721.0424
-721.0424
-721.6694
-721.1026
-721.1026
-721.7336
-720.0746
-720.159
-720.159
-720.0735
-720.0735
-721.4593
-721.4593
-720.6759
-720.6759
-720.6759
-720.6759
-720.6759
-720.6759
-719.1193
-719.1193
-719.1193
-719.1193
-719.1193
-719.1193
-719.1193
-719.6453
-719.6453
-719.6453
-719.6453
-720.3094
-719.9241
-721.5378
-720.4684
-720.4684
-719.2538
-719.2538
-721.076
-720.1041
-720.8467
-719.7453
-719.6244
-719.6244
-719.6244
-719.6244
-720.1475
-720.1475
-723.4949
-721.9308
-721.4682
-724.2147
-722.9993
-721.8336
-720.8744
-719.9383
-719.9208
-719.8536
-720.6484
-720.3951
-720.2739
-720.2739
-720.2739
-719.7865
-719.7865
-720.7155
-721.2042
-720.6174
-719.5935
-719.2376
-719.0525
-719.0525
-719.0525
-720.9948
-719.5885
-719.7247
-720.0002
-719.9
-719.964
-720.5973
-719.8004
-720.8623
-720.8623
-720.7029
-720.6661
-722.352
-720.7153
-719.9344
-719.8687
-721.1727
-721.1727
-721.1993
-721.1993
-720.1675
-720.0709
-720.0709
-720.4292
-720.2219
-720.2219
-721.2346
-721.2346
-721.2346
-721.6949
-721.2775
-722.5661
-722.8671
-721.2572
-720.3033
-720.4898
-720.0267
-720.1383
-720.7016
-720.4159
-720.4159
-720.4939
-720.1235
-719.5725
-719.5725
-719.9351
-719.9351
-720.548
-720.548
-720.3423
-720.2957
-720.2957
-720.2957
-720.2957
-720.0098
-720.0098
-720.3405
-720.3405
-720.1074
-720.4247
-719.9944
-719.9944
-719.9895
-719.9895
-719.8382
-719.9926
-722.5151
-721.5985
-722.2042
-721.9076
-721.9076
-720.846
-720.7689
-720.7689
-721.2109
-720.0738
-719.2413
-720.0943
-720.0943
-720.0943
-720.0943
-721.0393
-721.0393
-720.7615
-719.1425
-719.1425
-719.1425
-719.1425
-719.1425
-719.1425
-719.1425
-719.1425
-719.1425
-719.1425
-720.1934
-721.1999
-721.1999
-721.1999
-721.2003
-720.533
-721.3474
-721.5501
-721.7259
-721.7259
-723.8763
-720.5573
-720.2412
-720.6961
-720.6961
-720.4609
-721.1838
-721.1838
-721.1838
-721.1838
-719.8736
-721.5367
-720.5687
-719.2488
-721.5839
-720.0701
-720.0701
-721.4334
-722.4439
-719.9481
-719.5
-719.5
-719.5
-719.5
-719.5
-720.6413
-719.3886
-719.3886
-719.3886
-719.3886
-719.6027
-719.8251
-719.8251
-721.0494
-720.7004
-722.2164
-721.9843
-724.1945
-721.5019
-721.7158
-719.897
-719.535
-721.0585
-721.0585
-719.9434
-719.9696
-720.1505
-720.1505
-720.1505
-720.1505
-720.1572
-720.1572
-721.0357
-720.5518
-720.2738
-721.7923
-719.657
-719.9131
-719.9131
-719.4367
-719.5341
-719.2731
-719.2731
-719.2731
-719.2731
-719.5307
-720.15
-719.8763
-721.2557
-722.1267
-720.3607
-719.6443
-719.8605
-719.4229
-719.4229
-719.6842
-719.6842
-719.6842
-719.6842
-719.7087
-719.6874
-719.6874
-720.9494
-720.664
-719.7976
-720.8073
-720.8073
-720.2636
-720.2278
-720.3471
-720.3471
-720.2502
-719.8598
-719.7375
-721.0277
-720.7035
-722.0558
-722.0558
-722.0558
-722.0558
-721.4617
-719.7868
-719.5272
-719.5272
-719.8254
-721.8115
-719.9297
-719.5205
-719.5205
-719.5205
-719.5079
-719.5079
-720.0259
-720.3406
-720.3406
-720.7916
-720.7916
-720.7916
-720.9378
-720.5523
-720.5523
-721.1963
-719.4077
-719.4077
-719.4077
-720.1241
-720.1241
-720.1241
-722.1788
-722.1788
-722.1788
-722.1788
-721.1196
-719.2462
-719.1835
-719.1835
-719.1835
-720.483
-721.5062
-721.5062
-719.2491
-719.4854
-720.1428
-719.7603
-719.7603
-720.1619
-721.7426
-721.7426
-720.0963
-720.0963
-720.7785
-720.7785
-720.7785
-720.5068
-720.7877
-720.9096
-723.0089
-722.3035
-722.3035
-723.2223
-723.2223
-723.2223
-721.1288
-720.4852
-719.7715
-720.118
-720.2719
-720.2719
-720.7992
-720.7992
-719.804
-719.3218
-719.8487
-719.8354
-720.0202
-721.1835
-720.5768
-721.1819
-721.527
-721.8869
-720.6582
-720.6582
-720.6582
-720.8395
-720.8395
-721.4525
-719.1165
-719.1165
-719.0279
-719.0279
-719.3591
-719.291
-720.241
-719.7292
-719.7292
-720.5003
-720.1237
-720.1237
-720.3446
-719.9382
-719.5968
-719.5968
-719.7631
-719.7631
-719.7631
-719.7631
-719.7631
-720.3591
-720.7729
-719.4716
-719.4716
-719.4716
-719.7546
-719.7546
-719.1925
-719.1925
-720.1207
-720.1207
-720.1207
-720.6691
-720.6691
-719.9177
-719.9177
-719.9177
-721.1683
-721.1683
-720.515
-720.515
-722.7991
-722.7991
-722.7991
-722.7991
-721.1069
-721.6802
-721.6802
-720.1204
-720.1204
-720.1204
-722.5719
-723.5587
-723.5587
-721.1229
-721.1229
-720.5826
-721.7673
-721.7673
-721.7673
-721.6337
-719.6095
-719.6095
-721.1691
-722.4596
-721.0307
-721.0307
-721.0307
-721.0307
-720.4743
-722.8584
-722.8584
-722.8584
-722.088
-722.4874
-722.4015
-720.9604
-720.9604
-720.3039
-720.3039
-720.3039
-719.4205
-720.2506
-721.7684
-720.5262
-720.4547
-721.1649
-720.5893
-720.3002
-720.3798
-722.9024
-726.2862
-722.186
-719.7481
-719.7481
-719.7362
-719.465
-719.4899
-719.4899
-721.2215
-720.3315
-723.2892
-721.7042
-720.392
-721.096
-720.9836
-720.9836
-720.9836
-720.9836
-720.9836
-720.9836
-721.0358
-720.5267
-722.0254
-721.9896
-721.9896
-720.7958
-720.7958
-720.9782
-720.9782
-720.9782
-720.8503
-720.8503
-722.2493
-719.7807
-719.8307
-720.7548
-720.7548
-720.7548
-720.7548
-720.0194
-721.1966
-720.7816
-720.6498
-720.6498
-721.2352
-722.0498
-719.8992
-719.8992
-719.8992
-719.8992
-721.0673
-723.5734
-722.3222
-720.5592
-720.7179
-720.7179
-720.7179
-720.0565
-720.9307
-721.7229
-719.9989
-719.9989
-719.5184
-719.8542
-720.1171
-719.8843
-719.8843
-720.1192
-719.2256
-719.2645
-719.4361
-719.4361
-719.8908
-721.1407
-721.8644
-723.01
-723.01
-723.01
-723.01
-723.01
-721.0567
-721.0567
-721.0567
-720.3842
-722.6862
-722.8445
-723.2898
-724.0042
-721.9887
-721.9887
-721.9887
-722.2537
-720.5592
-719.9135
-720.2649
-719.9441
-719.9441
-721.0434
-721.0434
-721.1065
-721.115
-722.4756
-722.261
-721.7316
-720.6548
-720.1733
-720.1733
-720.1733
-719.5068
-719.5068
-720.8885
-722.0392
-722.0392
-720.4379
-719.6194
-719.6194
-719.6194
-719.6194
-719.6194
-720.4074
-720.4644
-720.5047
-719.4078
-719.4078
-719.4078
-720.2932
-720.2932
-720.2932
-720.2932
-720.7655
-720.991
-720.9624
-720.9965
-720.9965
-720.9965
-720.9965
-720.1828
-720.4642
-722.1047
-721.0384
-722.8092
-720.5067
-720.5067
-721.8645
-721.6943
-720.3484
-720.0705
-719.3863
-719.3863
-719.821
-719.821
-719.98
-719.9915
-719.9915
-719.9915
-719.9915
-719.9915
-720.3793
-719.3285
-719.3285
-719.3285
-719.3285
-720.1232
-720.8298
-720.2055
-720.935
-720.382
-720.6666
-720.1074
-719.5139
-719.6635
-719.7526
-719.7526
-719.7526
-720.1396
-720.1396
-720.1396
-720.8949
-720.9345
-721.136
-721.136
-722.4134
-721.9375
-721.2932
-721.2932
-721.6368
-721.6368
-721.6368
-721.6037
-721.9045
-720.947
-720.947
-720.6619
-720.6619
-721.0205
-719.7996
-719.7996
-719.8544
-721.9309
-723.5265
-721.7651
-722.196
-722.196
-721.4581
-720.8929
-719.6777
-720.312
-721.2529
-721.2529
-721.2529
-721.2529
-720.4229
-720.4229
-720.076
-720.076
-719.8968
-719.8968
-721.7895
-721.7895
-721.1367
-720.0186
-720.1899
-719.6905
-721.1207
-721.4225
-720.497
-720.497
-720.9905
-720.4609
-720.336
-720.3891
-720.7525
-720.7525
-720.7525
-720.7525
-720.3007
-720.8325
-720.8325
-720.8325
-720.5811
-722.4169
-722.4169
-722.417
-722.417
-721.603
-722.7837
-722.9372
-722.9372
-723.7439
-723.7439
-721.4256
-721.4256
-721.3415
-721.4117
-720.1642
-719.623
-719.3829
-719.3829
-720.0357
-720.235
-720.235
-720.235
-721.6272
-721.6272
-721.1222
-720.5205
-722.2707
-721.0211
-720.6209
-719.265
-720.682
-720.2839
-721.0058
-721.0058
-722.2661
-722.2661
-722.2661
-720.8209
-720.6848
-720.6848
-720.6848
-720.1118
-720.1118
-721.9514
-721.9514
-721.0505
-721.0505
-721.0505
-721.4113
-720.1129
-721.201
-720.6292
-720.6292
-720.6292
-721.8171
-722.0636
-720.1655
-720.1655
-719.9369
-719.9369
-721.6227
-719.7893
-720.4228
-721.1974
-721.9132
-722.4986
-721.8255
-721.5878
-721.5878
-721.5878
-721.5878
-719.8372
-720.0834
-720.0834
-720.0834
-720.0834
-720.0834
-719.4696
-720.8871
-720.1023
-719.8444
-719.8362
-719.8996
-722.696
-721.5288
-719.965
-719.965
-719.7399
-719.8836
-719.7749
-719.8947
-719.8947
-719.5126
-719.7035
-720.5992
-720.5992
-719.896
-719.8062
-720.0977
-722.2731
-720.1571
-719.9111
-720.3589
-720.02
-720.02
-720.9554
-720.8031
-720.8031
-720.8031
-720.5572
-720.8121
-720.8121
-720.8121
-723.8438
-723.0011
-723.4298
-723.4298
-723.1361
-723.3188
-724.3013
-722.3366
-722.3366
-722.3366
-722.3366
-722.1365
-722.1365
-721.9946
-720.6087
-719.8867
-720.216
-720.887
-719.9633
-719.9703
-719.9703
-719.7429
-719.7429
-720.4321
-719.8579
-719.8579
-719.8579
-719.8424
-722.4048
-720.992
-720.992
-720.992
-720.992
-720.992
-720.0742
-720.0742
-720.0765
-720.0765
-720.0765
-720.0765
-720.0765
-720.0563
-721.2998
-719.8263
-719.8263
-720.4481
-722.9245
-722.9245
-722.9245
-720.3431
-720.3431
-720.3431
-720.3431
-720.3431
-720.3431
-720.3431
-720.3431
-720.3431
-720.3431
-720.3431
-720.3431
-720.3431
-720.3431
-720.3431
-720.3431
-720.8538
-720.8538
-720.1861
-720.1861
-720.1861
-720.7533
-720.2688
-721.4036
-720.6579
-720.5783
-720.4717
-720.4828
-720.4828
-720.4828
-720.5704
-719.9724
-720.2384
-720.2576
-720.2576
-720.2576
-720.2576
-720.2576
-720.2576
-720.2576
-720.2576
-719.6209
-721.5817
-721.5817
-721.1474
-722.7202
-721.1808
-720.8043
-720.8043
-720.8043
-722.0606
-721.6873
-721.554
-720.9135
-720.4106
-719.3908
-719.3908
-719.5535
-719.9693
-719.9636
-719.9636
-719.6119
-719.6119
-719.6119
-721.4857
-720.8767
-720.2885
-721.3429
-721.2164
-722.2108
-722.2108
-720.4636
-720.9423
-720.9423
-720.9423
-721.902
-720.9936
-720.9936
-719.9684
-719.9684
-723.7759
-722.4469
-721.4286
-720.7807
-720.5617
-720.5617
-719.8577
-720.1354
-720.1354
-720.0216
-719.9637
-719.9637
-719.9637
-719.8662
-719.8662
-719.8843
-719.8843
-719.8843
-719.8843
-719.8843
-719.8843
-720.9175
-720.4075
-719.4977
-720.1216
-720.4933
-720.857
-721.4905
-719.6513
-719.5063
-719.5063
-719.5063
-719.5063
-719.5063
-719.6032
-719.6032
-719.6032
-720.2382
-720.2382
-720.2382
-720.3651
-720.7717
-719.6138
-719.5528
-719.5528
-719.5528
-719.5528
-720.4542
-720.4542
-721.8308
-720.2155
-720.2155
-719.5008
-719.5342
-719.6011
-719.0595
-719.2238
-719.2238
-721.0917
-719.8221
-720.9853
-720.9853
-720.3175
-720.3175
-720.0102
-720.0102
-719.8527
-719.9442
-719.5428
-720.6909
-720.7414
-720.6537
-720.3871
-720.3871
-720.3871
-719.8539
-719.8539
-719.8539
-719.5448
-720.1518
-719.9531
-720.4844
-720.4844
-721.7916
-720.0741
-720.9478
-721.4758
-721.4758
-721.4758
-721.4758
-721.1915
-719.8933
-719.8933
-719.7515
-720.0801
-720.768
-720.768
-719.8341
-720.8852
-720.4695
-720.233
-720.233
-720.233
-724.1525
-723.9314
-723.9314
-723.9314
-722.9802
-722.9802
-722.9802
-720.5258
-720.5258
-719.9968
-719.9968
-720.16
-720.6594
-720.4583
-720.6008
-720.6008
-720.1277
-720.1519
-719.6351
-719.8861
-719.7494
-720.3238
-719.9296
-719.8961
-719.7741
-719.1945
-719.1945
-719.1945
-719.1945
-719.1945
-719.1945
-722.2137
-722.2137
-720.0856
-720.0856
-719.4453
-719.4453
-719.4453
-719.4453
-719.4453
-721.4862
-721.836
-721.836
-721.836
-721.9627
-720.4415
-720.4415
-720.4415
-719.9219
-719.9219
-719.9884
-720.7868
-720.7868
-720.7868
-720.3688
-720.1002
-720.1528
-720.3928
-721.4807
-720.0435
-720.0435
-720.0435
-719.7073
-720.4896
-720.0356
