-1155.669
-719.618
-719.5669
-720.4431
-720.1541
-720.1541
-722.1663
-721.9317
-721.2463
-720.585
-721.2341
-721.2341
-720.338
-719.7199
-719.7199
-720.238
-721.3306
-720.589
-720.7385
-720.4454
-720.4454
-722.5818
-722.5818
-720.559
-720.9341
-720.2717
-720.5889
-720.5119
-720.5119
-720.152
-721.2522
-721.7015
-720.9317
-720.4264
-720.2976
-720.5547
-720.5547
-721.2126
-720.7824
-719.9807
-719.6478
-720.0408
-720.0408
-720.0408
-719.4653
-719.7356
-719.7356
-719.7356
-719.9871
-719.6625
-719.6625
-719.6625
-719.6625
-719.7231
-719.6236
-719.7345
-720.6861
-720.7755
-720.7755
-721.0688
-721.4409
-720.9188
-721.3382
-721.5801
-720.0304
-720.0304
-720.0304
-719.7052
-719.7052
-720.393
-720.393
-720.2305
-719.5105
-719.814
-720.3599
-720.2047
-720.5195
-720.5195
-720.6076
-720.9174
-720.9174
-720.2046
-720.2046
-720.789
-719.8225
-720.4115
-719.9262
-719.8971
-719.8971
-719.8971
-719.8072
-719.8072
-719.8072
-719.2612
-719.2612
-719.2612
-719.5846
-719.4445
-720.0057
-720.5942
-720.5942
-720.5942
-720.5942
-720.5942
-720.5942
-720.5942
-720.2623
-720.0853
-721.6689
-722.3953
-720.7096
-720.7096
-721.4159
-721.7316
-721.7923
-721.028
-721.028
-720.1194
-720.3967
-719.4244
-719.4244
-719.6029
-719.3372
-720.0388
-719.3677
-719.4544
-719.3339
-719.9047
-719.9184
-720.9816
-720.9816
-720.9816
-720.9816
-720.9816
-719.2863
-719.6205
-719.5529
-719.8634
-721.0902
-720.5967
-720.5967
-719.8006
-720.417
-720.021
-720.3467
-720.7412
-720.2906
-720.2906
-720.2379
-720.2379
-721.1344
-719.727
-719.2787
-720.3876
-720.3876
-720.3876
-720.3876
-721.3335
-721.3335
-722.1875
-719.9325
-719.9325
-720.7959
-719.4695
-719.9393
-721.9143
-721.172
-720.8678
-721.0748
-722.3308
-721.2159
-721.2174
-721.2174
-720.9304
-720.9304
-720.9304
-720.9304
-720.9542
-721.1561
-721.1561
-721.2634
-719.8973
-720.004
-720.004
-720.0482
-721.1294
-722.7154
-722.8343
-722.8343
-720.9659
-719.4947
-719.4947
-719.4947
-719.4947
-721.4582
-720.5961
-721.4469
-720.4687
-720.0514
-720.946
-721.6455
-720.1119
-720.1119
-720.4215
-721.7738
-721.7738
-722.8754
-722.8754
-722.8754
-722.8754
-722.8754
-720.7773
-720.7773
-720.7773
-720.7773
-719.7342
-720.2215
-720.2215
-720.2215
-720.0733
-720.0419
-720.0419
-720.6782
-719.5836
-721.1506
-721.0909
-719.4466
-719.4466
-720.7197
-720.7197
-720.027
-720.027
-720.027
-720.027
-719.3137
-719.1609
-719.1609
-720.0644
-722.3326
-722.3326
-722.3326
-722.3326
-721.1417
-721.9828
-721.5363
-721.5363
-721.5363
-721.2602
-721.2602
-721.2602
-720.3506
-720.3506
-719.8536
-720.6071
-720.6071
-719.7991
-719.7991
-719.7991
-719.894
-720.5104
-720.0979
-719.8817
-719.8817
-719.8817
-719.6007
-722.4496
-721.6161
-721.6161
-721.2928
-721.2928
-721.7359
-721.4421
-721.4627
-721.6615
-722.4523
-719.6759
-719.6759
-720.7574
-720.7574
-720.7574
-720.1652
-720.1652
-720.137
-720.137
-719.3761
-719.3761
-719.3761
-720.2679
-720.2679
-720.2679
-720.2679
-719.6805
-720.8783
-720.8783
-720.8783
-721.3918
-721.5216
-719.5264
-719.5562
-719.5562
-719.254
-719.254
-719.254
-719.254
-719.254
-719.254
-719.254
-719.254
-719.254
-719.254
-719.254
-719.254
-719.254
-719.254
-719.254
-719.254
-719.254
-719.3507
-719.3507
-719.3507
-719.3507
-719.3507
-719.3507
-719.8451
-719.7008
-719.7008
-719.7008
-720.4343
-719.7697
-719.7697
-719.1267
-719.1267
-719.1267
-719.0252
-720.676
-720.676
-720.676
-721.9208
-721.1902
-721.4742
-720.5179
-719.5761
-719.5761
-719.5761
-719.5761
-719.5761
-719.5761
-719.0871
-719.0871
-719.0871
-719.8111
-719.4259
-719.4259
-719.5829
-719.5829
-720.0668
-720.1469
-720.1469
-720.1469
-719.5611
-719.5611
-719.5611
-719.5611
-719.5611
-719.5611
-719.5611
-720.2732
-720.9982
-720.6701
-721.065
-720.5607
-720.3379
-719.2203
-719.71
-719.2748
-719.2748
-719.1698
-719.3452
-719.3452
-719.3452
-720.119
-719.6347
-719.8975
-719.892
-720.1577
-719.4972
-719.4705
-719.4705
-719.4705
-720.0197
-719.6876
-719.9443
-719.9665
-719.9665
-719.4949
-719.927
-720.2514
-719.8747
-719.6927
-719.6927
-720.1399
-720.2149
-719.609
-720.3898
-720.3231
-721.5991
-721.1378
-721.5662
-721.5662
-720.4238
-719.4295
-721.5824
-722.2912
-722.2912
-720.2589
-720.3696
-720.3696
-720.259
-721.625
-721.7598
-721.7598
-721.7598
-722.6439
-722.3629
-720.6867
-719.9874
-719.9874
-720.8153
-720.0363
-719.4986
-719.4986
-720.3053
-720.3053
-721.3485
-721.3485
-720.5204
-720.6732
-720.4238
-719.9564
-720.2952
-720.1028
-720.1028
-719.7191
-719.8391
-720.0437
-720.0437
-720.0437
-720.3524
-720.3524
-720.3524
-720.119
-720.119
-720.2203
-719.8834
-719.8834
-719.9443
-719.9541
-721.3459
-721.3459
-721.3459
-720.4025
-720.6245
-720.6245
-720.6245
-721.898
-721.0349
-722.0648
-722.0648
-724.7511
-724.7511
-723.0026
-723.0026
-719.8028
-719.8028
-719.8028
-719.8028
-719.8028
-719.8028
-719.8028
-719.8028
-719.8028
-719.8028
-719.8028
-719.8028
-719.8028
-719.8028
-719.8028
-719.8028
-719.8028
-719.8028
-719.8028
-719.8028
-719.8028
-719.8028
-719.8028
-719.8028
-719.8028
-719.8028
-719.8028
-719.8028
-719.9462
-719.9462
-719.1632
-719.1632
-719.8477
-719.8139
-719.8139
-720.4516
-720.4516
-719.7756
-719.7756
-719.7756
-720.064
-720.064
-720.4823
-719.9782
-719.9782
-719.3153
-719.3153
-719.3153
-719.3153
-719.3153
-719.3153
-720.1295
-721.3959
-721.9753
-720.4948
-722.4108
-722.4108
-722.4108
-722.4108
-722.4108
-722.4108
-722.4108
-722.4108
-722.4108
-722.4108
-722.4108
-722.4108
-722.4108
-721.0315
-719.5897
-719.5897
-720.536
-720.536
-720.536
-720.09
-719.7101
-721.3227
-719.5014
-721.847
-721.0197
-720.2799
-719.4571
-721.1335
-721.1679
-720.7779
-720.5168
-720.5168
-719.92
-719.6859
-719.8089
-719.8089
-720.2941
-720.2941
-720.2941
-719.6136
-720.148
-720.148
-721.4014
-722.5809
-721.2318
-720.5432
-720.1595
-720.1016
-723.1289
-721.4675
-719.4737
-719.4737
-720.9302
-720.4739
-720.4739
-719.7389
-720.2664
-721.1981
-721.4427
-721.0882
-720.18
-720.18
-722.428
-721.4399
-721.784
-720.0515
-719.785
-719.7201
-719.6809
-719.6809
-719.6588
-719.3795
-719.3795
-719.74
-719.74
-722.8307
-721.7756
-721.7756
-719.9665
-719.7461
-720.1123
-719.9714
-719.9714
-719.9714
-719.9714
-721.9001
-721.249
-720.6918
-720.1401
-720.3161
-720.1528
-720.4871
-720.4871
-719.3846
-719.3846
-719.8058
-719.8058
-719.8058
-719.6254
-719.6254
-719.4919
-720.6651
-720.6651
-720.6651
-720.6651
-720.6651
-720.6651
-720.6651
-720.9861
-720.9366
-720.9213
-720.2239
-720.2239
-720.2239
-720.2239
-720.2239
-720.2239
-720.3334
-720.3334
-720.3334
-720.3334
-720.3334
-720.7158
-719.3027
-719.3027
-719.3027
-719.3027
-719.845
-720.4605
-719.618
-719.618
-719.618
-719.618
-719.618
-719.618
-719.618
-720.18
-719.9429
-720.0523
-721.3633
-719.6908
-719.2878
-720.7676
-720.1766
-719.9601
-719.9601
-719.1374
-719.1374
-719.6537
-721.5341
-719.2799
-719.2799
-719.2799
-719.786
-719.6229
-719.6229
-720.0131
-719.3668
-719.3668
-719.3668
-719.3668
-720.2694
-720.9924
-720.9919
-722.6791
-724.5511
-723.8567
-723.8567
-723.8567
-722.1035
-722.1035
-722.1035
-720.5473
-720.1928
-720.1928
-721.3684
-721.3684
-721.3684
-721.3684
-720.1519
-720.3117
-720.9717
-721.1364
-719.5364
-719.2179
-719.2179
-719.2179
-719.2179
-719.2179
-720.1098
-720.1098
-720.1098
-720.27
-721.867
-719.9595
-719.9595
-719.9595
-719.5769
-719.8072
-719.8072
-719.8072
-719.6102
-719.8565
-720.3011
-720.4146
-720.9893
-721.4897
-722.2598
-722.2598
-721.3723
-720.4647
-720.4647
-720.4647
-720.4647
-720.4647
-720.4647
-719.7751
-719.8483
-719.5871
-719.4986
-719.4986
-720.0957
-720.0957
-719.9454
-719.9454
-719.5845
-719.334
-719.4832
-723.0433
-720.4572
-719.6384
-719.6384
-719.4256
-720.2462
-720.7736
-720.091
-720.4131
-721.5493
-720.5173
-719.5864
-719.8249
-720.2013
-720.2013
-720.0579
-720.0579
-720.0579
-719.6901
-719.6901
-719.6901
-719.9558
-719.9558
-721.0386
-721.0386
-721.0386
-721.0386
-721.6658
-723.2999
-720.6044
-720.6044
-720.6505
-720.202
-720.202
-721.1652
-725.8327
-723.2043
-721.9051
-721.1945
-721.1945
-720.4311
-719.6781
-721.5298
-722.1807
-720.5894
-720.5894
-720.1197
-720.9527
-721.3584
-720.1106
-721.6959
-721.6959
-720.1394
-719.9813
-720.8565
-720.7572
-720.4494
-720.4494
-719.5681
-719.5681
-719.5074
-721.4325
-721.4325
-719.8087
-719.8087
-719.7365
-720.7039
-720.7039
-719.6797
-719.6797
-720.1815
-719.6351
-720.4452
-722.4219
-720.8811
-720.8811
-720.1859
-720.5502
-722.6759
-720.4283
-720.0749
-720.0749
-720.0787
-719.5151
-719.5151
-720.4027
-720.4027
-720.4027
-719.6047
-719.1977
-720.4538
-720.4538
-719.5481
-719.6776
-721.2365
-721.2365
-720.0252
-719.5086
-719.5086
-719.1654
-719.3719
-719.6709
-719.6709
-719.6709
-719.6709
-719.6709
-719.6709
-719.6709
-719.6709
-719.6709
-719.2786
-722.6779
-722.6779
-720.6407
-721.3852
-719.5794
-719.4202
-719.4202
-719.2873
-719.386
-719.2278
-720.1072
-719.7428
-719.7759
-721.0367
-722.618
-720.2848
-720.2848
-719.8086
-719.8086
-720.6238
-720.4049
-720.9201
-720.9201
-720.3981
-722.6923
-724.3346
-722.4844
-722.4844
-722.981
-721.0632
-720.5266
-720.5266
-719.7667
-719.7667
-719.7667
-719.7667
-719.7667
-719.7667
-719.6628
-720.2867
-719.9726
-720.3114
-720.3114
-720.2511
-720.2511
-722.0805
-720.8607
-720.5895
-720.5895
-719.7996
-720.2157
-720.2157
-720.8311
-720.8311
-720.5119
-721.2947
-721.4633
-721.4633
-721.0327
-720.2102
-720.9239
-721.3607
-721.3607
-720.9209
-720.1958
-720.1958
-720.2376
-720.2376
-720.2376
-720.0654
-720.0654
-719.7994
-719.7994
-719.7994
-720.6604
-721.001
-721.6185
-721.4445
-721.4445
-722.4648
-722.2399
-722.2399
-722.2399
-721.5938
-721.5938
-721.5938
-719.5044
-719.5044
-720.4921
-720.9774
-720.0652
-719.7562
-719.7927
-719.7927
-719.2848
-719.2848
-719.2848
-721.0756
-721.0756
-722.5288
-721.9004
-722.4606
-722.4606
-721.9797
-721.9797
-719.9417
-719.9417
-719.396
-719.396
-720.5992
-721.5837
-721.5837
-722.3346
-722.3346
-722.3346
-720.9679
-720.9679
-719.8773
-719.8773
-719.8773
-720.3514
-720.3514
-720.3514
-720.5577
-720.831
-720.831
-719.593
-719.7263
-719.7263
-719.7263
-719.7263
-719.7263
-722.0247
-722.0247
-720.8662
-720.959
-720.0774
-719.814
-719.814
-719.814
-719.814
-720.8451
-720.7814
-720.7814
-720.7814
-721.4506
-720.1764
-720.3193
-720.3961
-720.8565
-720.0887
-719.4733
-719.9593
-719.5007
-719.9828
-719.3878
-719.5945
-719.4437
-720.1207
-720.1207
-720.5091
-720.5091
-720.8153
-720.2278
-721.0294
-719.7239
-719.7239
-719.8849
-720.9429
-721.5028
-721.0588
-720.3444
-720.5354
-720.5657
-722.8549
-722.8549
-724.1107
-720.2325
-720.8526
-720.1986
-719.8133
-720.6563
-723.3419
-723.3419
-723.3419
-720.6327
-722.337
-719.7132
-720.2002
-720.1879
-719.4799
-719.8712
-719.8712
-719.4956
-719.4956
-719.4956
-719.4956
-720.1222
-722.0436
-720.4792
-720.4792
-720.4792
-720.4792
-720.4792
-720.1197
-719.487
-719.487
-719.487
-719.487
-719.487
-719.5389
-719.9181
-719.9181
-720.595
-722.6839
-722.6839
-721.413
-721.2205
-721.7383
-721.7383
-721.3888
-720.0734
-720.141
-720.141
-720.266
-720.266
-720.7571
-721.3525
-721.3525
-723.7047
-722.5386
-722.785
-722.785
-722.785
-722.785
-722.785
-722.9785
-720.1951
-720.1951
-720.1951
-720.1951
-720.1951
-720.1951
-719.7059
-720.6994
-719.9438
-719.9438
-719.4105
-719.4105
-720.0677
-720.0677
-720.6666
-721.8879
-720.9705
-720.9705
-720.3596
-720.5494
-723.0142
-721.921
-723.3773
-721.9413
-722.3418
-722.5341
-722.5341
-722.3768
-722.5433
-721.3482
-719.8099
-721.3332
-721.4335
-723.0009
-721.6891
-721.6891
-720.5331
-720.5331
-720.2563
-720.2563
-720.2563
-720.4602
-720.4602
-720.4043
-721.0143
-720.5518
-720.0095
-720.6686
-720.2492
-720.5283
-720.9155
-720.0161
-721.5963
-722.3688
-722.3688
-720.2415
-720.131
-720.131
-720.131
-720.4402
-720.0827
-720.0827
-720.0354
-720.0923
-720.0923
-722.1788
-722.1788
-722.1788
-722.1788
-722.2227
-719.1779
-719.3905
-719.3905
-719.3905
-720.4283
-720.9446
-720.9446
-720.9446
-721.2449
-721.6092
-721.385
-722.0601
-722.0601
-722.0601
-722.0601
-720.864
-721.7713
-722.8415
-722.8415
-722.156
-722.156
-721.4045
-721.4045
-721.4045
-719.81
-720.1985
-721.7112
-719.6041
-720.5144
-720.5144
-720.5144
-720.7259
-720.7259
-720.0427
-720.0427
-719.8312
-719.4808
-719.4808
-719.4808
-720.4686
-720.4686
-720.4686
-720.4686
-720.4686
-720.7495
-720.7495
-720.7755
-720.7755
-720.4605
-719.6431
-719.6431
-719.6431
-719.6431
-719.6431
-719.0632
-719.6659
-719.5446
-719.8184
-719.8184
-719.9259
-719.1608
-719.1608
-719.1608
-719.1608
-719.8375
-720.46
-720.46
-720.46
-720.46
-720.46
-720.46
-720.8784
-721.647
-721.1479
-719.9379
-719.9379
-719.9379
-721.2409
-722.4143
