0.443254 -0.216624 0.443408 0.661897 -0.028108
0.179179 -0.188659 0.013854 -0.18595 -0.136993
0.179179 -0.188659 0.013854 -0.18595 -0.136993
0.179179 -0.188659 0.013854 -0.18595 -0.136993
0.306352 0.012676 0.161385 -0.135281 -0.253272
0.285729 -0.094112 0.110304 -0.17922 -0.223676
0.285729 -0.094112 0.110304 -0.17922 -0.223676
0.185603 -0.160194 -0.023271 -0.025978 0.134812
0.220217 -0.145832 0.060911 0.065387 0.046218
0.219534 -0.167246 0.031847 0.055519 0.163709
0.084031 -0.26677 -0.113506 -0.311864 0.069805
0.057451 -0.305404 -0.101135 -0.258401 0.021157
0.114579 -0.166339 -0.038908 -0.11441 -0.037386
0.067684 -0.273254 -0.079814 -0.010314 0.122535
0.065456 -0.266617 -0.048427 0.078041 0.186237
0.152673 -0.115545 0.060054 -0.034903 -0.100598
0.22464 -0.073704 0.117882 -0.017375 -0.190473
0.22464 -0.073704 0.117882 -0.017375 -0.190473
0.180607 -0.232349 0.018266 -0.005618 -0.028049
0.180607 -0.232349 0.018266 -0.005618 -0.028049
0.09243 -0.33833 -0.0682 -0.053741 0.093026
0.09243 -0.33833 -0.0682 -0.053741 0.093026
0.047495 -0.391408 -0.122795 -0.209573 0.201795
0.159794 -0.272555 -0.076154 -0.298041 0.135504
0.139161 -0.223304 0.007493 0.024676 0.053899
0.154851 -0.23041 0.006719 -0.138662 -0.033988
0.149416 -0.256331 0.002381 -0.153473 -0.079092
0.118933 -0.231903 -0.014438 -0.041251 0.135794
0.161492 -0.169977 0.013043 -0.078126 0.03554
0.218233 -0.112418 0.064866 0.138659 0.088111
0.206066 -0.190739 0.088127 0.223512 0.087024
0.206066 -0.190739 0.088127 0.223512 0.087024
0.202559 -0.08479 0.131317 0.205083 -0.045398
0.202559 -0.08479 0.131317 0.205083 -0.045398
0.192189 -0.219359 0.048715 -0.066997 0.060089
0.145416 -0.356232 -0.060969 -0.19775 0.069121
0.017283 -0.51114 -0.124551 -0.188223 0.157126
0.1102 -0.382048 -0.058889 0.140198 0.169245
0.167091 -0.273973 0.004016 -0.090484 0.042847
0.167906 -0.207982 0.079773 0.291827 0.259656
0.098986 -0.316974 -0.02718 0.024182 0.240354
0.102416 -0.366709 -0.040977 -0.20116 -0.008928
0.102416 -0.366709 -0.040977 -0.20116 -0.008928
0.242818 -0.180292 0.041667 -0.103638 -0.08505
0.212352 -0.193917 -0.001915 -0.200382 -0.036777
0.158022 -0.209641 0.01692 -0.031504 -0.033318
0.153114 -0.221694 -0.016996 -0.373386 -0.271429
0.153114 -0.221694 -0.016996 -0.373386 -0.271429
0.228814 -0.181327 0.031464 -0.26423 -0.186563
0.180279 -0.202965 -0.027476 -0.388356 -0.134028
0.238723 -0.118415 0.04098 -0.215671 -0.103434
0.192123 -0.207605 0.035622 0.003624 0.078393
0.192123 -0.207605 0.035622 0.003624 0.078393
0.192123 -0.207605 0.035622 0.003624 0.078393
0.238914 -0.164918 0.068417 -0.084073 -0.045005
0.161324 -0.228813 0.029349 -0.146677 -0.074608
0.161324 -0.228813 0.029349 -0.146677 -0.074608
0.244833 -0.164243 0.078477 -0.279976 -0.298424
0.244833 -0.164243 0.078477 -0.279976 -0.298424
0.244833 -0.164243 0.078477 -0.279976 -0.298424
0.251103 -0.096823 0.081806 -0.159496 -0.084053
0.19789 -0.085958 0.054485 -0.189978 -0.055843
0.22401 -0.050569 0.066354 0.025867 0.130276
0.177107 -0.13133 0.043037 0.106261 0.175096
0.235041 -0.096134 0.00629 -0.254108 -0.025711
0.235041 -0.096134 0.00629 -0.254108 -0.025711
0.235041 -0.096134 0.00629 -0.254108 -0.025711
0.162265 -0.149341 0.008606 -0.364142 -0.230827
0.162265 -0.149341 0.008606 -0.364142 -0.230827
0.162265 -0.149341 0.008606 -0.364142 -0.230827
0.162265 -0.149341 0.008606 -0.364142 -0.230827
0.197537 -0.113395 0.095469 -0.113861 -0.286416
0.105759 -0.251442 -0.009206 0.151598 0.220647
0.105759 -0.251442 -0.009206 0.151598 0.220647
0.06648 -0.250054 -0.02897 0.130199 0.280455
0.06648 -0.250054 -0.02897 0.130199 0.280455
0.089834 -0.229408 -0.053297 0.078127 0.23089
0.089834 -0.229408 -0.053297 0.078127 0.23089
0.108391 -0.277846 -0.050167 0.053932 0.217719
0.108507 -0.290589 -0.067693 -0.07526 0.122082
0.146427 -0.136501 -0.029523 -0.161476 -0.011559
0.302698 0.020304 0.111206 -0.206613 -0.261865
0.265928 -0.036032 0.144738 0.007439 -0.196828
0.248716 -0.182067 0.085044 -0.069192 -0.150447
0.149865 -0.255353 -0.043931 -0.197398 0.151506
0.149865 -0.255353 -0.043931 -0.197398 0.151506
0.149865 -0.255353 -0.043931 -0.197398 0.151506
0.149865 -0.255353 -0.043931 -0.197398 0.151506
0.186322 -0.238409 -0.002382 -0.069055 0.101518
0.186322 -0.238409 -0.002382 -0.069055 0.101518
0.252132 -0.138366 0.059217 -0.118978 -0.078078
0.242468 -0.115808 0.049346 -0.269428 -0.264091
0.131541 -0.431811 -0.074062 -0.091452 0.096644
0.131541 -0.431811 -0.074062 -0.091452 0.096644
0.128352 -0.436895 -0.076741 -0.222485 0.029704
0.186456 -0.204514 -0.009241 -0.282434 -0.117872
0.176789 -0.224613 -0.014428 -0.313522 -0.129112
0.176789 -0.224613 -0.014428 -0.313522 -0.129112
0.103115 -0.242871 -0.016311 0.007493 0.127802
0.177145 -0.203204 0.030469 0.192195 0.25071
0.177145 -0.203204 0.030469 0.192195 0.25071
0.126213 -0.177332 -0.005542 -0.250435 -0.080287
0.126213 -0.177332 -0.005542 -0.250435 -0.080287
0.126213 -0.177332 -0.005542 -0.250435 -0.080287
0.158318 -0.165139 0.026923 -0.198613 -0.116764
0.231274 -0.137428 0.07348 -0.128896 -0.20556
0.231274 -0.137428 0.07348 -0.128896 -0.20556
0.098988 -0.184048 -0.062257 -0.265654 0.03901
0.284333 -0.048864 0.069414 -0.248527 -0.093493
0.270743 -0.033096 0.051197 -0.198426 0.022576
0.214582 -0.125366 0.062015 -0.27987 -0.178472
0.214582 -0.125366 0.062015 -0.27987 -0.178472
0.138637 -0.169387 5.5e-05 0.028621 0.272127
0.184171 -0.150223 0.061795 0.207347 0.248555
0.184171 -0.150223 0.061795 0.207347 0.248555
0.184171 -0.150223 0.061795 0.207347 0.248555
0.184171 -0.150223 0.061795 0.207347 0.248555
0.184171 -0.150223 0.061795 0.207347 0.248555
0.184171 -0.150223 0.061795 0.207347 0.248555
0.168231 -0.164724 0.004667 -0.00897 0.193114
0.168231 -0.164724 0.004667 -0.00897 0.193114
0.168231 -0.164724 0.004667 -0.00897 0.193114
0.135138 -0.178845 0.037541 0.239554 0.216136
0.076024 -0.227353 -0.05133 0.006479 0.245674
0.111613 -0.226762 0.03003 0.225606 0.298614
0.056671 -0.273254 -0.046371 -0.136478 0.058711
0.075093 -0.358727 -0.044285 -0.049684 0.112531
0.156643 -0.133291 0.045881 -0.112539 -0.114606
0.239897 -0.075917 0.084809 -0.328112 -0.413907
0.239897 -0.075917 0.084809 -0.328112 -0.413907
0.207444 -0.100383 0.080084 -0.305767 -0.363766
0.207444 -0.100383 0.080084 -0.305767 -0.363766
0.207444 -0.100383 0.080084 -0.305767 -0.363766
0.178798 -0.219788 0.015807 0.078081 0.19203
0.178798 -0.219788 0.015807 0.078081 0.19203
0.218392 -0.133291 0.075937 -0.027099 -0.05697
0.163403 -0.167775 -0.003845 -0.31026 -0.132508
0.154951 -0.22975 -0.005103 -0.245266 -0.13469
0.154951 -0.22975 -0.005103 -0.245266 -0.13469
0.109899 -0.204738 -0.002084 -0.190238 -0.113876
0.063438 -0.233161 -0.024487 -0.233702 -0.102936
0.018321 -0.278608 -0.073078 -0.195301 0.088608
0.153528 -0.265526 -0.009965 -0.045448 0.144235
0.10252 -0.27817 -0.085062 0.012472 0.385905
0.11371 -0.282535 -0.067548 -0.310852 0.036978
0.11371 -0.282535 -0.067548 -0.310852 0.036978
0.100844 -0.372638 -0.092722 -0.113749 0.195441
-0.000604 -0.486526 -0.140588 -0.026002 0.356692
-0.097299 -0.512472 -0.173724 -0.02377 0.374657
-0.040694 -0.443079 -0.144848 -0.411243 -0.031978
-0.067123 -0.45735 -0.147507 -0.238805 0.109769
-0.067123 -0.45735 -0.147507 -0.238805 0.109769
0.168066 -0.375273 0.041127 0.234511 0.251944
0.168066 -0.375273 0.041127 0.234511 0.251944
0.128863 -0.176911 0.068661 -0.292297 -0.356355
0.128863 -0.176911 0.068661 -0.292297 -0.356355
0.128863 -0.176911 0.068661 -0.292297 -0.356355
0.083577 -0.201892 0.054789 -0.124535 -0.206408
0.224616 0.090208 0.086287 0.148667 0.281998
0.136311 -0.243091 0.028333 -0.335955 -0.340602
0.119387 -0.244923 -0.037816 -0.392544 -0.238195
0.119387 -0.244923 -0.037816 -0.392544 -0.238195
0.208936 -0.1784 0.018385 -0.408948 -0.235952
0.115525 -0.177146 -0.076533 -0.65391 -0.228228
0.115525 -0.177146 -0.076533 -0.65391 -0.228228
0.115525 -0.177146 -0.076533 -0.65391 -0.228228
0.115525 -0.177146 -0.076533 -0.65391 -0.228228
0.115525 -0.177146 -0.076533 -0.65391 -0.228228
0.115525 -0.177146 -0.076533 -0.65391 -0.228228
0.115525 -0.177146 -0.076533 -0.65391 -0.228228
0.115525 -0.177146 -0.076533 -0.65391 -0.228228
0.105511 -0.225843 -0.067263 -0.337089 -0.04949
0.243594 -0.091553 0.020846 -0.204029 -0.00672
0.243594 -0.091553 0.020846 -0.204029 -0.00672
0.243594 -0.091553 0.020846 -0.204029 -0.00672
0.185074 -0.171297 0.078059 0.020416 -0.124554
0.185074 -0.171297 0.078059 0.020416 -0.124554
0.099005 -0.259207 0.02107 0.164525 0.179694
0.099005 -0.259207 0.02107 0.164525 0.179694
0.059881 -0.373212 -0.024352 0.275013 0.346249
0.089994 -0.238268 -0.052147 0.161399 0.273934
-0.017324 -0.364948 -0.106411 0.041796 0.2694
0.085057 -0.275741 -0.013106 0.137193 0.208241
0.085057 -0.275741 -0.013106 0.137193 0.208241
0.092224 -0.264296 -0.005467 0.180365 0.26326
0.092224 -0.264296 -0.005467 0.180365 0.26326
0.092224 -0.264296 -0.005467 0.180365 0.26326
0.092224 -0.264296 -0.005467 0.180365 0.26326
0.196572 -0.137877 0.030998 0.10362 0.270963
0.093293 -0.256876 -0.049228 -0.035497 0.241911
0.25842 -0.043764 0.015693 -0.298468 -0.022424
0.25842 -0.043764 0.015693 -0.298468 -0.022424
0.25842 -0.043764 0.015693 -0.298468 -0.022424
0.278172 -0.083501 0.035081 -0.147105 0.087119
0.259237 -0.202243 0.046392 0.037288 0.17828
0.315762 -0.021825 0.109262 0.096375 0.043066
0.327647 0.024086 0.185508 0.413376 0.2677
0.327647 0.024086 0.185508 0.413376 0.2677
0.265805 -0.029251 0.091692 0.160384 0.21309
0.265805 -0.029251 0.091692 0.160384 0.21309
0.266432 -0.054802 0.095264 0.172616 0.189148
0.266432 -0.054802 0.095264 0.172616 0.189148
0.266432 -0.054802 0.095264 0.172616 0.189148
0.267377 -0.014076 0.093112 0.070992 0.122928
0.3716 0.109322 0.210206 0.037109 -0.133341
0.307224 -0.09375 0.102913 0.179028 0.269122
0.115673 -0.245463 0.025898 0.297859 0.39329
0.115673 -0.245463 0.025898 0.297859 0.39329
0.084402 -0.24038 0.055939 0.307464 0.232727
0.155088 -0.103478 0.104979 0.22704 0.034148
0.000257 -0.358895 -0.071867 0.081027 0.216715
0.000257 -0.358895 -0.071867 0.081027 0.216715
0.076465 -0.439232 -0.117805 -0.10077 0.323576
0.076465 -0.439232 -0.117805 -0.10077 0.323576
0.076465 -0.439232 -0.117805 -0.10077 0.323576
0.136899 -0.371854 -0.053847 -0.066405 0.178377
0.072704 -0.31432 -0.057929 -0.057282 0.114924
0.190307 -0.26171 0.027334 -0.146783 -0.166358
0.190307 -0.26171 0.027334 -0.146783 -0.166358
0.190147 -0.366089 -0.039865 -0.196595 0.02619
0.34017 -0.094412 0.091387 -0.10147 -0.032125
0.238886 -0.189947 0.060665 -0.10988 -0.105304
0.182028 -0.202272 0.055861 0.026923 0.056905
0.206614 -0.197847 0.026145 -0.065377 0.026158
0.17091 -0.28605 0.010861 0.215899 0.253668
0.17091 -0.28605 0.010861 0.215899 0.253668
0.209988 -0.274954 0.053855 0.052176 0.022527
0.120937 -0.263577 -0.064521 -0.034613 0.307992
0.120937 -0.263577 -0.064521 -0.034613 0.307992
0.120937 -0.263577 -0.064521 -0.034613 0.307992
0.136072 -0.162117 -0.055188 -0.243413 0.12679
0.136072 -0.162117 -0.055188 -0.243413 0.12679
0.198663 -0.108954 -0.004519 -0.428166 -0.110255
0.233492 -0.099712 0.043109 -0.420079 -0.299144
0.111305 -0.246935 -0.042024 -0.129328 0.185486
0.107027 -0.25939 -0.064225 -0.244239 0.185349
0.260871 -0.070685 0.051276 -0.416297 -0.235429
0.260871 -0.070685 0.051276 -0.416297 -0.235429
0.288168 -0.018239 0.064592 -0.380649 -0.137861
0.288168 -0.018239 0.064592 -0.380649 -0.137861
0.24323 -0.044297 0.086301 0.16412 0.270028
0.131265 -0.159957 -0.046967 -0.115448 0.272801
0.154691 -0.099219 -0.05096 -0.20935 0.156627
0.240411 -0.032375 0.084227 -0.324044 -0.403737
0.172781 -0.109602 0.046916 -0.221536 -0.224463
0.172781 -0.109602 0.046916 -0.221536 -0.224463
0.121569 -0.167025 -0.008572 -0.124219 0.167503
0.121569 -0.167025 -0.008572 -0.124219 0.167503
0.121569 -0.167025 -0.008572 -0.124219 0.167503
0.099254 -0.172819 -0.031567 -0.224391 0.051952
0.099254 -0.172819 -0.031567 -0.224391 0.051952
-0.001463 -0.278778 -0.143892 -0.364308 0.128682
-0.001463 -0.278778 -0.143892 -0.364308 0.128682
-0.001463 -0.278778 -0.143892 -0.364308 0.128682
-0.040147 -0.390413 -0.189682 -0.371162 0.162917
-0.040147 -0.390413 -0.189682 -0.371162 0.162917
-0.040147 -0.390413 -0.189682 -0.371162 0.162917
-0.040147 -0.390413 -0.189682 -0.371162 0.162917
-0.040147 -0.390413 -0.189682 -0.371162 0.162917
0.107188 -0.191637 -0.046384 -0.447724 -0.143548
0.107188 -0.191637 -0.046384 -0.447724 -0.143548
0.107188 -0.191637 -0.046384 -0.447724 -0.143548
0.107188 -0.191637 -0.046384 -0.447724 -0.143548
0.107188 -0.191637 -0.046384 -0.447724 -0.143548
0.147055 -0.169188 0.000741 -0.316821 -0.190309
0.172803 -0.259239 0.049087 0.094557 -0.016557
0.172803 -0.259239 0.049087 0.094557 -0.016557
0.226524 -0.24496 0.108095 0.237475 -0.047666
0.261691 -0.168087 0.126331 0.238335 -0.001023
0.249136 -0.178622 0.116315 0.129128 -0.031768
0.249136 -0.178622 0.116315 0.129128 -0.031768
0.249136 -0.178622 0.116315 0.129128 -0.031768
0.144277 -0.317781 0.040034 0.178947 0.077459
0.172375 -0.21265 0.077393 0.238795 0.108802
0.172375 -0.21265 0.077393 0.238795 0.108802
0.159475 -0.282076 0.019844 -0.014829 -0.000533
0.092521 -0.310854 -0.058125 -0.02143 0.123816
0.066609 -0.333114 -0.134002 -0.378956 0.178241
0.066609 -0.333114 -0.134002 -0.378956 0.178241
0.120873 -0.290722 -0.044725 0.258886 0.450599
0.120873 -0.290722 -0.044725 0.258886 0.450599
0.120873 -0.290722 -0.044725 0.258886 0.450599
0.120873 -0.290722 -0.044725 0.258886 0.450599
0.169185 -0.21295 0.015733 0.368064 0.347415
0.182974 -0.117337 0.056508 0.124432 0.129202
0.232954 -0.05026 0.117962 0.047831 -0.066156
0.232954 -0.05026 0.117962 0.047831 -0.066156
0.251758 -0.126604 0.103565 0.11591 0.089243
0.216082 -0.173693 0.019204 -0.04538 0.164834
0.216082 -0.173693 0.019204 -0.04538 0.164834
0.216082 -0.173693 0.019204 -0.04538 0.164834
0.243765 -0.123362 0.060715 -0.028198 0.083126
0.297229 -0.090943 0.153212 0.093205 -0.081657
0.297229 -0.090943 0.153212 0.093205 -0.081657
0.322643 -0.030423 0.142528 0.143457 -0.040487
0.276158 -0.085899 0.074848 -0.029423 0.05195
0.163821 -0.166362 -0.012443 -0.278136 -0.026299
0.163821 -0.166362 -0.012443 -0.278136 -0.026299
0.163821 -0.166362 -0.012443 -0.278136 -0.026299
0.163821 -0.166362 -0.012443 -0.278136 -0.026299
0.163821 -0.166362 -0.012443 -0.278136 -0.026299
0.181014 -0.140583 -0.007513 0.015249 0.247794
0.145606 -0.219292 -0.039645 0.063072 0.315772
0.145606 -0.219292 -0.039645 0.063072 0.315772
0.216191 -0.163538 0.037085 0.120736 0.172984
0.193963 -0.147852 0.047767 -0.021357 -0.07082
0.131568 -0.230552 -0.021061 -0.1645 -0.041085
0.131568 -0.230552 -0.021061 -0.1645 -0.041085
0.132426 -0.210302 -0.019751 -0.126392 0.026396
0.132426 -0.210302 -0.019751 -0.126392 0.026396
0.219439 -0.128796 0.025826 -0.088489 0.000871
0.168258 -0.073563 0.004174 -0.185222 -0.116444
0.127191 -0.147733 -0.026846 -0.007628 0.232603
0.146214 -0.172228 -0.015127 -0.148486 0.01458
0.185177 -0.152749 0.010939 -0.068542 0.007184
0.185177 -0.152749 0.010939 -0.068542 0.007184
0.185177 -0.152749 0.010939 -0.068542 0.007184
0.126707 -0.275283 -0.074801 -0.205593 0.11183
0.126707 -0.275283 -0.074801 -0.205593 0.11183
0.116185 -0.301307 -0.055568 -0.009704 0.205157
0.116185 -0.301307 -0.055568 -0.009704 0.205157
0.111625 -0.352292 -0.058278 -0.007956 0.162203
0.125132 -0.327185 -0.062115 -0.246618 0.047702
0.100439 -0.320909 -0.080084 -0.213431 0.079503
0.100439 -0.320909 -0.080084 -0.213431 0.079503
0.100439 -0.320909 -0.080084 -0.213431 0.079503
0.147481 -0.23884 -0.028206 -0.015091 0.145379
0.147481 -0.23884 -0.028206 -0.015091 0.145379
0.147481 -0.23884 -0.028206 -0.015091 0.145379
0.218066 -0.17083 0.017422 -0.028682 0.158089
0.218066 -0.17083 0.017422 -0.028682 0.158089
0.24065 -0.157502 0.049975 -0.000492 0.020265
0.24065 -0.157502 0.049975 -0.000492 0.020265
0.24065 -0.157502 0.049975 -0.000492 0.020265
0.24065 -0.157502 0.049975 -0.000492 0.020265
0.171463 -0.140529 0.019243 -0.079255 0.031831
0.229566 -0.112435 0.035557 -0.200938 -0.12971
0.143329 -0.133884 -0.03141 -0.252188 -0.035809
0.160914 -0.243411 0.022267 -0.087242 -0.090175
0.191079 -0.182475 0.0386 -0.117212 -0.08977
0.160744 -0.173878 0.049687 0.067141 0.005626
0.112376 -0.226677 0.000833 -0.004463 0.077765
0.063963 -0.329302 -0.053745 -0.116484 0.016322
0.063963 -0.329302 -0.053745 -0.116484 0.016322
0.063963 -0.329302 -0.053745 -0.116484 0.016322
0.32273 0.003297 0.133169 0.081272 -0.093296
0.32273 0.003297 0.133169 0.081272 -0.093296
0.220981 0.022579 0.061748 0.049962 0.060317
0.231735 -0.019569 0.043277 0.090421 0.200912
0.211642 -0.032568 0.1149 0.049152 -0.094692
0.115638 -0.155437 -0.019621 -0.433295 -0.240379
0.115638 -0.155437 -0.019621 -0.433295 -0.240379
0.096264 -0.173899 -0.063426 -0.246469 0.112143
0.096264 -0.173899 -0.063426 -0.246469 0.112143
0.123751 -0.112111 -0.050569 -0.353992 -0.055616
0.062376 -0.227698 -0.066452 -0.072598 0.286028
0.062376 -0.227698 -0.066452 -0.072598 0.286028
0.213353 -0.15123 0.013339 -0.013096 0.289675
0.213353 -0.15123 0.013339 -0.013096 0.289675
0.213353 -0.15123 0.013339 -0.013096 0.289675
0.156343 -0.223083 -0.028282 -0.001385 0.226535
0.296782 -0.116299 0.06635 0.07444 0.18908
0.296782 -0.116299 0.06635 0.07444 0.18908
0.247286 -0.147192 0.060925 0.227613 0.282528
0.247286 -0.147192 0.060925 0.227613 0.282528
0.247286 -0.147192 0.060925 0.227613 0.282528
0.107502 -0.283497 -0.068264 -0.091923 0.255076
0.107502 -0.283497 -0.068264 -0.091923 0.255076
0.107502 -0.283497 -0.068264 -0.091923 0.255076
0.107502 -0.283497 -0.068264 -0.091923 0.255076
0.129094 -0.226449 -0.043377 -0.126557 0.150012
0.129094 -0.226449 -0.043377 -0.126557 0.150012
0.231228 -0.091275 0.041998 -0.058227 -0.004786
0.231228 -0.091275 0.041998 -0.058227 -0.004786
0.286116 -0.01972 0.080939 -0.234107 -0.196813
0.301069 -0.069738 0.082631 -0.308341 -0.28385
0.301069 -0.069738 0.082631 -0.308341 -0.28385
0.291322 -0.078826 0.137908 -0.201445 -0.381823
0.291322 -0.078826 0.137908 -0.201445 -0.381823
0.250221 -0.122708 0.074584 0.057777 0.011807
0.178629 -0.210714 -0.000116 -0.271834 -0.13402
0.225374 -0.172972 0.01012 -0.049025 0.065185
0.225374 -0.172972 0.01012 -0.049025 0.065185
0.124122 -0.341174 -0.055664 -0.055124 0.071146
0.183964 -0.131995 0.008747 0.067363 0.148745
0.061505 -0.309877 -0.065533 0.089066 0.310483
0.061505 -0.309877 -0.065533 0.089066 0.310483
0.03998 -0.381715 -0.139838 -0.062107 0.393815
0.13277 -0.308333 -0.04033 0.169771 0.335053
0.13277 -0.308333 -0.04033 0.169771 0.335053
0.19624 -0.186655 -0.027804 0.015775 0.25777
0.227955 -0.158432 0.019155 -0.215704 0.030192
0.227955 -0.158432 0.019155 -0.215704 0.030192
0.1482 -0.152745 0.016795 -0.038491 0.087515
0.196326 -0.114926 0.071903 0.060594 0.072215
0.036462 -0.355159 -0.077064 0.013847 0.302238
0.15772 -0.18883 0.090034 -0.108971 -0.303577
0.24466 -0.076994 0.199563 0.001867 -0.414012
0.257618 -0.066427 0.139489 -0.326677 -0.519627
0.226511 -0.105011 0.117983 -0.155144 -0.327234
0.226511 -0.105011 0.117983 -0.155144 -0.327234
0.200608 -0.158613 0.023515 -0.37407 -0.265798
0.200608 -0.158613 0.023515 -0.37407 -0.265798
0.200608 -0.158613 0.023515 -0.37407 -0.265798
0.103504 -0.317694 -0.03891 -0.228544 -0.086105
0.183071 -0.231978 0.062746 -0.014356 -0.204181
0.241362 -0.195039 0.137904 0.240888 -0.138441
0.241362 -0.195039 0.137904 0.240888 -0.138441
0.180097 -0.29769 0.044514 -0.008997 -0.03679
0.147558 -0.279576 -0.043009 -0.349517 -0.07703
0.095164 -0.26811 -0.095376 -0.432511 -0.023382
0.095164 -0.26811 -0.095376 -0.432511 -0.023382
0.197281 -0.162475 0.008193 -0.13772 0.071419
0.197281 -0.162475 0.008193 -0.13772 0.071419
0.12942 -0.249408 -0.054675 -0.110149 0.292885
0.212292 -0.131976 0.102261 0.073635 0.056423
0.377521 0.081618 0.251079 0.32722 -0.060499
0.22111 -0.234192 0.011328 -0.14632 0.099016
0.239302 -0.135786 0.045378 -0.256078 -0.031596
0.252478 -0.130195 -0.003668 -0.372764 0.029612
0.252478 -0.130195 -0.003668 -0.372764 0.029612
0.228841 -0.108511 0.051861 -0.141477 0.00075
0.228841 -0.108511 0.051861 -0.141477 0.00075
0.267327 -0.063434 0.095309 -0.181112 -0.173534
0.267327 -0.063434 0.095309 -0.181112 -0.173534
0.267327 -0.063434 0.095309 -0.181112 -0.173534
0.267327 -0.063434 0.095309 -0.181112 -0.173534
0.223454 -0.103375 0.086511 -0.303573 -0.356698
0.097108 -0.192891 -0.041845 -0.205554 -0.015223
0.202963 -0.094853 0.031027 -0.356357 -0.141431
0.195331 -0.111965 0.009009 -0.470216 -0.169291
0.247394 0.017617 0.063459 -0.341848 -0.160894
0.247394 0.017617 0.063459 -0.341848 -0.160894
0.226397 -0.057136 0.103234 0.193668 0.143671
0.182075 -0.203236 0.033062 0.016899 0.114618
0.263154 -0.095618 0.106434 -0.019707 -0.145325
0.19536 -0.131481 0.016979 -0.225924 -0.174081
0.19536 -0.131481 0.016979 -0.225924 -0.174081
0.246197 -0.042134 0.055798 -0.147237 -0.051357
0.252287 0.00201 0.07416 -0.249987 -0.158782
0.160539 -0.178347 0.044506 0.046806 -0.016045
0.256044 -0.068876 0.093461 -0.075047 -0.09259
0.206376 -0.106421 0.01241 -0.259662 -0.044977
0.206376 -0.106421 0.01241 -0.259662 -0.044977
0.206376 -0.106421 0.01241 -0.259662 -0.044977
0.15605 -0.173317 0.000327 -0.033733 0.090559
0.229513 -0.110454 0.104605 -0.019442 -0.146317
0.158118 -0.313687 -0.012058 -0.054218 0.029632
0.125919 -0.196366 0.030215 -0.04854 -0.091823
0.161656 -0.179259 0.015835 -0.223786 -0.116392
0.161656 -0.179259 0.015835 -0.223786 -0.116392
0.161656 -0.179259 0.015835 -0.223786 -0.116392
0.161656 -0.179259 0.015835 -0.223786 -0.116392
0.140945 -0.246478 0.018759 -0.194197 -0.054585
0.140945 -0.246478 0.018759 -0.194197 -0.054585
0.108906 -0.259382 -0.001966 -0.174077 0.046004
0.083948 -0.199516 -0.026953 0.050293 0.13771
0.141956 -0.229629 -0.008588 -0.021274 0.067885
0.150936 -0.272502 0.034129 0.109753 0.051752
0.276294 -0.093287 0.084448 -0.037315 -0.087118
0.173356 -0.135886 0.021209 -0.280615 -0.10389
0.173356 -0.135886 0.021209 -0.280615 -0.10389
0.173356 -0.135886 0.021209 -0.280615 -0.10389
0.173356 -0.135886 0.021209 -0.280615 -0.10389
0.192214 -0.119127 0.083652 -0.100093 -0.123986
0.214342 -0.159417 0.099415 0.135578 0.020505
0.259131 -0.051979 0.088575 -0.117246 -0.153219
0.227924 -0.147043 0.055296 -0.015228 -0.069052
0.227924 -0.147043 0.055296 -0.015228 -0.069052
0.227924 -0.147043 0.055296 -0.015228 -0.069052
0.227924 -0.147043 0.055296 -0.015228 -0.069052
0.245537 -0.171955 0.028014 -0.297613 -0.129924
0.245537 -0.171955 0.028014 -0.297613 -0.129924
0.255918 -0.158884 0.057079 -0.085344 -0.040709
0.255918 -0.158884 0.057079 -0.085344 -0.040709
0.281427 -0.064129 0.122394 -0.098768 -0.309229
0.281427 -0.064129 0.122394 -0.098768 -0.309229
0.281427 -0.064129 0.122394 -0.098768 -0.309229
0.22025 -0.043739 0.12095 0.005714 -0.204724
0.185347 -0.031177 0.16821 0.107553 -0.236218
0.191014 -0.049445 0.126396 0.147961 -0.117298
0.19767 -0.008963 0.153337 0.054207 -0.237214
0.151827 -0.081766 0.09632 0.042072 -0.088103
0.124214 -0.294319 -0.009257 -0.000958 0.138611
0.106474 -0.20518 0.044881 -0.109154 -0.175227
0.255314 -0.089297 0.145015 0.172411 -0.028344
0.230019 -0.129099 0.087871 -0.23378 -0.303901
0.193321 -0.137687 0.044137 0.064542 0.0909
0.286728 -0.000831 0.167166 -0.004225 -0.171642
0.286728 -0.000831 0.167166 -0.004225 -0.171642
0.286728 -0.000831 0.167166 -0.004225 -0.171642
0.098491 -0.139681 0.037203 -0.181642 -0.15269
0.124056 -0.111332 0.060753 -0.327965 -0.343038
0.001962 -0.362985 -0.079562 -0.323903 -0.143341
0.001962 -0.362985 -0.079562 -0.323903 -0.143341
0.009593 -0.37765 -0.110205 -0.339411 -0.038547
-0.021303 -0.411809 -0.113434 -0.026588 0.254478
0.107924 -0.248999 -0.008198 -0.096879 -0.103775
0.107924 -0.248999 -0.008198 -0.096879 -0.103775
0.169647 -0.236274 0.010345 -0.085812 -0.052617
0.169647 -0.236274 0.010345 -0.085812 -0.052617
0.128834 -0.223103 -0.040924 -0.157219 0.008647
0.161378 -0.289183 -0.06934 -0.253446 0.137158
0.192711 -0.147151 0.004102 -0.160153 0.079134
0.179461 -0.131741 0.039932 -0.064396 0.064087
0.121638 -0.152948 0.029424 0.070933 0.097146
0.202655 -0.012004 0.082099 -0.030524 -0.116337
0.243164 -0.044003 0.074703 -0.196797 -0.262039
0.243164 -0.044003 0.074703 -0.196797 -0.262039
0.243164 -0.044003 0.074703 -0.196797 -0.262039
0.002122 -0.476279 -0.114002 -0.153292 0.038351
-0.014575 -0.459677 -0.07773 0.032608 0.137783
-0.038014 -0.425297 -0.098714 -0.037358 0.191384
-0.005928 -0.387246 -0.084482 0.146471 0.454227
-0.014771 -0.403999 -0.089182 0.15445 0.365076
0.147231 -0.172311 0.082493 0.21355 0.01931
0.067987 -0.270375 -0.028569 0.075529 0.095024
0.266734 -0.023055 0.148863 0.186297 -0.088283
0.283412 -0.027271 0.15925 0.191646 -0.107565
0.234609 -0.149495 0.095104 0.137099 -0.070913
0.107997 -0.223026 -0.00934 0.125468 0.090357
0.10251 -0.344862 -0.155092 -0.00016 0.494985
0.152865 -0.230258 -0.08762 -0.022917 0.43557
0.152865 -0.230258 -0.08762 -0.022917 0.43557
0.127526 -0.282824 -0.05414 0.225758 0.537215
0.127526 -0.282824 -0.05414 0.225758 0.537215
0.209086 -0.168189 0.058572 0.073667 0.03978
0.209086 -0.168189 0.058572 0.073667 0.03978
0.168954 -0.21069 0.040803 0.020105 -0.001222
0.23213 -0.137536 0.082604 0.036403 -0.063725
0.272229 -0.088532 0.110844 -0.030638 -0.154901
0.235618 -0.11553 0.124495 0.179571 -0.05787
0.300899 -0.124729 0.110817 -0.038594 -0.221606
0.166084 -0.142348 0.064862 0.100515 -0.088014
0.318665 0.018083 0.131355 0.036323 -0.113515
0.175274 -0.181178 -0.018515 -0.189173 0.095205
0.165921 -0.102711 0.051566 -0.00746 0.01826
0.165921 -0.102711 0.051566 -0.00746 0.01826
0.217218 -0.094853 0.098534 0.012237 -0.061414
0.195947 -0.199882 0.004657 -0.100828 0.007102
0.160046 -0.215746 -0.068461 -0.242301 0.055051
0.160046 -0.215746 -0.068461 -0.242301 0.055051
0.094295 -0.335122 -0.096391 -0.371743 0.022756
0.094295 -0.335122 -0.096391 -0.371743 0.022756
0.094295 -0.335122 -0.096391 -0.371743 0.022756
0.094295 -0.335122 -0.096391 -0.371743 0.022756
0.101155 -0.323951 -0.0513 0.064513 0.234076
0.155359 -0.289693 -0.038885 -0.415299 -0.121626
-0.016112 -0.404005 -0.108527 -0.210503 0.085115
0.023581 -0.38828 -0.040845 0.158733 0.30369
0.152885 -0.141776 -0.001232 0.146162 0.32039
0.152885 -0.141776 -0.001232 0.146162 0.32039
0.081148 -0.189272 -0.030459 -0.003286 0.224626
0.053664 -0.277545 -0.055179 -0.033627 0.234029
0.165623 -0.195995 -0.046789 -0.26248 0.060904
0.165623 -0.195995 -0.046789 -0.26248 0.060904
0.22654 -0.098103 0.112482 0.102441 -0.078122
0.180181 -0.132132 0.077142 0.143223 -0.030473
0.180181 -0.132132 0.077142 0.143223 -0.030473
0.093688 -0.2573 -0.001037 -0.15488 -0.105274
0.196985 -0.070296 0.028481 -0.179744 -0.087466
0.204576 -0.079773 0.066628 -0.066316 -0.11702
0.204576 -0.079773 0.066628 -0.066316 -0.11702
0.204576 -0.079773 0.066628 -0.066316 -0.11702
0.143829 -0.281694 -0.063476 -0.280721 0.043315
0.143829 -0.281694 -0.063476 -0.280721 0.043315
0.191133 -0.152863 0.025953 0.181364 0.278789
0.191133 -0.152863 0.025953 0.181364 0.278789
0.305032 -0.073543 0.179377 0.033242 -0.224082
0.131379 -0.193189 -0.044515 -0.069921 0.210722
0.214487 -0.068837 0.136099 0.142607 -0.083217
0.203431 -0.05426 0.109962 0.362278 0.199677
0.125586 -0.181534 0.063656 0.295433 0.213055
0.035573 -0.326234 -0.071952 0.039034 0.343555
0.035573 -0.326234 -0.071952 0.039034 0.343555
0.122119 -0.223736 -0.062447 -0.04007 0.322534
0.201148 -0.066342 0.01507 -0.439359 -0.191745
0.279157 0.078646 0.15918 -0.073421 -0.174623
0.305775 0.025119 0.141817 -0.322291 -0.356171
0.234194 -0.145512 0.016759 -0.446831 -0.245028
0.247083 -0.152459 0.06962 -0.295417 -0.22535
0.085602 -0.357865 -0.012019 -0.101254 -0.029943
0.035691 -0.382703 -0.034399 -0.134189 -0.033053
0.094432 -0.214879 -0.030324 -0.414601 -0.213248
0.092137 -0.255456 -0.067522 -0.38756 -0.109863
0.199542 -0.277649 0.016537 -0.175666 -0.121407
0.199542 -0.277649 0.016537 -0.175666 -0.121407
0.094522 -0.419284 -0.07246 -0.044028 0.191027
0.094522 -0.419284 -0.07246 -0.044028 0.191027
0.112108 -0.302969 -0.074869 -0.12509 0.145147
0.112108 -0.302969 -0.074869 -0.12509 0.145147
0.115955 -0.257268 -0.08738 -0.139656 0.178852
0.115955 -0.257268 -0.08738 -0.139656 0.178852
0.115955 -0.257268 -0.08738 -0.139656 0.178852
0.13045 -0.171534 -0.047899 -0.220962 0.058257
0.201398 -0.122122 0.006555 -0.047497 0.150966
0.197972 -0.095345 0.037908 -0.018482 0.141499
0.24336 -0.053817 0.127726 0.152974 0.002997
0.24336 -0.053817 0.127726 0.152974 0.002997
0.246402 0.024026 0.087922 -0.122045 -0.094019
0.29056 0.014856 0.083722 0.029947 0.112992
0.322756 -0.05308 0.045142 -0.105216 0.051116
0.206718 -0.117392 0.053713 -0.203566 -0.085944
0.240017 -0.188669 0.021594 -0.161597 0.023645
0.212757 -0.217758 0.048018 -0.212787 -0.182859
0.140415 -0.187392 0.05308 -0.104262 -0.19363
0.140415 -0.187392 0.05308 -0.104262 -0.19363
0.140415 -0.187392 0.05308 -0.104262 -0.19363
0.162612 -0.215339 0.07169 0.071089 -0.114198
0.054277 -0.323187 -0.119063 -0.19899 0.255414
0.113446 -0.293182 -0.020793 -0.029686 0.131624
0.109564 -0.299295 -0.085614 -0.455887 -0.090445
0.109564 -0.299295 -0.085614 -0.455887 -0.090445
0.109564 -0.299295 -0.085614 -0.455887 -0.090445
0.109564 -0.299295 -0.085614 -0.455887 -0.090445
0.109564 -0.299295 -0.085614 -0.455887 -0.090445
0.109564 -0.299295 -0.085614 -0.455887 -0.090445
0.090168 -0.335989 -0.08178 -0.363305 -0.005526
0.047848 -0.348214 -0.101653 -0.395666 -0.108389
0.047848 -0.348214 -0.101653 -0.395666 -0.108389
0.078571 -0.323091 -0.049759 -0.124881 0.048157
0.061373 -0.144508 -0.020444 -0.01029 0.176148
0.137569 -0.126209 -0.010979 -0.067266 0.171123
0.137603 -0.331959 -0.029221 0.170119 0.277379
0.163981 -0.174761 0.035243 0.21749 0.186954
0.157772 -0.146745 0.07748 0.07661 -0.089923
0.183146 -0.118044 0.071713 -0.002298 -0.120082
0.203997 -0.162517 0.023676 -0.335668 -0.265107
0.203997 -0.162517 0.023676 -0.335668 -0.265107
0.203997 -0.162517 0.023676 -0.335668 -0.265107
0.203997 -0.162517 0.023676 -0.335668 -0.265107
0.195564 -0.193484 0.021854 -0.128183 -0.049202
0.195564 -0.193484 0.021854 -0.128183 -0.049202
0.196543 -0.241706 -0.02363 -0.20809 0.021976
0.23497 -0.257358 0.028709 -0.047768 0.029667
0.240278 -0.219369 -0.01294 -0.142841 0.147092
0.284693 -0.18579 0.062969 -0.057831 0.014945
0.205317 -0.245081 0.055061 -0.094789 -0.048499
0.137541 -0.298002 0.012198 -0.183697 -0.070758
0.125487 -0.214679 0.004567 0.06774 0.096006
0.122517 -0.136712 -0.045342 -0.333461 -0.017233
0.122517 -0.136712 -0.045342 -0.333461 -0.017233
0.049379 -0.151118 -0.015472 -0.088663 -0.027567
0.078938 -0.07815 0.075213 0.039902 -0.180482
0.028077 -0.267495 0.001921 0.071845 0.001687
-0.051694 -0.544414 -0.045213 0.48645 0.444053
0.081547 -0.369786 0.00924 0.342304 0.44166
0.172288 -0.180045 0.132247 0.111618 -0.156383
0.162218 -0.29917 0.030364 0.157112 0.053792
0.076711 -0.204768 -0.007775 -0.11085 -0.135188
0.082144 -0.330846 -0.115308 -0.311044 -0.001311
0.141306 -0.220057 -0.015806 -0.155538 -0.097993
0.141306 -0.220057 -0.015806 -0.155538 -0.097993
0.040042 -0.281299 -0.078101 -0.055541 0.122815
0.184913 -0.19333 0.011365 -0.19681 -0.190217
0.184913 -0.19333 0.011365 -0.19681 -0.190217
0.090995 -0.331633 -0.039011 -0.092319 -0.017722
0.088866 -0.326273 -0.088837 -0.291114 -0.028962
0.14468 -0.258944 -0.069032 -0.136858 0.109241
0.183923 -0.168496 0.072656 -0.19325 -0.369512
0.115904 -0.24841 0.014455 0.008133 -0.119924
0.105395 -0.218413 0.011175 -0.070251 -0.217827
0.28477 -0.164598 0.072049 -0.252352 -0.273726
0.092683 -0.27717 -0.033966 -0.167585 -0.016787
0.181662 -0.218003 0.081189 0.182985 -0.004087
0.14824 -0.254307 0.044445 0.291369 0.144348
0.203565 -0.188639 0.110937 0.164811 -0.069055
0.168552 -0.201148 0.050398 0.02281 0.033738
0.129631 -0.200086 0.020352 0.144167 0.203703
0.171001 -0.254003 -0.034723 -0.507398 -0.224583
0.171001 -0.254003 -0.034723 -0.507398 -0.224583
0.171001 -0.254003 -0.034723 -0.507398 -0.224583
0.171001 -0.254003 -0.034723 -0.507398 -0.224583
0.264886 -0.117588 0.002184 -0.209281 0.072973
0.272204 -0.079959 0.060968 0.106367 0.1623
0.264945 -0.136563 -0.005946 -0.127296 0.215412
0.264945 -0.136563 -0.005946 -0.127296 0.215412
0.206645 -0.214972 -0.065749 -0.422287 0.010547
0.206645 -0.214972 -0.065749 -0.422287 0.010547
0.206645 -0.214972 -0.065749 -0.422287 0.010547
0.195054 -0.098464 0.004321 -0.297818 -0.165567
0.242651 -0.08061 0.042626 -0.364585 -0.161776
0.242651 -0.08061 0.042626 -0.364585 -0.161776
0.242651 -0.08061 0.042626 -0.364585 -0.161776
0.242651 -0.08061 0.042626 -0.364585 -0.161776
0.20235 -0.112477 0.069706 -0.300607 -0.193747
0.20235 -0.112477 0.069706 -0.300607 -0.193747
0.207206 -0.152191 0.050755 -0.436991 -0.276361
0.207206 -0.152191 0.050755 -0.436991 -0.276361
0.207206 -0.152191 0.050755 -0.436991 -0.276361
0.207206 -0.152191 0.050755 -0.436991 -0.276361
0.207206 -0.152191 0.050755 -0.436991 -0.276361
0.207206 -0.152191 0.050755 -0.436991 -0.276361
0.207206 -0.152191 0.050755 -0.436991 -0.276361
0.101598 -0.269818 -0.02846 -0.219471 0.03263
0.068711 -0.333094 -0.086602 -0.192068 0.128173
0.07644 -0.279785 -0.080744 -0.246139 0.094387
0.07644 -0.279785 -0.080744 -0.246139 0.094387
0.028812 -0.296394 -0.119672 -0.235465 0.167159
0.08334 -0.215025 -0.034068 0.161664 0.471607
0.283193 -0.138008 0.130812 0.131481 -0.107687
0.283193 -0.138008 0.130812 0.131481 -0.107687
0.283193 -0.138008 0.130812 0.131481 -0.107687
0.283193 -0.138008 0.130812 0.131481 -0.107687
0.104468 -0.267982 0.04445 0.283973 0.214653
0.104468 -0.267982 0.04445 0.283973 0.214653
0.104468 -0.267982 0.04445 0.283973 0.214653
0.146391 -0.207116 -0.016641 -0.097447 0.163073
0.146391 -0.207116 -0.016641 -0.097447 0.163073
0.196954 -0.13468 0.06525 0.017843 0.041179
0.209918 -0.197226 0.111598 0.224745 0.114421
0.209918 -0.197226 0.111598 0.224745 0.114421
0.209918 -0.197226 0.111598 0.224745 0.114421
0.301232 -0.014273 0.086488 0.04248 0.108195
0.301232 -0.014273 0.086488 0.04248 0.108195
0.301232 -0.014273 0.086488 0.04248 0.108195
0.289488 -0.018249 0.082318 0.04219 0.119487
0.288858 0.002624 0.085069 -0.010982 0.073533
0.177679 -0.085153 -0.022755 -0.441726 -0.049838
0.177679 -0.085153 -0.022755 -0.441726 -0.049838
0.168915 -0.137827 -0.001186 -0.305359 -0.068237
0.168915 -0.137827 -0.001186 -0.305359 -0.068237
0.168915 -0.137827 -0.001186 -0.305359 -0.068237
0.207444 -0.192075 0.012599 -0.180736 -0.125502
0.136227 -0.310273 -0.082295 -0.132557 0.188447
0.136227 -0.310273 -0.082295 -0.132557 0.188447
0.136227 -0.310273 -0.082295 -0.132557 0.188447
0.22073 -0.124843 0.041044 -0.10592 -0.139423
0.266948 -0.041536 0.150285 0.122907 -0.19196
0.24 -0.133758 0.059022 0.072738 0.020934
0.309911 -0.053152 0.195231 0.139996 -0.229186
0.343243 -0.03031 0.218276 0.173156 -0.165599
0.195078 -0.165392 0.116397 0.391506 0.230698
0.040098 -0.335891 0.005376 0.309663 0.235868
0.040098 -0.335891 0.005376 0.309663 0.235868
0.212389 -0.186915 0.083693 0.245928 0.105327
0.212389 -0.186915 0.083693 0.245928 0.105327
0.287245 -0.000734 0.163252 0.197982 0.02965
0.293433 -0.047025 0.121597 0.389683 0.343824
0.293433 -0.047025 0.121597 0.389683 0.343824
0.293433 -0.047025 0.121597 0.389683 0.343824
0.234735 -0.234714 0.000835 0.166718 0.346383
0.223225 -0.270836 0.005713 -0.239308 -0.036366
0.183112 -0.221872 0.00316 -0.35688 -0.173008
0.149708 -0.205242 0.014514 -0.102898 -0.049591
0.149708 -0.205242 0.014514 -0.102898 -0.049591
0.176017 -0.272306 -0.026418 -0.085606 0.150125
0.173723 -0.279108 0.005529 0.025098 0.124159
0.166896 -0.368365 -0.005398 0.089738 0.174997
0.169364 -0.298991 -0.026118 -0.06028 0.180768
0.192612 -0.255123 0.008098 0.094425 0.225384
0.153273 -0.331529 -0.057544 0.035037 0.265928
0.187831 -0.252934 -0.000515 0.034831 0.146375
0.179624 -0.215539 0.052599 0.028182 0.034171
0.078624 -0.236778 -0.067767 -0.040822 0.249351
0.078624 -0.236778 -0.067767 -0.040822 0.249351
0.074393 -0.247309 -0.040744 0.149632 0.324228
0.185227 -0.094235 0.055964 -0.050298 0.039762
0.119246 -0.275171 -0.054309 -0.203026 0.091043
0.085285 -0.284672 -0.087226 -0.313785 0.100323
0.211098 -0.117945 -0.018751 -0.27844 0.029306
0.146387 -0.200852 -0.067861 -0.586201 -0.131275
0.146387 -0.200852 -0.067861 -0.586201 -0.131275
0.146387 -0.200852 -0.067861 -0.586201 -0.131275
0.189041 -0.187617 -0.040407 -0.357214 0.03743
0.189041 -0.187617 -0.040407 -0.357214 0.03743
0.292172 -0.059069 0.066177 -0.454488 -0.23513
0.292172 -0.059069 0.066177 -0.454488 -0.23513
0.292172 -0.059069 0.066177 -0.454488 -0.23513
0.292172 -0.059069 0.066177 -0.454488 -0.23513
0.292172 -0.059069 0.066177 -0.454488 -0.23513
0.292172 -0.059069 0.066177 -0.454488 -0.23513
0.306235 0.023622 0.113958 -0.483268 -0.381614
0.306235 0.023622 0.113958 -0.483268 -0.381614
0.232482 -0.077569 0.088101 -0.309056 -0.253464
0.232482 -0.077569 0.088101 -0.309056 -0.253464
0.174836 -0.181695 0.074541 0.190345 0.187313
0.13765 -0.375801 -0.082882 -0.128905 0.215993
0.103834 -0.310468 -0.006931 -0.021238 0.093404
0.152066 -0.210427 0.017349 -0.071236 -0.021358
0.152066 -0.210427 0.017349 -0.071236 -0.021358
0.133205 -0.30753 0.047748 0.097041 0.012233
0.001494 -0.485583 -0.076984 0.330917 0.529605
0.009311 -0.291573 -0.118575 -0.259915 0.151613
0.009311 -0.291573 -0.118575 -0.259915 0.151613
0.131284 -0.182089 0.03646 0.236393 0.253251
0.131284 -0.182089 0.03646 0.236393 0.253251
0.136212 -0.212785 0.02117 0.161637 0.192957
0.202303 -0.18276 0.029395 0.202336 0.255023
0.171111 -0.125203 -0.013921 -0.128958 0.128233
0.236578 -0.124432 -0.028412 -0.286347 0.068583
0.236578 -0.124432 -0.028412 -0.286347 0.068583
0.236578 -0.124432 -0.028412 -0.286347 0.068583
0.225888 -0.14022 -0.067302 -0.495988 0.062289
0.225888 -0.14022 -0.067302 -0.495988 0.062289
0.164498 -0.205079 -0.054345 -0.244816 0.154716
0.084456 -0.344533 -0.061224 -0.175925 0.084133
0.137703 -0.170383 -0.0297 -0.288616 -0.03373
0.137703 -0.170383 -0.0297 -0.288616 -0.03373
0.177438 -0.115615 0.022884 -0.204585 -0.034826
0.177438 -0.115615 0.022884 -0.204585 -0.034826
0.177438 -0.115615 0.022884 -0.204585 -0.034826
0.200181 -0.135633 0.036805 -0.09654 0.044937
0.09891 -0.321495 -0.023903 0.06814 0.19883
0.09891 -0.321495 -0.023903 0.06814 0.19883
0.11375 -0.270571 0.017181 0.143029 0.07333
0.165851 -0.263253 0.039036 0.167622 0.13113
0.189544 -0.251462 0.059932 -0.094724 -0.17857
0.078286 -0.35993 -0.019274 -0.170115 -0.060412
0.107169 -0.302997 -0.038789 -0.228713 -0.034161
0.156327 -0.204871 -0.032196 -0.343728 -0.133398
0.156327 -0.204871 -0.032196 -0.343728 -0.133398
0.156327 -0.204871 -0.032196 -0.343728 -0.133398
0.199803 -0.179389 -0.013129 -0.183344 0.018415
0.199803 -0.179389 -0.013129 -0.183344 0.018415
0.199803 -0.179389 -0.013129 -0.183344 0.018415
0.220038 -0.196788 0.050728 0.154751 0.157441
0.238075 -0.061086 0.110697 0.282829 0.207947
0.238075 -0.061086 0.110697 0.282829 0.207947
0.238075 -0.061086 0.110697 0.282829 0.207947
0.238075 -0.061086 0.110697 0.282829 0.207947
0.226479 -0.051394 0.093035 0.114114 0.09487
0.226479 -0.051394 0.093035 0.114114 0.09487
0.09363 -0.209356 -0.071478 -0.371212 0.035056
0.192907 -0.070517 0.044304 -0.25111 -0.160703
0.296415 -0.050245 0.162377 0.128861 -0.121271
0.132495 -0.155332 0.003996 -0.297624 -0.09043
0.085191 -0.140283 -0.004556 0.001294 0.193362
0.105121 -0.212307 -0.052248 0.028313 0.244568
0.089483 -0.270109 -0.03684 0.095287 0.333217
0.089483 -0.270109 -0.03684 0.095287 0.333217
0.089483 -0.270109 -0.03684 0.095287 0.333217
0.155524 -0.131741 0.036172 -0.191649 -0.134493
0.155524 -0.131741 0.036172 -0.191649 -0.134493
0.177068 -0.183839 0.067296 -0.036661 -0.110761
0.109259 -0.109713 0.029854 -0.157007 -0.123442
0.118995 -0.221813 0.010161 -0.247452 -0.24172
0.118995 -0.221813 0.010161 -0.247452 -0.24172
0.118995 -0.221813 0.010161 -0.247452 -0.24172
0.161038 -0.168253 0.054107 0.076696 -0.0498
0.132618 -0.192177 0.034762 -0.086784 -0.081577
0.15484 -0.142886 0.033255 -0.057354 -0.075682
0.060208 -0.247883 -0.01899 -0.040894 0.028771
0.066917 -0.280496 -0.063902 -0.224183 0.028664
0.091501 -0.283772 -0.106835 -0.333885 0.080353
0.091501 -0.283772 -0.106835 -0.333885 0.080353
0.091501 -0.283772 -0.106835 -0.333885 0.080353
0.091501 -0.283772 -0.106835 -0.333885 0.080353
0.091501 -0.283772 -0.106835 -0.333885 0.080353
0.091501 -0.283772 -0.106835 -0.333885 0.080353
0.091501 -0.283772 -0.106835 -0.333885 0.080353
0.091501 -0.283772 -0.106835 -0.333885 0.080353
0.173342 -0.220989 -0.07053 -0.372884 0.094518
0.173342 -0.220989 -0.07053 -0.372884 0.094518
0.144824 -0.19386 -0.061803 -0.415761 -0.062545
0.194416 -0.080119 0.039884 0.10976 0.133442
0.146885 -0.087325 0.02034 -0.165025 -0.15963
0.127935 -0.214854 -0.008521 0.074415 0.064349
-0.029535 -0.405836 -0.180225 -0.447424 0.1358
-0.029535 -0.405836 -0.180225 -0.447424 0.1358
-0.029535 -0.405836 -0.180225 -0.447424 0.1358
0.004262 -0.389431 -0.116894 -0.196032 0.156327
0.055356 -0.333739 -0.073465 -0.108166 0.227574
0.069424 -0.339689 -0.062047 -0.193047 0.054911
0.069424 -0.339689 -0.062047 -0.193047 0.054911
0.099267 -0.247852 0.017928 0.104133 0.161277
0.121528 -0.285002 -0.050296 -0.067492 0.20677
0.121528 -0.285002 -0.050296 -0.067492 0.20677
0.178246 -0.172035 -0.0331 -0.445816 -0.087814
0.178246 -0.172035 -0.0331 -0.445816 -0.087814
0.178246 -0.172035 -0.0331 -0.445816 -0.087814
0.178246 -0.172035 -0.0331 -0.445816 -0.087814
0.159305 -0.191234 -0.034549 -0.3008 -0.021607
0.159305 -0.191234 -0.034549 -0.3008 -0.021607
0.125396 -0.223216 -0.044053 -0.374815 -0.012538
0.153945 -0.213732 -0.035681 -0.04608 0.213552
0.1403 -0.239023 -0.061552 0.063545 0.343491
0.1403 -0.239023 -0.061552 0.063545 0.343491
0.147236 -0.211157 0.009092 0.00993 0.201804
0.147236 -0.211157 0.009092 0.00993 0.201804
0.1573 -0.179481 -0.008153 -0.141344 -0.076983
0.181215 -0.115433 0.009416 -0.255246 -0.181419
0.208319 -0.101753 0.072063 -0.266046 -0.341295
0.208319 -0.101753 0.072063 -0.266046 -0.341295
0.208319 -0.101753 0.072063 -0.266046 -0.341295
0.208319 -0.101753 0.072063 -0.266046 -0.341295
0.193243 -0.067946 0.066428 -0.05464 -0.074283
0.240602 -0.105357 0.107987 -0.176191 -0.38665
0.240602 -0.105357 0.107987 -0.176191 -0.38665
0.240602 -0.105357 0.107987 -0.176191 -0.38665
0.240602 -0.105357 0.107987 -0.176191 -0.38665
0.308632 -0.01426 0.172025 -0.164654 -0.499175
0.308632 -0.01426 0.172025 -0.164654 -0.499175
0.308632 -0.01426 0.172025 -0.164654 -0.499175
0.209766 -0.170954 0.073621 0.062769 0.005552
0.179298 -0.142258 -0.015404 -0.516385 -0.200477
0.179298 -0.142258 -0.015404 -0.516385 -0.200477
0.037184 -0.411699 -0.114835 -0.333795 0.104657
0.037184 -0.411699 -0.114835 -0.333795 0.104657
0.037184 -0.411699 -0.114835 -0.333795 0.104657
-0.005757 -0.486354 -0.174377 -0.373851 0.201197
0.235936 -0.237458 0.044557 -0.059016 0.077369
0.178777 -0.292146 0.035582 0.196261 0.16908
0.178777 -0.292146 0.035582 0.196261 0.16908
0.153632 -0.244375 0.00601 0.120758 0.071918
0.225054 -0.136165 0.073595 0.173841 -0.067682
0.228398 -0.201081 0.054883 0.111228 -0.004237
0.290082 -0.103347 0.085909 -0.291799 -0.215412
0.280338 -0.116491 0.06645 -0.247801 -0.11911
0.280338 -0.116491 0.06645 -0.247801 -0.11911
0.280338 -0.116491 0.06645 -0.247801 -0.11911
0.280338 -0.116491 0.06645 -0.247801 -0.11911
0.22766 -0.223797 -0.022447 -0.419322 -0.158508
0.22766 -0.223797 -0.022447 -0.419322 -0.158508
0.21871 -0.145062 0.03468 0.030226 0.023777
0.163944 -0.197395 0.017468 -0.069835 0.016355
0.064183 -0.221594 0.023927 0.087848 0.04538
0.064183 -0.221594 0.023927 0.087848 0.04538
0.065006 -0.235846 -0.006621 -0.066746 0.027085
0.121763 -0.107552 0.036912 -0.18672 -0.130449
0.121763 -0.107552 0.036912 -0.18672 -0.130449
0.227676 -0.087301 0.12083 -0.157097 -0.366708
0.227676 -0.087301 0.12083 -0.157097 -0.366708
0.227676 -0.087301 0.12083 -0.157097 -0.366708
0.227676 -0.087301 0.12083 -0.157097 -0.366708
0.189325 -0.060145 0.087255 -0.055821 -0.164288
0.120354 -0.150214 0.021072 -0.056946 -0.067094
0.120354 -0.150214 0.021072 -0.056946 -0.067094
0.275321 -0.09796 0.119223 -0.230586 -0.37922
0.275321 -0.09796 0.119223 -0.230586 -0.37922
0.275321 -0.09796 0.119223 -0.230586 -0.37922
0.275321 -0.09796 0.119223 -0.230586 -0.37922
0.182952 -0.110966 0.05844 -0.198613 -0.296581
0.182952 -0.110966 0.05844 -0.198613 -0.296581
0.182952 -0.110966 0.05844 -0.198613 -0.296581
0.182952 -0.110966 0.05844 -0.198613 -0.296581
0.161236 -0.205357 -0.008551 -0.222951 -0.142346
0.237959 -0.188654 0.057151 -0.085287 -0.128185
0.244434 -0.139799 0.084598 -0.191224 -0.241114
0.179365 -0.19113 -0.011714 -0.049085 0.113023
0.227609 -0.181446 -0.033502 0.086748 0.279376
0.227609 -0.181446 -0.033502 0.086748 0.279376
0.161798 -0.130402 -0.059941 0.006371 0.332005
0.148229 -0.189864 -0.085315 -0.240176 0.13043
0.20226 -0.058816 0.040765 0.073729 0.210588
0.285757 -0.074047 0.151906 0.338588 0.166482
0.313431 -0.045367 0.140737 0.309567 0.199392
0.313431 -0.045367 0.140737 0.309567 0.199392
0.307813 -0.060791 0.141988 0.315661 0.217058
0.310015 -0.07314 0.117589 0.064385 0.178012
0.310015 -0.07314 0.117589 0.064385 0.178012
0.310015 -0.07314 0.117589 0.064385 0.178012
0.300865 -0.053902 0.116566 0.246251 0.264044
0.20552 -0.268693 0.001172 -0.09246 0.192399
0.262956 -0.193313 0.063443 0.020773 -0.001223
0.300157 -0.089884 0.109289 0.041082 -0.056412
0.258688 -0.076711 0.102942 0.050674 -0.048965
0.258688 -0.076711 0.102942 0.050674 -0.048965
0.281355 -0.061505 0.147324 0.068134 -0.158243
0.230033 -0.185369 0.036981 0.000754 -0.001597
0.198293 -0.210446 -0.002416 -0.045405 0.052788
0.223187 -0.161852 0.044734 -0.058484 0.037128
0.11188 -0.216531 -0.038739 -0.114049 0.16686
0.183785 -0.135818 0.013622 -0.14799 0.042428
0.183785 -0.135818 0.013622 -0.14799 0.042428
0.183785 -0.135818 0.013622 -0.14799 0.042428
0.158307 -0.13871 -0.04892 -0.379135 -0.018998
0.189291 -0.112072 0.01501 -0.182649 0.002491
0.189291 -0.112072 0.01501 -0.182649 0.002491
0.219303 -0.077061 -0.000361 -0.202855 0.038347
0.154931 -0.201301 -0.053524 -0.165729 0.14543
0.154931 -0.201301 -0.053524 -0.165729 0.14543
0.154931 -0.201301 -0.053524 -0.165729 0.14543
0.146836 -0.201659 -0.067949 -0.275314 0.059605
0.146836 -0.201659 -0.067949 -0.275314 0.059605
0.108396 -0.252052 -0.080709 -0.100911 0.168509
0.132426 -0.251735 -0.052973 -0.322472 -0.128337
0.132426 -0.251735 -0.052973 -0.322472 -0.128337
0.142494 -0.199124 -0.026921 -0.270531 -0.063132
0.142494 -0.199124 -0.026921 -0.270531 -0.063132
0.216609 -0.212747 0.06351 0.198667 0.116324
0.216609 -0.212747 0.06351 0.198667 0.116324
0.193146 -0.187934 0.070589 -0.260797 -0.34561
0.193146 -0.187934 0.070589 -0.260797 -0.34561
0.193146 -0.187934 0.070589 -0.260797 -0.34561
0.199311 -0.184821 -0.001696 -0.333586 -0.158874
0.199311 -0.184821 -0.001696 -0.333586 -0.158874
0.356303 -0.014503 0.112529 -0.198705 -0.142012
0.356303 -0.014503 0.112529 -0.198705 -0.142012
0.341998 -0.022954 0.163611 -0.100208 -0.285221
0.341998 -0.022954 0.163611 -0.100208 -0.285221
0.23324 -0.193655 0.136842 0.221211 0.037747
0.23324 -0.193655 0.136842 0.221211 0.037747
0.179161 -0.225068 0.04776 0.017614 0.130315
0.179161 -0.225068 0.04776 0.017614 0.130315
0.177523 -0.248365 0.049117 -0.124989 -0.097792
0.316372 0.083507 0.163693 0.002904 -0.137382
0.274502 -0.00499 0.097617 -0.187012 -0.156558
0.199773 -0.083814 0.055111 -0.238768 -0.195766
0.199773 -0.083814 0.055111 -0.238768 -0.195766
0.199773 -0.083814 0.055111 -0.238768 -0.195766
0.212964 -0.140034 -0.00017 -0.436052 -0.231162
0.226359 -0.113863 0.03275 -0.356839 -0.180161
0.226359 -0.113863 0.03275 -0.356839 -0.180161
0.139098 -0.154057 -0.028259 -0.313336 -0.046243
0.067806 -0.214605 -0.095131 -0.419686 -0.014501
0.151233 -0.157827 0.056927 -0.121136 -0.174305
0.151233 -0.157827 0.056927 -0.121136 -0.174305
0.13618 -0.190537 0.02051 0.155219 0.202054
0.177246 -0.1177 -0.000247 0.01289 0.106981
0.15259 -0.136491 -0.01473 0.096094 0.165812
0.045031 -0.201649 -0.06826 0.12684 0.221038
0.045031 -0.201649 -0.06826 0.12684 0.221038
0.045031 -0.201649 -0.06826 0.12684 0.221038
0.19249 -0.057301 0.057093 0.157337 0.085303
0.265508 -0.053818 0.084506 -0.079633 -0.193787
0.219702 -0.219305 0.030833 -0.006099 -0.154709
0.21648 -0.261309 0.042907 -0.183546 -0.259375
0.21648 -0.261309 0.042907 -0.183546 -0.259375
0.21648 -0.261309 0.042907 -0.183546 -0.259375
0.235824 -0.143031 0.049801 -0.344408 -0.321955
0.222475 -0.229538 0.067433 -0.068351 -0.056081
0.251402 -0.122743 0.127373 0.0581 -0.189433
0.197975 -0.088209 0.057114 -0.189284 -0.19404
0.197975 -0.088209 0.057114 -0.189284 -0.19404
0.272769 -0.018027 0.058608 -0.056502 -0.036765
0.23511 -0.075493 0.036876 -0.016671 0.057224
0.190536 -0.105035 -0.001215 -0.138726 0.040155
0.060632 -0.342401 -0.12906 -0.147567 0.270445
0.109342 -0.256662 -0.046785 0.154592 0.293113
0.109342 -0.256662 -0.046785 0.154592 0.293113
0.10073 -0.348376 -0.011556 0.152584 0.115673
0.10073 -0.348376 -0.011556 0.152584 0.115673
0.138978 -0.29537 0.00609 0.258433 0.23768
0.138978 -0.29537 0.00609 0.258433 0.23768
0.14851 -0.267762 0.038358 -0.014937 -0.022794
0.217653 -0.144445 0.124565 0.208383 -0.015341
0.117512 -0.259299 0.014035 0.163083 0.183358
0.228627 -0.19992 0.062129 0.10694 0.180219
0.135334 -0.115351 0.016656 0.227333 0.238956
0.135334 -0.115351 0.016656 0.227333 0.238956
0.100005 -0.173103 -0.004183 0.193004 0.246337
0.046463 -0.236161 -0.067428 -0.121147 0.155603
0.037371 -0.300709 -0.060796 0.130171 0.329562
0.037371 -0.300709 -0.060796 0.130171 0.329562
0.037371 -0.300709 -0.060796 0.130171 0.329562
0.076328 -0.267654 -0.011165 0.028128 0.144209
0.076328 -0.267654 -0.011165 0.028128 0.144209
0.082604 -0.307065 0.004362 0.147515 0.142792
0.194318 -0.129694 0.064268 0.181172 0.066036
0.265058 -0.094253 0.083817 -0.059007 -0.134981
0.265058 -0.094253 0.083817 -0.059007 -0.134981
0.265058 -0.094253 0.083817 -0.059007 -0.134981
0.143857 -0.129885 0.040988 0.082516 0.089172
0.108159 -0.220323 0.01321 -0.068431 0.069622
0.226688 -0.087697 0.063133 -0.533653 -0.405393
0.167336 -0.195132 0.021109 -0.419996 -0.266097
0.168499 -0.223988 -0.017533 -0.342906 -0.069609
0.168499 -0.223988 -0.017533 -0.342906 -0.069609
0.23484 -0.229332 0.062052 0.132072 0.152406
0.138696 -0.306509 -0.074005 -0.494534 -0.158336
0.138696 -0.306509 -0.074005 -0.494534 -0.158336
0.138696 -0.306509 -0.074005 -0.494534 -0.158336
0.179452 -0.156944 0.04674 -0.265784 -0.179633
0.255104 -0.054874 0.12678 -0.154433 -0.256646
0.255104 -0.054874 0.12678 -0.154433 -0.256646
0.255104 -0.054874 0.12678 -0.154433 -0.256646
0.274659 -0.079477 0.111129 -0.099337 -0.240304
0.274659 -0.079477 0.111129 -0.099337 -0.240304
0.209644 -0.176943 0.036857 -0.238143 -0.141586
0.209644 -0.176943 0.036857 -0.238143 -0.141586
0.187034 -0.238493 0.00611 -0.130469 0.010747
0.187034 -0.238493 0.00611 -0.130469 0.010747
0.187034 -0.238493 0.00611 -0.130469 0.010747
0.187034 -0.238493 0.00611 -0.130469 0.010747
0.231977 -0.134814 0.013846 -0.239466 0.004989
0.231977 -0.134814 0.013846 -0.239466 0.004989
0.207276 -0.141582 0.035305 -0.166912 -0.112667
0.207276 -0.141582 0.035305 -0.166912 -0.112667
0.121745 -0.330078 -0.084923 -0.154343 0.137106
0.180908 -0.285408 -0.017678 -0.238333 -0.0386
0.180908 -0.285408 -0.017678 -0.238333 -0.0386
0.180908 -0.285408 -0.017678 -0.238333 -0.0386
0.190628 -0.166257 0.026622 -0.285125 -0.158868
0.203756 -0.154974 -0.023099 -0.380481 -0.013433
0.067029 -0.301667 -0.097971 -0.477369 -0.02838
0.067029 -0.301667 -0.097971 -0.477369 -0.02838
0.083991 -0.295655 -0.054882 -0.241177 -0.003346
0.159757 -0.173135 0.07879 -0.009771 -0.009305
0.200228 -0.159349 0.072569 0.090518 0.110554
0.248519 -0.057748 0.099945 0.052116 0.005635
0.211558 -0.183502 0.081714 0.140086 0.035037
0.279506 -0.093234 0.100899 -0.024853 -0.03594
0.34309 -0.004025 0.180143 -0.040258 -0.200727
0.34309 -0.004025 0.180143 -0.040258 -0.200727
0.266016 -0.166365 0.05243 -0.057726 0.086824
0.213715 -0.243184 0.01099 0.097699 0.253273
0.135622 -0.353351 -0.069368 -0.076948 0.23062
0.135622 -0.353351 -0.069368 -0.076948 0.23062
0.151122 -0.278095 -0.011224 0.065758 0.236412
0.151122 -0.278095 -0.011224 0.065758 0.236412
0.165925 -0.134173 0.041237 0.125973 0.146793
0.165925 -0.134173 0.041237 0.125973 0.146793
0.165925 -0.134173 0.041237 0.125973 0.146793
0.17984 -0.179445 0.044461 0.035488 0.01675
0.136677 -0.189741 0.047822 -0.04837 -0.124162
0.136677 -0.189741 0.047822 -0.04837 -0.124162
0.072044 -0.306228 -0.04161 0.013221 0.119279
0.13269 -0.290932 0.002299 -0.0017 0.014207
0.139249 -0.171242 0.009724 -0.195982 -0.115303
0.139249 -0.171242 0.009724 -0.195982 -0.115303
0.230409 -0.134012 0.029113 -0.243303 -0.042112
0.128882 -0.196704 -0.007964 -0.028374 0.109479
0.145324 -0.241722 -0.001822 0.18961 0.294393
0.145324 -0.241722 -0.001822 0.18961 0.294393
0.094189 -0.23804 -0.053171 -0.053965 0.210633
0.100069 -0.273994 0.004044 0.057434 0.036337
0.131188 -0.211149 0.004336 -0.324713 -0.240581
0.131188 -0.211149 0.004336 -0.324713 -0.240581
0.131188 -0.211149 0.004336 -0.324713 -0.240581
0.076652 -0.155361 0.037146 -0.259524 -0.371821
0.105348 -0.207614 0.085177 0.149049 -0.085007
0.055226 -0.259573 -0.040082 -0.174328 -0.002335
0.076406 -0.250276 -0.014537 -0.126839 -0.039266
0.076406 -0.250276 -0.014537 -0.126839 -0.039266
0.258162 -0.142048 0.10639 0.165367 0.076634
0.252856 -0.108918 0.128647 0.187046 0.015032
0.252856 -0.108918 0.128647 0.187046 0.015032
0.251562 -0.141979 0.122146 0.350383 0.148057
0.251562 -0.141979 0.122146 0.350383 0.148057
0.250279 -0.007868 0.146826 -0.016317 -0.135641
0.334636 0.046147 0.134348 -0.316607 -0.354943
0.250958 -0.099834 0.08211 -0.253781 -0.17192
0.292039 0.047491 0.191922 0.01378 -0.164026
0.296504 -0.058059 0.142374 0.102635 0.03836
0.249923 -0.092431 0.086907 -0.017157 0.037346
0.186253 -0.154786 0.004899 -0.216157 -0.06817
0.171531 -0.265828 0.01091 -0.080296 -0.041414
0.084792 -0.298549 -0.063409 -0.074578 0.143289
0.084792 -0.298549 -0.063409 -0.074578 0.143289
0.084792 -0.298549 -0.063409 -0.074578 0.143289
0.329185 -0.011089 0.136282 0.004815 -0.102777
0.329185 -0.011089 0.136282 0.004815 -0.102777
0.187195 -0.167036 -0.034419 -0.205436 0.153917
0.187195 -0.167036 -0.034419 -0.205436 0.153917
0.187195 -0.167036 -0.034419 -0.205436 0.153917
0.187195 -0.167036 -0.034419 -0.205436 0.153917
0.183055 -0.214399 -0.03542 0.039237 0.307195
0.191447 -0.130508 -0.032511 -0.38699 0.040614
0.191447 -0.130508 -0.032511 -0.38699 0.040614
0.091612 -0.313667 -0.050644 -0.062344 0.1229
0.091612 -0.313667 -0.050644 -0.062344 0.1229
0.091612 -0.313667 -0.050644 -0.062344 0.1229
0.091612 -0.313667 -0.050644 -0.062344 0.1229
0.148685 -0.237166 -0.054759 -0.100869 0.181653
0.079159 -0.224792 -0.069621 -0.180859 0.101972
0.099172 -0.262236 -0.093689 -0.348311 0.037439
0.25932 -0.059543 0.057989 -0.390725 -0.342036
0.215478 -0.142128 0.094892 -0.072143 -0.156137
0.215478 -0.142128 0.094892 -0.072143 -0.156137
0.20481 -0.141411 0.086872 0.102502 0.072034
0.181247 -0.239888 0.004602 -0.091178 0.10557
0.101196 -0.409242 -0.066159 -0.129155 0.074042
0.125327 -0.396523 -0.032504 0.122835 0.242571
0.082362 -0.410878 -0.082761 -0.02404 0.210307
0.130623 -0.354862 -0.018953 -0.057137 0.105394
0.074817 -0.340484 -0.069181 -0.188487 0.060429
0.059244 -0.27432 -0.043848 -0.141353 0.052974
0.057105 -0.298638 -0.033455 -0.025473 0.041017
0.115412 -0.222035 -0.044905 -0.250173 -0.160927
0.202962 -0.154795 0.064495 -0.194448 -0.287694
0.202962 -0.154795 0.064495 -0.194448 -0.287694
0.202962 -0.154795 0.064495 -0.194448 -0.287694
0.191867 -0.104964 0.088731 0.256602 0.137923
0.203742 -0.121151 0.067885 -0.071501 -0.113645
0.103033 -0.251569 -0.007335 -0.047382 0.019546
0.149252 -0.139831 0.037585 -0.179097 -0.207558
0.149252 -0.139831 0.037585 -0.179097 -0.207558
0.149252 -0.139831 0.037585 -0.179097 -0.207558
0.138059 -0.231079 -0.045076 -0.375593 -0.108473
0.138059 -0.231079 -0.045076 -0.375593 -0.108473
0.138059 -0.231079 -0.045076 -0.375593 -0.108473
0.138059 -0.231079 -0.045076 -0.375593 -0.108473
-0.072329 -0.467939 -0.196024 -0.080922 0.350725
-0.072329 -0.467939 -0.196024 -0.080922 0.350725
0.147218 -0.208331 0.005785 -0.324812 -0.336043
0.147218 -0.208331 0.005785 -0.324812 -0.336043
0.147218 -0.208331 0.005785 -0.324812 -0.336043
0.167912 -0.23774 -0.067969 -0.386232 -0.156832
0.203838 -0.207841 -0.019521 -0.375416 -0.190565
0.203838 -0.207841 -0.019521 -0.375416 -0.190565
0.203838 -0.207841 -0.019521 -0.375416 -0.190565
0.069759 -0.375562 -0.099142 -0.286054 0.031824
0.069759 -0.375562 -0.099142 -0.286054 0.031824
0.165393 -0.208505 0.051988 -0.163644 -0.273023
0.115929 -0.210972 -0.029865 -0.09885 0.012586
0.078289 -0.328713 -0.136062 -0.032726 0.400268
0.078289 -0.328713 -0.136062 -0.032726 0.400268
0.1247 -0.36959 -0.111108 0.051389 0.394198
0.164006 -0.216284 -0.068382 -0.185513 0.155905
0.213995 -0.139435 -0.006545 -0.284929 -0.09325
0.221292 -0.101247 0.035787 -0.215181 -0.149022
0.221292 -0.101247 0.035787 -0.215181 -0.149022
0.18333 -0.126443 -0.009667 -0.071113 0.04303
0.073193 -0.190874 0.00721 0.197081 0.211751
0.073193 -0.190874 0.00721 0.197081 0.211751
0.073193 -0.190874 0.00721 0.197081 0.211751
0.171116 -0.108053 0.062478 -0.163676 -0.220753
0.171116 -0.108053 0.062478 -0.163676 -0.220753
0.220679 -0.051231 0.136501 0.009616 -0.148732
0.213546 -0.133231 0.131814 0.233743 0.064972
0.288761 -0.106869 0.113741 -0.107538 -0.123573
0.260107 -0.095295 0.136006 -0.077518 -0.222734
0.260107 -0.095295 0.136006 -0.077518 -0.222734
0.300161 -0.074284 0.129636 -0.032586 -0.211283
0.299326 -0.072787 0.064765 -0.324566 -0.236657
0.299326 -0.072787 0.064765 -0.324566 -0.236657
0.192488 -0.203345 0.007902 -0.339586 -0.205816
0.204104 -0.18229 0.009935 -0.416828 -0.302262
0.204104 -0.18229 0.009935 -0.416828 -0.302262
0.204104 -0.18229 0.009935 -0.416828 -0.302262
0.204104 -0.18229 0.009935 -0.416828 -0.302262
0.204104 -0.18229 0.009935 -0.416828 -0.302262
0.204104 -0.18229 0.009935 -0.416828 -0.302262
0.204104 -0.18229 0.009935 -0.416828 -0.302262
0.204104 -0.18229 0.009935 -0.416828 -0.302262
0.198988 -0.135973 0.066947 -0.383585 -0.491715
0.216076 -0.140834 0.085638 -0.158962 -0.291722
0.264171 -0.136156 0.124616 0.140925 0.012825
0.264171 -0.136156 0.124616 0.140925 0.012825
0.232848 -0.099296 0.110403 0.234914 0.131003
0.14281 -0.130715 0.03983 -0.174304 -0.114844
0.248029 -0.074972 0.080905 0.009014 0.068582
0.233551 -0.107457 0.07992 0.113855 0.10416
0.233551 -0.107457 0.07992 0.113855 0.10416
0.233551 -0.107457 0.07992 0.113855 0.10416
0.233551 -0.107457 0.07992 0.113855 0.10416
0.282236 -0.099909 0.104574 -0.050177 -0.08189
0.282236 -0.099909 0.104574 -0.050177 -0.08189
0.282236 -0.099909 0.104574 -0.050177 -0.08189
0.282236 -0.099909 0.104574 -0.050177 -0.08189
0.282236 -0.099909 0.104574 -0.050177 -0.08189
0.172499 -0.289302 -0.02265 0.107325 0.26509
0.211732 -0.169459 0.002525 -0.261631 -0.013523
0.066511 -0.32309 -0.098256 -0.318932 0.018582
0.01015 -0.373257 -0.109009 -0.231242 0.125215
0.01015 -0.373257 -0.109009 -0.231242 0.125215
0.04637 -0.382561 -0.066338 0.007691 0.267098
0.04637 -0.382561 -0.066338 0.007691 0.267098
0.04637 -0.382561 -0.066338 0.007691 0.267098
0.157848 -0.111144 0.053475 -0.041274 -0.096107
0.128964 -0.17777 -0.006399 -0.178524 0.03598
