0.576751 -0.731066 0.72044 -0.19919 -0.190548
0.106946 -0.298397 -0.083173 0.130454 0.414649
0.14958 -0.238607 0.010313 0.260445 0.266749
0.130702 -0.262525 -0.037184 -0.026793 0.095103
0.130702 -0.262525 -0.037184 -0.026793 0.095103
0.302013 -0.084135 0.127977 -0.040146 -0.188824
0.290322 -0.15658 0.078798 -0.040104 -0.065014
0.243417 -0.099852 0.070179 0.029309 -0.093812
0.243417 -0.099852 0.070179 0.029309 -0.093812
0.157733 -0.235073 -0.052496 -0.271084 -0.077748
0.215097 -0.037747 0.104805 -0.016577 -0.115533
0.175281 -0.143696 0.027674 -0.297379 -0.206752
0.133905 -0.264181 -0.011199 -0.239989 -0.134973
0.200492 -0.1555 -0.003041 -0.450889 -0.268583
0.115178 -0.243204 -0.117066 -0.47498 -0.068937
0.170294 -0.175358 -0.074001 -0.418329 -0.073103
0.13762 -0.239235 -0.078917 -0.303144 -0.021386
0.13762 -0.239235 -0.078917 -0.303144 -0.021386
0.199584 -0.253238 0.066954 0.221036 0.133432
0.199584 -0.253238 0.066954 0.221036 0.133432
0.199584 -0.253238 0.066954 0.221036 0.133432
0.199584 -0.253238 0.066954 0.221036 0.133432
0.090828 -0.375412 -0.073901 -0.054115 0.217515
0.090828 -0.375412 -0.073901 -0.054115 0.217515
0.148685 -0.326843 -0.044405 -0.067803 0.145879
0.163884 -0.308369 -0.073893 -0.092342 0.167518
0.163884 -0.308369 -0.073893 -0.092342 0.167518
0.236626 -0.138453 0.044175 -0.068205 -0.087873
0.236626 -0.138453 0.044175 -0.068205 -0.087873
0.236626 -0.138453 0.044175 -0.068205 -0.087873
0.236626 -0.138453 0.044175 -0.068205 -0.087873
0.161964 -0.240061 0.009463 0.098244 0.09293
0.023773 -0.416632 -0.1739 -0.420953 0.091766
0.023773 -0.416632 -0.1739 -0.420953 0.091766
0.096452 -0.337142 -0.0852 0.017656 0.276328
0.162539 -0.137411 0.001615 0.073227 0.150875
0.225296 -0.092386 0.061239 0.251977 0.160676
0.225296 -0.092386 0.061239 0.251977 0.160676
0.178444 -0.075113 0.080148 0.223342 0.096304
0.194721 -0.150161 0.048663 -0.070251 -0.111109
0.169179 -0.159506 0.069358 -0.032091 -0.136808
0.173364 -0.165798 0.031596 0.076123 0.073543
0.21222 -0.085703 0.076971 -0.426101 -0.44357
0.21222 -0.085703 0.076971 -0.426101 -0.44357
0.21222 -0.085703 0.076971 -0.426101 -0.44357
0.21222 -0.085703 0.076971 -0.426101 -0.44357
0.21222 -0.085703 0.076971 -0.426101 -0.44357
0.151169 -0.243683 -0.044241 -0.398676 -0.077768
0.107048 -0.271262 -0.02008 -0.130441 0.03161
0.1657 -0.208857 -0.047233 -0.128906 0.122308
0.226838 -0.081346 -0.005869 -0.121759 0.033483
0.226838 -0.081346 -0.005869 -0.121759 0.033483
0.320395 0.000395 0.085789 -0.116869 -0.059315
0.239577 -0.080222 0.055106 -0.092534 -0.058139
0.236601 -0.138124 0.034581 -0.231126 -0.134995
0.236601 -0.138124 0.034581 -0.231126 -0.134995
0.236601 -0.138124 0.034581 -0.231126 -0.134995
0.236601 -0.138124 0.034581 -0.231126 -0.134995
0.169478 -0.247259 -0.046544 -0.405134 -0.144905
0.129549 -0.195243 -0.049919 -0.230809 0.024708
0.183575 -0.139206 0.007568 -0.200652 -0.055369
0.163531 -0.10282 -0.013947 -0.524927 -0.180218
0.163531 -0.10282 -0.013947 -0.524927 -0.180218
0.163531 -0.10282 -0.013947 -0.524927 -0.180218
0.163531 -0.10282 -0.013947 -0.524927 -0.180218
0.163531 -0.10282 -0.013947 -0.524927 -0.180218
0.163531 -0.10282 -0.013947 -0.524927 -0.180218
0.220405 -0.071696 0.017825 -0.278007 -0.058571
0.220405 -0.071696 0.017825 -0.278007 -0.058571
0.220405 -0.071696 0.017825 -0.278007 -0.058571
0.220405 -0.071696 0.017825 -0.278007 -0.058571
0.220405 -0.071696 0.017825 -0.278007 -0.058571
0.08939 -0.196416 -0.076967 -0.379605 0.04719
0.08939 -0.196416 -0.076967 -0.379605 0.04719
0.08939 -0.196416 -0.076967 -0.379605 0.04719
0.208613 -0.067186 0.045632 -0.387674 -0.333151
0.202257 -0.154018 0.01881 -0.289526 -0.185953
0.202257 -0.154018 0.01881 -0.289526 -0.185953
0.202257 -0.154018 0.01881 -0.289526 -0.185953
0.202257 -0.154018 0.01881 -0.289526 -0.185953
0.202257 -0.154018 0.01881 -0.289526 -0.185953
0.202257 -0.154018 0.01881 -0.289526 -0.185953
0.202257 -0.154018 0.01881 -0.289526 -0.185953
0.196201 -0.108303 0.046258 -0.292869 -0.211413
0.128425 -0.198324 0.015161 -0.048637 -0.063864
0.183323 -0.240273 0.061305 0.111545 0.051863
0.145827 -0.184018 0.038688 0.277133 0.274914
0.126391 -0.236901 -0.055503 -0.126031 0.177915
0.175106 -0.199607 0.01463 0.056193 0.160666
0.172221 -0.142517 0.004795 -0.024894 0.172845
0.191542 -0.208446 0.002219 0.192589 0.281515
0.224869 -0.129191 0.084577 0.209584 0.151961
0.195861 -0.043333 0.09826 -0.040625 -0.212986
0.195861 -0.043333 0.09826 -0.040625 -0.212986
0.112152 -0.28267 -0.100132 -0.457605 0.034793
0.112152 -0.28267 -0.100132 -0.457605 0.034793
0.18157 -0.142287 0.080974 0.277517 0.200283
0.138109 -0.279453 0.033201 0.326592 0.334342
0.138109 -0.279453 0.033201 0.326592 0.334342
0.183071 -0.236852 -0.016762 -0.087917 0.093547
0.120098 -0.351541 -0.075077 0.008766 0.29483
0.120098 -0.351541 -0.075077 0.008766 0.29483
0.120098 -0.351541 -0.075077 0.008766 0.29483
0.128398 -0.311738 -0.064211 -0.194374 0.089942
0.128398 -0.311738 -0.064211 -0.194374 0.089942
0.099412 -0.347467 -0.110084 -0.294994 0.128054
0.160842 -0.243015 -0.02295 0.020455 0.123165
0.046814 -0.328112 -0.06827 -0.096555 0.09664
0.011266 -0.367495 -0.0869 -0.095464 0.154459
0.215259 -0.121311 -0.027895 -0.287745 -0.008881
0.13186 -0.252505 -0.096411 -0.25164 0.097451
0.101875 -0.294534 -0.137783 -0.410748 0.156199
0.096131 -0.326376 -0.077793 -0.314372 0.057112
0.165751 -0.256 -0.03725 -0.138139 0.123199
0.223515 -0.171122 0.027193 0.021691 0.015198
0.168441 -0.187568 -0.017823 0.034098 0.15948
0.147284 -0.231439 -0.001719 -0.053629 0.01071
0.171493 -0.191973 0.020928 0.080918 0.191747
0.176074 -0.178893 0.025829 -0.161429 0.07591
0.212451 -0.103227 0.054691 -0.154719 -0.025335
0.119827 -0.247148 -0.045891 -0.209401 0.034797
0.255228 -0.116225 0.094632 -0.095264 -0.160427
0.171248 -0.224666 0.037262 0.024232 0.247707
0.242914 -0.168035 0.068527 0.129016 0.260819
0.247112 -0.121408 0.104207 0.22158 0.196451
0.247112 -0.121408 0.104207 0.22158 0.196451
0.247112 -0.121408 0.104207 0.22158 0.196451
0.257916 -0.127266 0.115217 0.195727 0.125879
0.257916 -0.127266 0.115217 0.195727 0.125879
0.257916 -0.127266 0.115217 0.195727 0.125879
0.257916 -0.127266 0.115217 0.195727 0.125879
0.282884 -0.077922 0.116354 0.048306 0.010032
0.21058 -0.170607 0.071876 0.381491 0.283698
0.21058 -0.170607 0.071876 0.381491 0.283698
0.09621 -0.388347 -0.031095 0.132963 0.219461
0.223047 -0.104669 0.099685 0.144205 -0.029842
0.235323 -0.059975 0.055232 -0.105626 -0.073958
0.1624 -0.144437 -0.052759 -0.179127 0.125603
0.169139 -0.168386 0.025296 0.060693 0.159822
0.173457 -0.178656 0.011415 0.14976 0.357282
0.173457 -0.178656 0.011415 0.14976 0.357282
0.173457 -0.178656 0.011415 0.14976 0.357282
0.173457 -0.178656 0.011415 0.14976 0.357282
0.110156 -0.26269 -0.052467 0.12246 0.316097
0.213663 -0.174041 0.033667 0.079273 0.112836
0.191379 -0.141428 0.056171 0.124858 0.043464
0.144033 -0.184056 -0.04924 -0.322205 -0.050967
0.052443 -0.318707 -0.093434 0.074104 0.311014
0.052443 -0.318707 -0.093434 0.074104 0.311014
0.052443 -0.318707 -0.093434 0.074104 0.311014
0.052443 -0.318707 -0.093434 0.074104 0.311014
0.194345 -0.199831 -0.004068 -0.138412 0.07578
0.131608 -0.187124 -0.019801 -0.212937 0.004204
0.131608 -0.187124 -0.019801 -0.212937 0.004204
0.131608 -0.187124 -0.019801 -0.212937 0.004204
0.131608 -0.187124 -0.019801 -0.212937 0.004204
0.131608 -0.187124 -0.019801 -0.212937 0.004204
0.131608 -0.187124 -0.019801 -0.212937 0.004204
0.170735 -0.251124 0.017866 0.056856 0.064788
0.170735 -0.251124 0.017866 0.056856 0.064788
0.285626 -0.111778 0.059439 -0.133082 -0.065581
0.318979 -0.074161 0.077728 -0.138729 -0.140465
0.235048 -0.212158 0.03905 0.185942 0.154969
0.261818 -0.046036 0.02071 -0.159179 0.005871
0.261818 -0.046036 0.02071 -0.159179 0.005871
0.17072 -0.145718 -0.053 -0.470675 -0.198279
0.17072 -0.145718 -0.053 -0.470675 -0.198279
0.17072 -0.145718 -0.053 -0.470675 -0.198279
0.157819 -0.182063 -0.022426 -0.086323 0.018666
0.231933 -0.087767 0.075161 -0.257274 -0.259921
0.304299 0.005529 0.136608 -0.190285 -0.308583
0.242544 -0.130325 0.106684 0.001501 -0.117296
0.283724 -0.122912 0.11358 -0.115892 -0.164992
0.16276 -0.212222 -0.039981 -0.62455 -0.202212
0.074252 -0.400115 -0.129513 -0.49884 0.063737
0.074252 -0.400115 -0.129513 -0.49884 0.063737
0.074252 -0.400115 -0.129513 -0.49884 0.063737
0.074252 -0.400115 -0.129513 -0.49884 0.063737
0.074252 -0.400115 -0.129513 -0.49884 0.063737
0.074252 -0.400115 -0.129513 -0.49884 0.063737
0.074252 -0.400115 -0.129513 -0.49884 0.063737
0.089493 -0.368174 -0.125975 -0.54213 0.020534
0.089493 -0.368174 -0.125975 -0.54213 0.020534
0.089493 -0.368174 -0.125975 -0.54213 0.020534
0.089493 -0.368174 -0.125975 -0.54213 0.020534
0.089493 -0.368174 -0.125975 -0.54213 0.020534
0.089493 -0.368174 -0.125975 -0.54213 0.020534
0.159245 -0.237197 -0.069445 -0.366448 0.047325
0.262401 -0.104892 0.107605 0.070416 -0.043427
0.273993 -0.06252 0.111325 -0.075378 -0.116166
0.273993 -0.06252 0.111325 -0.075378 -0.116166
0.273993 -0.06252 0.111325 -0.075378 -0.116166
0.222056 -0.114413 0.05174 0.157977 0.255457
0.222056 -0.114413 0.05174 0.157977 0.255457
0.222056 -0.114413 0.05174 0.157977 0.255457
0.222056 -0.114413 0.05174 0.157977 0.255457
0.193912 -0.104051 0.034618 -0.280392 -0.102977
0.218964 -0.169733 0.032722 -0.25854 -0.045656
0.210665 -0.216994 0.06086 0.056995 0.027109
0.26564 -0.134871 0.094671 0.093025 0.041829
0.26564 -0.134871 0.094671 0.093025 0.041829
0.26564 -0.134871 0.094671 0.093025 0.041829
0.259464 -0.130574 0.140788 0.248433 0.039087
0.197412 -0.227186 0.01751 -0.288061 -0.117254
0.197412 -0.227186 0.01751 -0.288061 -0.117254
0.083081 -0.320772 0.017418 0.079394 0.011722
0.083081 -0.320772 0.017418 0.079394 0.011722
0.228659 -0.020665 0.185099 0.087958 -0.390046
0.228659 -0.020665 0.185099 0.087958 -0.390046
0.153094 -0.079164 0.121888 -0.023611 -0.346601
0.256867 -0.025119 0.179446 0.083591 -0.304928
0.256867 -0.025119 0.179446 0.083591 -0.304928
0.01741 -0.34422 -0.087594 -0.286662 -0.054194
0.030274 -0.341589 -0.122137 -0.491829 -0.08827
0.084461 -0.239544 -0.05656 -0.201009 -0.09472
0.098529 -0.262422 -0.126877 -0.472412 0.038674
0.098529 -0.262422 -0.126877 -0.472412 0.038674
0.201537 -0.100367 0.006801 -0.328673 -0.110139
0.205381 -0.137592 0.026223 -0.057176 0.140225
0.205381 -0.137592 0.026223 -0.057176 0.140225
0.145399 -0.2554 -0.046299 -0.074944 0.210326
0.145399 -0.2554 -0.046299 -0.074944 0.210326
0.145399 -0.2554 -0.046299 -0.074944 0.210326
0.109757 -0.259458 -0.092119 -0.112778 0.274576
0.128103 -0.281611 -0.068154 -0.044324 0.225832
0.128103 -0.281611 -0.068154 -0.044324 0.225832
0.117426 -0.204158 -0.001652 -0.116716 -0.052365
0.167922 -0.12407 0.056257 -0.167646 -0.207361
0.205266 -0.04756 0.018731 -0.337091 -0.094513
0.236311 -0.007607 0.080931 -0.160637 -0.136064
0.284724 -0.031227 0.168435 0.088707 -0.229404
0.284724 -0.031227 0.168435 0.088707 -0.229404
0.264222 -0.051717 0.073067 -0.344824 -0.223496
0.264222 -0.051717 0.073067 -0.344824 -0.223496
0.264222 -0.051717 0.073067 -0.344824 -0.223496
0.264222 -0.051717 0.073067 -0.344824 -0.223496
0.251997 -0.122972 0.048519 -0.523 -0.442712
0.251997 -0.122972 0.048519 -0.523 -0.442712
0.251997 -0.122972 0.048519 -0.523 -0.442712
0.251997 -0.122972 0.048519 -0.523 -0.442712
0.251997 -0.122972 0.048519 -0.523 -0.442712
0.251997 -0.122972 0.048519 -0.523 -0.442712
0.251997 -0.122972 0.048519 -0.523 -0.442712
0.251997 -0.122972 0.048519 -0.523 -0.442712
0.251997 -0.122972 0.048519 -0.523 -0.442712
0.251997 -0.122972 0.048519 -0.523 -0.442712
0.251997 -0.122972 0.048519 -0.523 -0.442712
0.251997 -0.122972 0.048519 -0.523 -0.442712
0.251997 -0.122972 0.048519 -0.523 -0.442712
0.251997 -0.122972 0.048519 -0.523 -0.442712
0.251997 -0.122972 0.048519 -0.523 -0.442712
0.251997 -0.122972 0.048519 -0.523 -0.442712
0.251997 -0.122972 0.048519 -0.523 -0.442712
0.251997 -0.122972 0.048519 -0.523 -0.442712
0.246969 -0.159734 0.067442 -0.078144 -0.080601
0.286572 0.003124 0.168153 0.074803 -0.163548
0.262103 0.010683 0.155299 0.109333 -0.133512
0.244304 -0.053333 0.138236 0.287694 0.063222
0.220137 -0.101699 0.078014 0.05729 0.035237
0.152065 -0.168377 0.003466 -0.155617 -0.125719
0.152065 -0.168377 0.003466 -0.155617 -0.125719
0.236647 -0.112386 0.080401 0.226183 0.121718
0.243498 -0.087562 0.109162 0.189761 0.04284
0.310507 -0.040121 0.186302 0.184291 -0.116129
0.221253 -0.026816 0.105964 -0.181978 -0.261402
0.157832 -0.155576 0.026499 -0.266455 -0.321402
0.157832 -0.155576 0.026499 -0.266455 -0.321402
0.150446 -0.10201 0.008108 -0.453822 -0.337068
0.131899 -0.168151 0.003373 -0.044428 0.094819
0.176237 -0.189589 -0.040059 -0.588649 -0.212452
0.176237 -0.189589 -0.040059 -0.588649 -0.212452
0.176237 -0.189589 -0.040059 -0.588649 -0.212452
0.192635 -0.148816 0.035695 -0.1721 -0.154619
0.192635 -0.148816 0.035695 -0.1721 -0.154619
0.080312 -0.172261 -0.053911 -0.005721 0.25486
0.206391 -0.0427 0.040393 -0.08522 0.062781
0.104887 -0.231127 -0.046108 -0.376268 -0.057256
0.104887 -0.231127 -0.046108 -0.376268 -0.057256
0.104887 -0.231127 -0.046108 -0.376268 -0.057256
0.104887 -0.231127 -0.046108 -0.376268 -0.057256
0.046301 -0.354647 -0.092979 -0.229669 0.095059
0.165241 -0.246263 -0.03717 -0.07222 0.17568
0.06204 -0.359002 -0.087262 -0.055314 0.235687
0.051163 -0.435317 -0.107596 -0.080406 0.226293
-0.044076 -0.475489 -0.194878 -0.144566 0.382343
-0.044076 -0.475489 -0.194878 -0.144566 0.382343
-0.044076 -0.475489 -0.194878 -0.144566 0.382343
-0.044076 -0.475489 -0.194878 -0.144566 0.382343
0.123643 -0.248413 -0.053602 -0.04682 0.251509
0.129995 -0.331869 -0.017555 -0.090002 0.076953
0.129995 -0.331869 -0.017555 -0.090002 0.076953
0.071298 -0.339647 -0.034991 -0.152487 0.032969
0.224707 -0.213619 0.110782 -0.008481 -0.183834
0.224707 -0.213619 0.110782 -0.008481 -0.183834
0.259009 -0.024034 0.091755 -0.062284 -0.092167
0.259009 -0.024034 0.091755 -0.062284 -0.092167
0.201899 -0.11904 0.052837 -0.020828 -0.024769
0.158383 -0.201636 -0.003778 -0.100902 -0.083404
0.19161 -0.187578 0.050577 0.043378 0.013224
0.060642 -0.449277 -0.207972 -0.546839 0.169019
0.060642 -0.449277 -0.207972 -0.546839 0.169019
0.060642 -0.449277 -0.207972 -0.546839 0.169019
0.060642 -0.449277 -0.207972 -0.546839 0.169019
0.053953 -0.326305 -0.097532 -0.028356 0.134571
0.118674 -0.252399 0.026699 -0.162691 -0.289895
0.148721 -0.220232 0.062545 -0.021159 -0.203025
0.15571 -0.272531 0.019341 -0.131871 -0.185401
0.155758 -0.248276 -0.024902 -0.287339 -0.088779
0.155758 -0.248276 -0.024902 -0.287339 -0.088779
0.219075 -0.147766 0.047 -0.1158 -0.065334
0.22857 -0.154782 -0.008359 -0.380027 -0.091088
0.22857 -0.154782 -0.008359 -0.380027 -0.091088
0.262942 -0.151284 0.025278 -0.201801 -0.008234
0.213724 -0.145452 0.060176 -0.178141 -0.098934
0.292657 -0.094193 0.191787 0.220294 -0.127633
0.242116 -0.112633 0.142112 -0.018584 -0.217959
0.087997 -0.317678 -0.125665 -0.058347 0.401189
0.087997 -0.317678 -0.125665 -0.058347 0.401189
0.087997 -0.317678 -0.125665 -0.058347 0.401189
0.104716 -0.250977 -0.113673 -0.205767 0.293232
0.150056 -0.179845 0.010269 -0.042208 0.152195
0.110629 -0.199004 -0.037875 -0.122957 0.164455
0.156642 -0.074357 -0.025449 -0.264762 0.041174
0.158405 -0.156221 -0.014128 -0.070278 0.049436
0.138049 -0.185845 -0.017563 -0.004331 0.108667
0.233438 -0.04535 0.055412 -0.14844 -0.108256
0.264968 -0.121269 0.065337 -0.085326 0.072206
0.26984 -0.146007 0.032965 -0.429839 -0.171141
0.204083 -0.17454 0.027074 -0.23084 -0.17033
0.17877 -0.216609 -0.009084 -0.056394 0.075291
0.17877 -0.216609 -0.009084 -0.056394 0.075291
0.099699 -0.310341 -0.093978 -0.111534 0.214951
0.184019 -0.179049 0.015114 0.121297 0.181819
0.184019 -0.179049 0.015114 0.121297 0.181819
0.205156 -0.18259 -0.007926 -0.028164 0.125455
0.254817 -0.183484 0.050554 -0.088523 -0.150798
0.23108 -0.173712 0.127292 -0.000982 -0.302652
0.137728 -0.211379 0.0444 0.053498 -0.070177
0.124195 -0.237536 0.036291 -0.050229 -0.150798
0.083293 -0.298388 0.00143 0.08064 0.001481
0.139014 -0.179043 -0.000301 -0.025713 0.006112
0.202032 -0.089274 0.103169 0.067431 -0.057145
0.202032 -0.089274 0.103169 0.067431 -0.057145
0.202032 -0.089274 0.103169 0.067431 -0.057145
0.105741 -0.24854 0.018022 -0.080656 -0.041173
0.144155 -0.162395 0.050785 -0.12407 -0.143757
0.226695 -0.144633 0.079214 0.073452 0.089055
0.258971 -0.147579 0.081941 0.205434 0.206264
0.258971 -0.147579 0.081941 0.205434 0.206264
0.111104 -0.25424 -0.078717 -0.410496 -0.017026
0.111104 -0.25424 -0.078717 -0.410496 -0.017026
0.101583 -0.188145 -0.06378 -0.47901 -0.051481
0.101583 -0.188145 -0.06378 -0.47901 -0.051481
0.139748 -0.137633 -0.04664 -0.245242 0.011355
0.205182 -0.264846 -0.04411 -0.428101 -0.14463
0.215929 -0.202097 0.050176 -0.137561 -0.123592
0.215758 -0.225235 0.044662 -0.164161 -0.10028
0.235045 -0.07647 0.089798 -0.020436 -0.085418
0.229706 -0.114757 0.034895 -0.132704 -0.013885
0.229706 -0.114757 0.034895 -0.132704 -0.013885
0.196811 -0.172118 0.010789 -0.080594 0.046989
0.196811 -0.172118 0.010789 -0.080594 0.046989
0.152114 -0.193098 -0.010724 -0.033559 0.138293
0.152114 -0.193098 -0.010724 -0.033559 0.138293
0.195606 -0.128537 0.015634 -0.043162 0.117955
0.146848 -0.306476 -0.125127 -0.291957 0.195136
0.127891 -0.311825 -0.107536 -0.185946 0.176445
0.051882 -0.386726 -0.101957 -0.230225 0.081822
0.051882 -0.386726 -0.101957 -0.230225 0.081822
0.113762 -0.22893 -0.067069 -0.289555 0.083811
0.110398 -0.21015 -0.010773 -0.263036 -0.102169
0.128869 -0.164583 -0.053057 -0.515026 -0.113531
0.128869 -0.164583 -0.053057 -0.515026 -0.113531
0.128869 -0.164583 -0.053057 -0.515026 -0.113531
0.097855 -0.17045 -0.094536 -0.636789 -0.122486
0.21848 -0.133813 0.019768 -0.296097 -0.173804
0.341809 -0.068673 0.097014 -0.289177 -0.272814
0.325617 -0.064477 0.128015 -0.078164 -0.183925
0.325617 -0.064477 0.128015 -0.078164 -0.183925
0.294988 -0.067571 0.139909 0.127139 -0.067224
0.13665 -0.233986 0.057943 0.135614 0.017541
0.288046 0.026934 0.13164 -0.081634 -0.192044
0.268993 0.037042 0.106729 -0.28255 -0.297907
0.240761 -0.044812 0.095585 -0.221068 -0.218897
0.197982 -0.124275 0.071534 -0.182176 -0.249068
0.160791 -0.186189 0.073808 0.03218 -0.137504
0.07854 -0.219004 -0.008396 -0.188162 -0.185434
0.078557 -0.316576 -0.079844 -0.179978 0.061626
0.012368 -0.302531 -0.018796 0.135203 0.116746
0.012368 -0.302531 -0.018796 0.135203 0.116746
0.052052 -0.3391 -0.074164 0.122126 0.188444
0.052052 -0.3391 -0.074164 0.122126 0.188444
0.218213 -0.242391 0.034722 0.055753 0.042815
0.196497 -0.303033 0.019363 0.068191 0.151463
0.181908 -0.186844 0.032048 0.085297 0.088482
0.203147 -0.19539 0.061437 -0.080214 -0.129973
0.165327 -0.241448 0.035912 0.070327 0.007651
0.165327 -0.241448 0.035912 0.070327 0.007651
0.19272 -0.189576 0.007482 -0.220521 -0.115476
0.131065 -0.3129 -0.068766 -0.166637 0.167139
0.148065 -0.332106 -0.045267 -0.163516 0.024288
0.148065 -0.332106 -0.045267 -0.163516 0.024288
0.215309 -0.236726 0.029398 0.077907 0.068359
0.256299 -0.271289 0.054696 0.128293 0.115817
0.257557 -0.269037 0.052052 0.207779 0.229785
0.257557 -0.269037 0.052052 0.207779 0.229785
0.257557 -0.269037 0.052052 0.207779 0.229785
0.30808 -0.109133 0.152531 0.20953 -0.052243
0.30808 -0.109133 0.152531 0.20953 -0.052243
0.206766 -0.169468 0.078557 0.064757 0.000208
0.21468 -0.17751 0.041982 -0.045627 -0.025398
0.21468 -0.17751 0.041982 -0.045627 -0.025398
0.21468 -0.17751 0.041982 -0.045627 -0.025398
0.1494 -0.155798 0.006352 -0.192737 -0.009838
0.192463 -0.213044 0.020941 -0.266869 -0.074372
0.192463 -0.213044 0.020941 -0.266869 -0.074372
0.141646 -0.176192 0.017987 -0.164709 -0.128047
0.085394 -0.33967 -0.024215 0.054697 0.073469
0.116142 -0.230491 -0.021561 -0.250674 -0.162046
0.198873 -0.240391 -0.025419 -0.291669 -0.116243
0.198873 -0.240391 -0.025419 -0.291669 -0.116243
0.179188 -0.277775 -0.063197 -0.209904 0.021397
0.311011 -0.131072 0.05489 -0.309665 -0.258076
0.311011 -0.131072 0.05489 -0.309665 -0.258076
0.327301 -0.119375 0.045835 -0.437864 -0.237538
0.133956 -0.240997 -0.017336 -0.228257 -0.024302
0.133956 -0.240997 -0.017336 -0.228257 -0.024302
0.133956 -0.240997 -0.017336 -0.228257 -0.024302
0.133956 -0.240997 -0.017336 -0.228257 -0.024302
0.237046 -0.249549 0.004581 -0.248203 -0.082185
0.193724 -0.356547 -0.064491 -0.299238 0.043818
0.193724 -0.356547 -0.064491 -0.299238 0.043818
0.193724 -0.356547 -0.064491 -0.299238 0.043818
0.232962 -0.31213 -0.02893 -0.200831 0.100569
0.150524 -0.389141 -0.06206 -0.337215 0.096454
0.150524 -0.389141 -0.06206 -0.337215 0.096454
0.32022 -0.153218 0.090601 0.09142 0.128032
0.396543 -0.012184 0.163918 -0.112276 -0.250033
0.272994 -0.12935 0.086466 -0.100165 -0.222103
0.225988 -0.168739 0.062315 -0.186544 -0.194548
0.261509 -0.084717 0.077366 -0.233949 -0.227323
0.261509 -0.084717 0.077366 -0.233949 -0.227323
0.224603 -0.242192 0.029418 -0.141422 -0.124088
0.126599 -0.338087 -0.139008 -0.422979 0.105827
0.195148 -0.27465 -0.057499 -0.393942 -0.028297
0.195148 -0.27465 -0.057499 -0.393942 -0.028297
0.203673 -0.223471 -0.024613 -0.310976 -0.020159
0.132497 -0.282258 -0.016449 0.000964 0.127551
0.145409 -0.207994 -0.018621 -0.010647 0.269602
0.184352 -0.134765 -0.006695 -0.018648 0.233593
0.180989 -0.119465 0.020726 0.089957 0.164704
0.183554 -0.224689 0.042603 -0.079174 -0.099181
0.183554 -0.224689 0.042603 -0.079174 -0.099181
0.26716 -0.101354 0.161734 -0.017633 -0.209818
0.129653 -0.217877 0.012368 0.0419 0.009051
0.137051 -0.189717 0.029299 -0.177681 -0.122348
0.154297 -0.157542 0.058994 -0.355624 -0.297982
0.142184 -0.164436 0.022143 -0.423063 -0.38644
0.142184 -0.164436 0.022143 -0.423063 -0.38644
0.142184 -0.164436 0.022143 -0.423063 -0.38644
0.142184 -0.164436 0.022143 -0.423063 -0.38644
0.10775 -0.297612 -0.0385 -0.227139 -0.082082
0.10775 -0.297612 -0.0385 -0.227139 -0.082082
0.201128 -0.133102 0.038403 -0.34561 -0.299761
0.201128 -0.133102 0.038403 -0.34561 -0.299761
0.201128 -0.133102 0.038403 -0.34561 -0.299761
0.201128 -0.133102 0.038403 -0.34561 -0.299761
0.201128 -0.133102 0.038403 -0.34561 -0.299761
0.201128 -0.133102 0.038403 -0.34561 -0.299761
0.201128 -0.133102 0.038403 -0.34561 -0.299761
0.201128 -0.133102 0.038403 -0.34561 -0.299761
0.23394 -0.147296 0.078188 -0.362674 -0.428455
0.291074 -0.133045 0.121084 -0.104313 -0.177159
0.250196 -0.100856 0.023774 -0.346306 -0.077102
0.226448 -0.120333 0.001013 -0.232356 0.071294
0.239729 -0.165765 0.006383 -0.287642 -0.005624
0.218885 -0.140287 0.001508 -0.402931 -0.14817
0.218885 -0.140287 0.001508 -0.402931 -0.14817
0.191712 -0.16927 0.012774 -0.122323 0.02469
0.191712 -0.16927 0.012774 -0.122323 0.02469
0.191712 -0.16927 0.012774 -0.122323 0.02469
0.146461 -0.192366 0.021777 0.010515 0.137633
0.083557 -0.191476 -0.051882 -0.140067 0.086469
0.104859 -0.193642 -0.013319 -0.099239 0.112362
0.104859 -0.193642 -0.013319 -0.099239 0.112362
0.104859 -0.193642 -0.013319 -0.099239 0.112362
0.104859 -0.193642 -0.013319 -0.099239 0.112362
0.120773 -0.35919 -0.021362 0.125714 0.152877
0.226519 -0.220521 0.054045 -0.106329 -0.087419
0.196231 -0.190392 0.044999 -0.101305 0.052921
0.120737 -0.195493 -0.047828 -0.087925 0.219369
0.14043 -0.161371 -0.031809 -0.023456 0.267937
0.14043 -0.161371 -0.031809 -0.023456 0.267937
0.183966 -0.1469 -0.029829 -0.344693 -0.008385
0.183966 -0.1469 -0.029829 -0.344693 -0.008385
0.135594 -0.218038 -0.02749 -0.164437 0.062421
0.135594 -0.218038 -0.02749 -0.164437 0.062421
0.165214 -0.185695 0.013291 -0.1371 -0.004269
0.165214 -0.185695 0.013291 -0.1371 -0.004269
0.165214 -0.185695 0.013291 -0.1371 -0.004269
0.165214 -0.185695 0.013291 -0.1371 -0.004269
0.165214 -0.185695 0.013291 -0.1371 -0.004269
0.165214 -0.185695 0.013291 -0.1371 -0.004269
0.2205 -0.102625 0.069248 0.008602 0.086045
0.245221 -0.157044 0.051874 -0.18707 -0.084776
0.138529 -0.271312 -0.031944 0.062847 0.30723
0.122787 -0.393026 -0.027992 -0.044449 0.037007
0.238804 -0.157785 0.000698 -0.305962 -0.090587
0.28024 -0.094897 0.087371 -0.205359 -0.221354
0.28024 -0.094897 0.087371 -0.205359 -0.221354
0.318954 -0.043875 0.107326 -0.12213 -0.177259
0.226661 -0.080417 0.028962 -0.098716 0.124396
0.184535 -0.193215 -0.014165 -0.106749 0.120304
0.184535 -0.193215 -0.014165 -0.106749 0.120304
0.214938 -0.168405 0.021805 -0.23675 -0.056381
0.164779 -0.22597 -0.02131 -0.202588 0.061116
0.164779 -0.22597 -0.02131 -0.202588 0.061116
0.183801 -0.146033 -0.006965 -0.165709 -0.003485
0.199913 -0.232604 0.027737 -0.053965 0.028904
0.194179 -0.211126 0.009182 0.012989 0.139317
0.194179 -0.211126 0.009182 0.012989 0.139317
0.184659 -0.164246 0.034438 0.097263 0.140488
0.219046 -0.084337 0.112669 -0.135751 -0.304998
0.231751 -0.149412 0.083363 0.037422 -0.028063
0.226386 -0.134639 0.078968 -0.150604 -0.253233
0.282149 -0.106046 0.140168 0.03744 -0.209168
0.155996 -0.233899 0.001131 -0.188245 -0.187548
0.156216 -0.194375 0.012996 -0.235905 -0.215286
0.156216 -0.194375 0.012996 -0.235905 -0.215286
0.230613 -0.16546 0.062397 -0.114886 -0.140146
0.230613 -0.16546 0.062397 -0.114886 -0.140146
0.281625 -0.13498 0.075425 -0.331392 -0.270203
0.124596 -0.30987 -0.09241 -0.414482 0.049609
-0.011289 -0.55007 -0.231539 -0.459189 0.185462
-0.011289 -0.55007 -0.231539 -0.459189 0.185462
-0.011289 -0.55007 -0.231539 -0.459189 0.185462
0.04467 -0.379488 -0.166941 -0.399364 0.188745
0.04467 -0.379488 -0.166941 -0.399364 0.188745
0.04467 -0.379488 -0.166941 -0.399364 0.188745
0.04467 -0.379488 -0.166941 -0.399364 0.188745
0.04467 -0.379488 -0.166941 -0.399364 0.188745
0.04467 -0.379488 -0.166941 -0.399364 0.188745
0.04467 -0.379488 -0.166941 -0.399364 0.188745
0.04467 -0.379488 -0.166941 -0.399364 0.188745
0.129425 -0.2285 -0.091432 -0.309155 0.165762
0.10473 -0.287314 -0.023527 0.220003 0.244133
0.10473 -0.287314 -0.023527 0.220003 0.244133
0.156631 -0.234827 -0.0668 -0.258957 0.087973
0.086026 -0.296306 -0.064356 0.001696 0.223196
0.152971 -0.269199 -0.02937 -0.076598 0.092054
0.152971 -0.269199 -0.02937 -0.076598 0.092054
0.090576 -0.307899 -0.015863 0.081234 0.241908
0.11284 -0.184372 -0.043779 -0.069146 0.112257
0.11284 -0.184372 -0.043779 -0.069146 0.112257
0.23432 -0.089922 0.039512 -0.409471 -0.322725
0.166636 -0.25309 0.002715 -0.149171 -0.053234
0.172574 -0.214102 -0.012364 -0.315264 -0.157612
0.082848 -0.212424 -0.081536 -0.365563 -0.04937
0.200064 -0.125488 -0.00044 -0.280467 -0.022048
0.200064 -0.125488 -0.00044 -0.280467 -0.022048
0.200064 -0.125488 -0.00044 -0.280467 -0.022048
0.10281 -0.210387 -0.037901 -0.147612 0.081509
0.106961 -0.198597 -0.064884 -0.241898 0.08847
0.068584 -0.234139 -0.086455 -0.357515 -0.06188
0.162448 -0.259904 0.011026 -0.192305 -0.214667
0.24284 -0.126379 0.128437 0.07495 -0.179059
0.264741 -0.128332 0.087055 -0.284812 -0.344041
0.264741 -0.128332 0.087055 -0.284812 -0.344041
0.264741 -0.128332 0.087055 -0.284812 -0.344041
0.182921 -0.1848 0.060716 -0.125682 -0.1199
0.301304 -0.025304 0.095649 -0.2804 -0.326529
0.200746 -0.202065 -0.07292 -0.500323 -0.025385
0.200746 -0.202065 -0.07292 -0.500323 -0.025385
0.200746 -0.202065 -0.07292 -0.500323 -0.025385
0.061506 -0.330009 -0.059553 -0.025721 0.280008
0.069906 -0.266694 0.007108 -0.022223 0.021967
0.168371 -0.071632 0.046116 -0.271944 -0.208226
0.196105 -0.23018 0.080498 0.03365 -0.146735
0.14518 -0.297011 -0.05613 -0.18782 0.088426
0.258876 -0.164194 0.059774 -0.083442 0.023982
0.342402 -0.076837 0.08726 -0.193253 -0.109773
0.29295 -0.040121 0.079437 -0.289707 -0.224264
0.29295 -0.040121 0.079437 -0.289707 -0.224264
0.29295 -0.040121 0.079437 -0.289707 -0.224264
0.336639 -0.017441 0.162576 -0.191732 -0.335249
0.336639 -0.017441 0.162576 -0.191732 -0.335249
0.349458 -0.019753 0.18026 -0.079405 -0.33638
0.349458 -0.019753 0.18026 -0.079405 -0.33638
0.349458 -0.019753 0.18026 -0.079405 -0.33638
0.349458 -0.019753 0.18026 -0.079405 -0.33638
0.302808 -0.098932 0.139275 -0.133538 -0.359604
0.302808 -0.098932 0.139275 -0.133538 -0.359604
0.229425 -0.219451 0.070504 -0.041326 -0.111728
0.229425 -0.219451 0.070504 -0.041326 -0.111728
0.265792 -0.175035 0.04952 0.061329 0.135323
0.185088 -0.186554 0.012713 0.143276 0.323615
0.185256 -0.186355 0.012886 0.142443 0.322274
0.141978 -0.208297 -0.015858 0.1165 0.313382
0.175824 -0.116762 0.027945 -0.151449 -0.042242
0.243388 -0.13005 -0.006694 0.101923 0.313698
0.143846 -0.159618 -0.065692 -0.033069 0.300672
0.163424 -0.199281 0.028232 0.436814 0.4071
0.163424 -0.199281 0.028232 0.436814 0.4071
0.163424 -0.199281 0.028232 0.436814 0.4071
0.163424 -0.199281 0.028232 0.436814 0.4071
0.183922 -0.117443 0.059744 0.215936 0.110105
0.231043 -0.130643 0.075401 0.070543 0.07723
0.231043 -0.130643 0.075401 0.070543 0.07723
0.22624 -0.087615 0.104183 -0.146292 -0.265545
0.22624 -0.087615 0.104183 -0.146292 -0.265545
0.22624 -0.087615 0.104183 -0.146292 -0.265545
0.297497 -0.062211 0.12959 -0.049345 -0.148011
0.265786 -0.07756 0.090612 -0.135033 -0.189723
0.334764 -0.053509 0.140675 0.186027 0.071944
0.194721 -0.165547 0.018324 -0.366157 -0.185789
0.194721 -0.165547 0.018324 -0.366157 -0.185789
0.194721 -0.165547 0.018324 -0.366157 -0.185789
0.194721 -0.165547 0.018324 -0.366157 -0.185789
0.194721 -0.165547 0.018324 -0.366157 -0.185789
0.194721 -0.165547 0.018324 -0.366157 -0.185789
0.206001 -0.163752 0.03086 -0.016006 0.10738
0.172493 -0.262767 0.037162 0.130383 0.103069
0.246379 -0.093531 0.139828 0.111208 -0.102494
0.246379 -0.093531 0.139828 0.111208 -0.102494
0.103691 -0.286394 -0.060152 0.005376 0.215205
0.057917 -0.293039 -0.078155 0.00301 0.268567
0.196678 -0.074292 0.092576 0.073829 -0.089134
0.228047 -0.170968 0.071739 -0.151508 -0.131018
0.183322 -0.200575 0.01874 -0.284333 -0.157456
0.238056 -0.161282 0.03371 -0.324724 -0.326618
0.275965 -0.017802 0.151071 -0.102838 -0.356144
0.275965 -0.017802 0.151071 -0.102838 -0.356144
0.275965 -0.017802 0.151071 -0.102838 -0.356144
0.274377 -0.068082 0.100442 -0.094739 -0.251103
0.263287 -0.18076 0.018059 -0.182727 -0.027002
0.245259 -0.149466 0.060153 0.122605 0.076168
0.127513 -0.252935 0.039852 0.342772 0.339586
0.127513 -0.252935 0.039852 0.342772 0.339586
0.127513 -0.252935 0.039852 0.342772 0.339586
0.112063 -0.249869 0.03542 0.2766 0.18602
0.160855 -0.210386 0.062967 0.348586 0.253444
0.160855 -0.210386 0.062967 0.348586 0.253444
0.160855 -0.210386 0.062967 0.348586 0.253444
0.184223 -0.113202 0.017158 -0.068104 0.074831
0.251143 -0.001852 0.135777 0.173951 -0.048403
0.127693 -0.165606 0.040231 0.152198 0.013908
0.152319 -0.198113 0.006104 -0.002291 0.016363
0.192468 -0.131138 -0.018758 -0.223424 -0.024979
0.286873 -0.064393 0.031702 -0.220689 -0.045094
0.32297 -0.042018 0.034839 -0.289506 -0.073164
0.32297 -0.042018 0.034839 -0.289506 -0.073164
0.32297 -0.042018 0.034839 -0.289506 -0.073164
0.347127 -0.132305 0.079953 -0.093717 -0.039273
0.391995 0.050436 0.147756 -0.066418 -0.125746
0.391995 0.050436 0.147756 -0.066418 -0.125746
0.332849 -0.139371 0.109489 0.096516 0.144011
0.332849 -0.139371 0.109489 0.096516 0.144011
0.289133 -0.068662 0.142349 0.13955 0.052881
0.169774 -0.121876 0.041724 -0.098191 -0.098275
0.172635 -0.194358 0.037203 -0.193999 -0.148439
0.208282 -0.171665 0.044763 -0.109569 0.046291
0.243947 -0.052371 0.095156 0.04237 0.130196
0.30814 -0.014381 0.110563 -0.192463 -0.060691
0.30909 -0.066901 0.142211 0.14614 0.068807
0.336059 -0.060448 0.157842 0.130591 0.033318
0.336059 -0.060448 0.157842 0.130591 0.033318
0.336059 -0.060448 0.157842 0.130591 0.033318
0.336059 -0.060448 0.157842 0.130591 0.033318
0.336059 -0.060448 0.157842 0.130591 0.033318
0.336059 -0.060448 0.157842 0.130591 0.033318
0.348764 -0.016935 0.104143 -0.398662 -0.279565
0.321055 -0.064589 0.100933 -0.347445 -0.354071
0.321055 -0.064589 0.100933 -0.347445 -0.354071
0.321055 -0.064589 0.100933 -0.347445 -0.354071
0.321055 -0.064589 0.100933 -0.347445 -0.354071
0.321055 -0.064589 0.100933 -0.347445 -0.354071
0.321055 -0.064589 0.100933 -0.347445 -0.354071
0.321055 -0.064589 0.100933 -0.347445 -0.354071
0.221696 -0.076594 0.010402 -0.41541 -0.310966
0.221696 -0.076594 0.010402 -0.41541 -0.310966
0.221696 -0.076594 0.010402 -0.41541 -0.310966
0.221696 -0.076594 0.010402 -0.41541 -0.310966
0.235889 -0.097364 0.013477 -0.28808 -0.160716
0.163567 -0.172795 -0.060541 -0.197514 0.077455
0.218849 -0.16526 0.001357 -0.026089 0.053287
0.198016 -0.181083 -0.055175 -0.164738 0.111042
0.16563 -0.261679 -0.072535 -0.117746 0.158289
0.232791 -0.01615 0.061862 0.116445 0.240149
0.176735 -0.190286 0.030774 -0.275403 -0.159408
0.176735 -0.190286 0.030774 -0.275403 -0.159408
0.176735 -0.190286 0.030774 -0.275403 -0.159408
0.185104 -0.137978 0.131735 0.248463 -0.002583
0.185104 -0.137978 0.131735 0.248463 -0.002583
0.164787 -0.163477 0.105861 -0.060138 -0.174802
0.164787 -0.163477 0.105861 -0.060138 -0.174802
0.1095 -0.143042 -0.057867 -0.203061 0.156683
0.165687 -0.076749 0.019555 0.107737 0.276506
0.122041 -0.085635 -0.037157 -0.252179 0.075055
0.04376 -0.247237 -0.040281 0.038167 0.272815
0.04376 -0.247237 -0.040281 0.038167 0.272815
0.04376 -0.247237 -0.040281 0.038167 0.272815
0.060723 -0.25899 -0.053531 -0.084594 0.264421
0.060723 -0.25899 -0.053531 -0.084594 0.264421
0.056355 -0.238521 -0.068435 -0.129745 0.242676
0.020298 -0.250037 -0.096956 -0.201746 0.206098
0.018364 -0.293277 -0.072122 0.032181 0.341261
0.018364 -0.293277 -0.072122 0.032181 0.341261
0.003093 -0.352606 -0.105498 0.049262 0.356373
-0.006078 -0.361605 -0.113591 -0.192295 0.118548
-0.006078 -0.361605 -0.113591 -0.192295 0.118548
-0.006078 -0.361605 -0.113591 -0.192295 0.118548
0.017286 -0.319651 -0.088205 -0.195241 0.031201
0.056653 -0.275149 -0.073725 -0.485477 -0.170351
0.099525 -0.266999 -0.079955 -0.497769 -0.135748
0.099525 -0.266999 -0.079955 -0.497769 -0.135748
0.099525 -0.266999 -0.079955 -0.497769 -0.135748
0.099525 -0.266999 -0.079955 -0.497769 -0.135748
0.186216 -0.153636 0.030053 -0.088883 -0.091604
0.186216 -0.153636 0.030053 -0.088883 -0.091604
0.188924 -0.134492 0.019686 -0.264519 -0.106358
0.131121 -0.258001 0.032949 -0.029632 -0.138596
0.136697 -0.235502 0.058105 -0.104312 -0.248974
0.100481 -0.224133 0.042296 -0.025598 -0.075291
0.049471 -0.253028 -0.092715 -0.390866 0.069955
0.041693 -0.337901 -0.106871 -0.123205 0.14603
0.041693 -0.337901 -0.106871 -0.123205 0.14603
0.037046 -0.402919 -0.154869 -0.175587 0.229168
0.037046 -0.402919 -0.154869 -0.175587 0.229168
0.037046 -0.402919 -0.154869 -0.175587 0.229168
0.098806 -0.392915 -0.105198 -0.040777 0.233986
0.239326 -0.189775 0.021999 -0.009659 0.045373
0.239326 -0.189775 0.021999 -0.009659 0.045373
0.118241 -0.190045 -0.011911 0.114004 0.355838
0.118241 -0.190045 -0.011911 0.114004 0.355838
0.118241 -0.190045 -0.011911 0.114004 0.355838
0.118241 -0.190045 -0.011911 0.114004 0.355838
0.055498 -0.289683 -0.016201 -0.012093 0.221287
0.142066 -0.232037 0.024496 0.074019 0.222082
0.020678 -0.414792 -0.108261 0.171262 0.542889
0.020678 -0.414792 -0.108261 0.171262 0.542889
0.020678 -0.414792 -0.108261 0.171262 0.542889
0.136619 -0.338745 -0.011487 -0.095502 0.08319
0.170852 -0.299564 -0.006531 -0.329276 -0.09621
0.154964 -0.366994 -0.047341 -0.362708 -0.018154
0.047175 -0.529521 -0.124691 -0.112167 0.23697
0.047175 -0.529521 -0.124691 -0.112167 0.23697
0.047175 -0.529521 -0.124691 -0.112167 0.23697
0.128948 -0.35585 -0.017105 -0.044541 0.037746
0.111032 -0.371593 -0.044227 -0.082469 0.037002
0.197621 -0.230586 0.001406 -0.197885 -0.027374
0.265635 -0.078522 0.113991 -0.16522 -0.283859
0.265635 -0.078522 0.113991 -0.16522 -0.283859
0.196717 -0.163461 0.005594 -0.17435 -0.017737
0.179515 -0.188776 0.01334 -0.048872 0.001036
0.179515 -0.188776 0.01334 -0.048872 0.001036
0.219465 -0.096278 0.074126 -0.171453 -0.227419
0.114428 -0.260202 -0.036727 -0.224277 -0.009706
0.114428 -0.260202 -0.036727 -0.224277 -0.009706
0.114428 -0.260202 -0.036727 -0.224277 -0.009706
0.114428 -0.260202 -0.036727 -0.224277 -0.009706
0.095053 -0.239559 -0.020715 -0.210475 -0.053172
0.209041 -0.088273 0.041005 -0.178958 -0.118613
0.209041 -0.088273 0.041005 -0.178958 -0.118613
0.209041 -0.088273 0.041005 -0.178958 -0.118613
0.247929 -0.104947 0.095998 0.049659 0.056027
0.174552 -0.240426 -0.031884 -0.199177 0.141937
0.081972 -0.408269 -0.094542 -0.325034 -0.011894
0.020318 -0.496139 -0.099095 -0.148517 0.137802
0.020318 -0.496139 -0.099095 -0.148517 0.137802
0.020318 -0.496139 -0.099095 -0.148517 0.137802
0.050246 -0.387754 -0.112811 -0.504676 0.035862
0.050246 -0.387754 -0.112811 -0.504676 0.035862
-0.053077 -0.601839 -0.200571 -0.298209 0.342943
0.02931 -0.409451 -0.149677 -0.340071 0.218169
0.114134 -0.260632 0.001788 -0.237884 -0.192708
0.114134 -0.260632 0.001788 -0.237884 -0.192708
0.215966 -0.044039 0.0895 -0.110868 -0.256912
0.16082 -0.175294 -0.02743 -0.040095 0.076567
0.244407 -0.080241 0.047314 -0.306236 -0.21565
0.244407 -0.080241 0.047314 -0.306236 -0.21565
0.26364 -0.133944 0.076194 -0.247391 -0.23188
0.26364 -0.133944 0.076194 -0.247391 -0.23188
0.26364 -0.133944 0.076194 -0.247391 -0.23188
0.26364 -0.133944 0.076194 -0.247391 -0.23188
0.26364 -0.133944 0.076194 -0.247391 -0.23188
0.26364 -0.133944 0.076194 -0.247391 -0.23188
0.251637 -0.182987 0.041878 -0.27819 -0.200157
0.15144 -0.203972 -0.01181 -0.292822 -0.014624
0.134856 -0.180242 0.006688 -0.099793 0.050203
0.134856 -0.180242 0.006688 -0.099793 0.050203
0.139606 -0.192698 0.020533 -0.193541 -0.124325
0.139606 -0.192698 0.020533 -0.193541 -0.124325
0.198923 -0.136938 0.044455 -0.397332 -0.32807
0.198923 -0.136938 0.044455 -0.397332 -0.32807
0.234777 -0.05379 0.138798 0.188636 -0.039395
0.21108 -0.05683 0.111531 0.301562 0.134359
0.178311 -0.144302 0.109013 0.222586 0.074038
0.178311 -0.144302 0.109013 0.222586 0.074038
0.099918 -0.239521 -0.010111 0.08429 0.258049
0.099918 -0.239521 -0.010111 0.08429 0.258049
0.099918 -0.239521 -0.010111 0.08429 0.258049
0.174831 -0.115933 0.024174 -0.491892 -0.359708
0.089354 -0.344353 -0.016938 -0.072124 0.024923
0.125651 -0.293087 -0.056048 -0.200876 0.063994
0.125651 -0.293087 -0.056048 -0.200876 0.063994
0.125651 -0.293087 -0.056048 -0.200876 0.063994
0.125651 -0.293087 -0.056048 -0.200876 0.063994
0.213809 -0.125278 -0.005167 -0.328298 -0.113306
0.213809 -0.125278 -0.005167 -0.328298 -0.113306
0.213809 -0.125278 -0.005167 -0.328298 -0.113306
0.213809 -0.125278 -0.005167 -0.328298 -0.113306
0.213809 -0.125278 -0.005167 -0.328298 -0.113306
0.286386 -0.026172 0.080327 -0.198927 -0.167232
0.286386 -0.026172 0.080327 -0.198927 -0.167232
0.286386 -0.026172 0.080327 -0.198927 -0.167232
0.16549 -0.121376 -0.011016 -0.353112 -0.071252
0.16549 -0.121376 -0.011016 -0.353112 -0.071252
0.139419 -0.142289 -0.039879 -0.397456 0.058409
0.023717 -0.320386 -0.15151 -0.539723 0.104419
0.023717 -0.320386 -0.15151 -0.539723 0.104419
0.023717 -0.320386 -0.15151 -0.539723 0.104419
0.023717 -0.320386 -0.15151 -0.539723 0.104419
0.092309 -0.332486 -0.076139 -0.363662 0.029208
0.092309 -0.332486 -0.076139 -0.363662 0.029208
0.134064 -0.287268 -0.088559 -0.488393 -0.061025
0.105244 -0.334819 -0.073802 -0.203707 0.042372
0.14639 -0.308621 -0.025543 -0.100267 0.081512
0.117106 -0.368133 -0.045596 0.026349 0.185908
0.125364 -0.274312 -0.049273 0.060815 0.234672
0.162859 -0.136393 0.007949 -0.092294 -0.034782
0.105062 -0.223158 -0.056241 -0.124963 0.113912
0.143851 -0.197786 -0.034245 -0.283388 -0.106507
0.207141 -0.198859 -0.009871 -0.342792 -0.227448
0.207141 -0.198859 -0.009871 -0.342792 -0.227448
0.202853 -0.153537 -0.034071 -0.296161 -0.030533
0.163631 -0.11382 -0.045564 -0.504391 -0.16138
0.15721 -0.200619 -0.000644 -0.248655 -0.110725
0.184875 -0.178933 0.023234 0.031035 0.113629
0.184875 -0.178933 0.023234 0.031035 0.113629
0.184875 -0.178933 0.023234 0.031035 0.113629
0.331026 -0.042503 0.161413 0.010451 -0.226522
0.331026 -0.042503 0.161413 0.010451 -0.226522
0.182527 -0.175843 0.029849 -0.138862 -0.153303
0.182527 -0.175843 0.029849 -0.138862 -0.153303
0.171245 -0.142125 0.031255 -0.005077 -0.048359
0.207026 -0.09826 0.092708 0.103941 -0.042416
0.216117 -0.123913 0.11449 -0.155118 -0.236501
0.153457 -0.202969 -0.062425 -0.239919 0.162315
0.134253 -0.327857 -0.038015 -0.158883 0.074747
0.099271 -0.34995 -0.017181 -0.106632 -0.036474
0.11939 -0.268346 0.002449 -0.000269 0.030736
0.11939 -0.268346 0.002449 -0.000269 0.030736
0.091126 -0.275442 -0.025529 -0.062126 -0.038992
0.091126 -0.275442 -0.025529 -0.062126 -0.038992
0.190844 -0.17776 0.006364 -0.015812 0.033738
0.187183 -0.234624 0.012195 0.098542 -0.010479
0.178833 -0.089568 0.025414 -0.065466 -0.058292
0.205688 -0.109154 0.032214 -0.070579 -0.029593
0.205688 -0.109154 0.032214 -0.070579 -0.029593
0.205426 -0.133375 -0.008723 -0.085563 0.110539
0.15895 -0.222713 0.038022 -0.229995 -0.158818
0.228595 -0.169145 0.077769 -0.013817 -0.00179
0.14107 -0.30078 -0.052248 -0.034505 0.201777
0.14107 -0.30078 -0.052248 -0.034505 0.201777
0.14107 -0.30078 -0.052248 -0.034505 0.201777
0.057752 -0.450947 -0.149282 -0.063058 0.374137
0.023458 -0.354121 -0.112449 0.070633 0.390882
0.023458 -0.354121 -0.112449 0.070633 0.390882
0.246211 -0.155457 0.012698 -0.201016 -0.06343
0.165883 -0.144104 0.022553 -0.009062 0.118659
0.261577 -0.043428 0.09059 -0.149282 -0.074434
0.169276 -0.241215 -0.044157 -0.288865 0.051385
0.056197 -0.328874 -0.065707 -0.205816 0.085192
0.152747 -0.236444 -0.035869 -0.258529 0.039149
0.172487 -0.223152 0.025532 -0.132192 -0.055546
0.244822 -0.091187 0.085202 -0.101846 -0.169173
0.209264 -0.094852 0.02642 0.038309 0.18834
0.267224 -0.075626 0.05918 0.138502 0.225929
0.239338 -0.178615 0.051621 0.231737 0.228288
0.044493 -0.381927 -0.102498 0.073028 0.23911
0.044493 -0.381927 -0.102498 0.073028 0.23911
0.044493 -0.381927 -0.102498 0.073028 0.23911
0.056675 -0.22613 -0.109658 0.098507 0.429413
0.141293 -0.215033 0.008828 0.278127 0.286331
0.118877 -0.210039 -0.054722 0.014463 0.226962
0.137769 -0.242303 -0.069602 -0.066503 0.243306
0.139167 -0.259435 -0.043326 -0.151209 0.13662
0.271148 -0.147285 0.081794 0.083943 0.097809
0.271148 -0.147285 0.081794 0.083943 0.097809
0.271148 -0.147285 0.081794 0.083943 0.097809
0.279121 -0.185937 0.099916 0.038794 0.074375
0.230884 -0.221393 -0.007188 -0.330065 -0.026868
0.119549 -0.37629 -0.092852 -0.217777 0.158516
0.119549 -0.37629 -0.092852 -0.217777 0.158516
0.12038 -0.326338 -0.087319 -0.021404 0.381455
0.059229 -0.327504 -0.12494 -0.105399 0.335555
0.059229 -0.327504 -0.12494 -0.105399 0.335555
0.082707 -0.364961 -0.022174 0.120762 0.259863
0.082707 -0.364961 -0.022174 0.120762 0.259863
0.096092 -0.301396 -0.063187 -0.2198 -0.003971
0.019006 -0.413938 -0.11216 -0.073994 0.176296
0.019006 -0.413938 -0.11216 -0.073994 0.176296
0.019006 -0.413938 -0.11216 -0.073994 0.176296
-0.0116 -0.462588 -0.12254 -0.108384 0.158272
0.053806 -0.334311 -0.06798 -0.210494 -0.040685
0.057665 -0.415982 -0.106634 -0.235533 0.051569
0.201564 -0.216934 -0.020563 -0.062376 0.147353
0.201564 -0.216934 -0.020563 -0.062376 0.147353
0.153443 -0.282633 -0.107996 -0.1396 0.305437
0.153443 -0.282633 -0.107996 -0.1396 0.305437
0.223305 -0.206508 -0.037123 -0.117157 0.189827
0.21966 -0.130305 0.024025 -0.008421 0.122805
0.060158 -0.25378 -0.066673 -0.089049 0.158701
-0.031561 -0.340993 -0.145584 -0.012377 0.390217
0.020222 -0.223228 -0.089924 -0.227782 0.178993
0.074585 -0.194331 -0.049621 -0.191288 0.135685
0.193898 -0.093587 0.013794 -0.594056 -0.30879
0.258831 -0.108134 0.047801 -0.313306 -0.217632
0.258831 -0.108134 0.047801 -0.313306 -0.217632
0.214401 -0.126301 0.041307 -0.296566 -0.26253
0.186439 -0.232747 0.026137 -0.231437 -0.254908
0.186439 -0.232747 0.026137 -0.231437 -0.254908
0.186439 -0.232747 0.026137 -0.231437 -0.254908
0.186439 -0.232747 0.026137 -0.231437 -0.254908
0.112007 -0.324791 -0.136688 -0.427378 0.111966
0.112007 -0.324791 -0.136688 -0.427378 0.111966
0.112007 -0.324791 -0.136688 -0.427378 0.111966
0.139874 -0.238601 -0.050047 -0.215769 0.12654
0.162531 -0.220173 -0.032451 -0.269672 0.094434
0.234522 -0.085394 0.030363 -0.472447 -0.222217
0.234522 -0.085394 0.030363 -0.472447 -0.222217
0.234522 -0.085394 0.030363 -0.472447 -0.222217
0.234522 -0.085394 0.030363 -0.472447 -0.222217
0.234522 -0.085394 0.030363 -0.472447 -0.222217
0.234522 -0.085394 0.030363 -0.472447 -0.222217
0.234522 -0.085394 0.030363 -0.472447 -0.222217
0.234522 -0.085394 0.030363 -0.472447 -0.222217
0.234522 -0.085394 0.030363 -0.472447 -0.222217
0.234522 -0.085394 0.030363 -0.472447 -0.222217
0.234522 -0.085394 0.030363 -0.472447 -0.222217
0.197467 -0.187782 -0.012451 -0.502315 -0.22366
0.197467 -0.187782 -0.012451 -0.502315 -0.22366
0.197467 -0.187782 -0.012451 -0.502315 -0.22366
0.11004 -0.24718 -0.082865 -0.351876 0.047237
0.058299 -0.329373 -0.10339 -0.0671 0.234671
0.039006 -0.430833 -0.069312 0.058984 0.159829
0.104502 -0.189709 -0.024698 -0.288465 -0.131205
0.235381 -0.083185 0.150245 0.124783 -0.094148
0.304267 -0.056033 0.133568 0.070633 -0.047279
0.304267 -0.056033 0.133568 0.070633 -0.047279
0.304267 -0.056033 0.133568 0.070633 -0.047279
0.19952 -0.051192 0.136018 0.118383 -0.101677
0.238484 -0.117684 0.137228 0.235307 0.09362
0.291368 0.018858 0.171402 0.309534 0.055133
0.291368 0.018858 0.171402 0.309534 0.055133
0.246954 -0.094068 0.058586 0.045675 0.068872
0.229047 -0.05496 0.081883 0.055367 0.098907
0.229047 -0.05496 0.081883 0.055367 0.098907
0.18688 -0.147497 0.045931 0.090439 0.158985
0.146411 -0.238216 0.006908 0.088944 0.198719
0.145931 -0.19682 0.01518 -0.081265 0.027495
0.106154 -0.226143 0.037899 0.286391 0.29353
0.106154 -0.226143 0.037899 0.286391 0.29353
0.106154 -0.226143 0.037899 0.286391 0.29353
0.086311 -0.281638 -0.015662 -0.026949 0.187039
0.099457 -0.14329 -0.004063 -0.476709 -0.225922
0.049425 -0.289854 -0.057743 -0.479719 -0.243828
0.187991 -0.179514 0.075372 -0.097834 -0.113983
0.15948 -0.109935 0.014249 -0.501297 -0.332694
0.15948 -0.109935 0.014249 -0.501297 -0.332694
0.107811 -0.289745 -0.002808 -0.138429 -0.110686
0.107811 -0.289745 -0.002808 -0.138429 -0.110686
0.107811 -0.289745 -0.002808 -0.138429 -0.110686
0.019427 -0.464398 -0.145297 -0.155399 0.230386
0.043416 -0.369148 -0.12068 0.013377 0.377823
0.097605 -0.245812 -0.014171 0.040202 0.158697
0.14294 -0.225779 0.047491 0.115949 0.071396
0.181264 -0.212524 0.016512 -0.102261 0.01603
0.156689 -0.201952 0.036631 0.17886 0.238232
0.127082 -0.179698 0.085095 0.168192 0.069193
0.117778 -0.163363 0.081128 -0.073121 -0.259051
0.219623 -0.173824 0.139584 -0.197565 -0.520932
0.123392 -0.269249 0.04924 -0.106623 -0.311316
0.123392 -0.269249 0.04924 -0.106623 -0.311316
0.073739 -0.277634 -0.041837 -0.365839 -0.293056
0.073739 -0.277634 -0.041837 -0.365839 -0.293056
0.073739 -0.277634 -0.041837 -0.365839 -0.293056
0.130218 -0.250875 0.040406 -0.058826 -0.239813
0.130218 -0.250875 0.040406 -0.058826 -0.239813
0.030313 -0.42142 -0.111113 0.028372 0.192581
0.088111 -0.355128 -0.087747 -0.085848 0.128103
0.072169 -0.239357 -0.094677 -0.114968 0.208565
0.072169 -0.239357 -0.094677 -0.114968 0.208565
-0.004213 -0.474408 -0.16916 -0.154814 0.299561
0.104309 -0.282933 0.025074 0.28586 0.214206
0.191451 -0.180482 0.045007 0.237363 0.268736
0.191451 -0.180482 0.045007 0.237363 0.268736
0.191451 -0.180482 0.045007 0.237363 0.268736
0.192978 -0.08197 0.094611 0.156624 0.10684
0.235215 -0.005069 0.09552 0.082651 0.05599
0.235215 -0.005069 0.09552 0.082651 0.05599
0.235215 -0.005069 0.09552 0.082651 0.05599
0.159398 -0.192168 -0.020715 -0.196945 -0.065529
0.177983 -0.139462 -0.000499 -0.283876 -0.156363
0.177983 -0.139462 -0.000499 -0.283876 -0.156363
0.224485 -0.073202 0.043384 -0.341321 -0.309197
0.219891 -0.072719 0.014523 -0.315173 -0.115299
0.219891 -0.072719 0.014523 -0.315173 -0.115299
0.189237 -0.113616 0.092277 0.177511 0.108853
0.199184 -0.266053 0.067579 0.182512 0.134947
0.152766 -0.261085 0.008235 -0.205407 -0.008847
0.212509 -0.168068 0.018182 -0.221403 0.085695
0.173924 -0.228338 0.020598 -0.341084 -0.205423
0.173924 -0.228338 0.020598 -0.341084 -0.205423
0.173924 -0.228338 0.020598 -0.341084 -0.205423
0.096495 -0.264431 -0.031705 -0.299657 -0.120837
0.065591 -0.291007 -0.066234 -0.127112 0.211276
0.149207 -0.25164 -0.012546 0.170724 0.440264
0.225309 -0.272082 0.029112 0.039385 0.089527
0.225309 -0.272082 0.029112 0.039385 0.089527
0.20741 -0.361735 0.019859 0.233116 0.279781
0.122515 -0.417824 -0.056238 -0.059671 0.187659
0.255484 -0.262254 0.088318 0.178882 0.018683
0.362035 -0.033096 0.160698 0.079121 -0.101559
0.323413 -0.058619 0.080077 -0.149475 -0.03288
0.323413 -0.058619 0.080077 -0.149475 -0.03288
0.332248 -0.005238 0.14002 -0.094251 -0.247501
0.290548 -0.140079 0.107319 -0.208213 -0.278361
0.199098 -0.168799 0.078521 -0.043455 -0.036376
0.199098 -0.168799 0.078521 -0.043455 -0.036376
0.199098 -0.168799 0.078521 -0.043455 -0.036376
0.224026 -0.138556 0.080023 -0.256131 -0.239142
0.16886 -0.185167 0.055037 -0.203065 -0.242601
0.16886 -0.185167 0.055037 -0.203065 -0.242601
0.16886 -0.185167 0.055037 -0.203065 -0.242601
0.16886 -0.185167 0.055037 -0.203065 -0.242601
0.127329 -0.268785 0.013524 -0.293102 -0.284171
0.127329 -0.268785 0.013524 -0.293102 -0.284171
0.127329 -0.268785 0.013524 -0.293102 -0.284171
0.21636 -0.158785 0.109735 -0.065334 -0.338047
0.157511 -0.202379 0.060238 -0.047105 -0.218695
0.06069 -0.38134 -0.025967 -0.026068 0.028505
-0.006469 -0.53578 -0.122899 -0.348372 -0.045815
0.048645 -0.4999 -0.113806 -0.465406 -0.114722
0.048645 -0.4999 -0.113806 -0.465406 -0.114722
0.073012 -0.494083 -0.087193 -0.273352 0.042519
0.041717 -0.480806 -0.089784 0.171762 0.453735
0.041717 -0.480806 -0.089784 0.171762 0.453735
0.116085 -0.388668 -0.035907 0.172157 0.311607
0.202387 -0.140422 -0.009559 -0.166741 0.027597
0.202387 -0.140422 -0.009559 -0.166741 0.027597
0.194983 -0.174517 0.015399 0.037152 0.113837
0.194983 -0.174517 0.015399 0.037152 0.113837
0.139198 -0.22199 -0.036337 0.04362 0.262776
0.192862 -0.18131 0.041253 0.131588 0.135516
0.190304 -0.203595 0.026318 0.11556 0.181143
0.190304 -0.203595 0.026318 0.11556 0.181143
0.193657 -0.139201 0.005553 -0.254931 -0.07825
0.144055 -0.219028 -0.071664 -0.439292 -0.041779
0.144055 -0.219028 -0.071664 -0.439292 -0.041779
0.112202 -0.234985 -0.042308 -0.145378 0.140547
0.22309 -0.079776 0.103228 0.083282 -0.023675
0.188411 -0.151766 0.038478 -0.000839 0.056278
0.163354 -0.204742 0.055409 0.077822 -0.034959
0.185899 -0.142754 0.077244 0.064191 -0.069579
0.185899 -0.142754 0.077244 0.064191 -0.069579
0.185899 -0.142754 0.077244 0.064191 -0.069579
-0.079586 -0.463135 -0.120473 0.099669 0.217021
-0.171817 -0.5043 -0.201093 -0.268917 0.155664
-0.169657 -0.582129 -0.209177 -0.193268 0.200218
-0.116415 -0.674877 -0.192715 0.136275 0.362801
-0.116415 -0.674877 -0.192715 0.136275 0.362801
-0.116415 -0.674877 -0.192715 0.136275 0.362801
-0.116415 -0.674877 -0.192715 0.136275 0.362801
-0.116415 -0.674877 -0.192715 0.136275 0.362801
-0.116415 -0.674877 -0.192715 0.136275 0.362801
-0.108386 -0.745305 -0.22243 0.043668 0.41012
-0.055866 -0.671166 -0.198138 -0.207431 0.176311
0.007788 -0.561457 -0.128967 0.121362 0.304998
-0.00546 -0.433132 -0.113871 0.313943 0.538615
-0.00546 -0.433132 -0.113871 0.313943 0.538615
0.015441 -0.366009 -0.046359 0.201921 0.267235
0.120448 -0.223465 0.011319 0.212996 0.323048
0.120448 -0.223465 0.011319 0.212996 0.323048
0.130696 -0.216625 0.006212 0.059774 0.133598
0.192156 -0.064087 0.088412 0.008454 -0.040522
0.081652 -0.216262 0.032587 0.159849 0.080719
0.0742 -0.271794 -0.0357 -0.291082 -0.144579
0.115203 -0.257235 -0.040967 -0.1908 -0.024903
0.179681 -0.162172 0.041934 -0.112462 -0.071301
0.17438 -0.180628 0.036492 -0.22429 -0.166393
0.17438 -0.180628 0.036492 -0.22429 -0.166393
0.17438 -0.180628 0.036492 -0.22429 -0.166393
0.191597 -0.224658 0.044422 0.063408 0.038138
0.191597 -0.224658 0.044422 0.063408 0.038138
0.213591 -0.211146 0.012249 -0.212202 -0.067028
0.213591 -0.211146 0.012249 -0.212202 -0.067028
0.213591 -0.211146 0.012249 -0.212202 -0.067028
0.177865 -0.173344 0.028339 0.118166 0.150221
0.177865 -0.173344 0.028339 0.118166 0.150221
0.214202 -0.119373 0.015064 -0.178992 -0.015889
0.236442 -0.06481 0.058183 -0.057838 -0.046866
0.236442 -0.06481 0.058183 -0.057838 -0.046866
0.21473 -0.187382 -0.02438 -0.404334 -0.129706
0.188585 -0.153359 0.050455 -0.126104 -0.122925
0.188585 -0.153359 0.050455 -0.126104 -0.122925
0.188585 -0.153359 0.050455 -0.126104 -0.122925
0.128553 -0.195541 0.010158 -0.086983 -0.003447
0.210964 -0.136282 0.057161 -0.119223 -0.058654
0.174095 -0.221362 -0.036811 -0.367418 0.005991
0.174095 -0.221362 -0.036811 -0.367418 0.005991
0.174095 -0.221362 -0.036811 -0.367418 0.005991
0.202129 -0.074252 0.011119 -0.380447 -0.057096
0.233326 -0.061885 0.06601 -0.117745 -0.027585
0.251695 -0.066209 0.076441 -0.113389 -0.001432
0.251695 -0.066209 0.076441 -0.113389 -0.001432
0.256497 -0.127743 0.094262 -0.021531 -0.104992
0.188299 -0.258965 0.030207 0.282647 0.429763
0.154815 -0.321386 0.014295 0.106864 0.268778
0.245303 -0.198148 0.112594 -0.073299 -0.218533
0.221698 -0.2172 0.063889 -0.177526 -0.247922
0.221698 -0.2172 0.063889 -0.177526 -0.247922
0.140004 -0.315935 -0.013545 -0.182009 -0.104827
0.222089 -0.224283 0.074811 0.03979 -0.055293
0.222089 -0.224283 0.074811 0.03979 -0.055293
0.222089 -0.224283 0.074811 0.03979 -0.055293
0.152862 -0.261201 0.008416 0.040095 0.112587
0.152862 -0.261201 0.008416 0.040095 0.112587
0.152862 -0.261201 0.008416 0.040095 0.112587
0.104809 -0.221916 -0.039666 -0.039595 0.172281
0.149072 -0.240735 0.002641 -0.155064 -0.067541
0.149072 -0.240735 0.002641 -0.155064 -0.067541
0.142914 -0.335529 -0.019026 -0.169203 -0.024924
0.195426 -0.185378 -0.007609 -0.281302 -0.064481
0.195426 -0.185378 -0.007609 -0.281302 -0.064481
0.168039 -0.192044 -0.031546 -0.224001 0.025307
0.140852 -0.153889 0.091249 0.014378 -0.108979
0.234796 -0.0414 0.134579 0.127423 -0.038962
0.234796 -0.0414 0.134579 0.127423 -0.038962
0.138881 -0.200676 0.028996 -0.232091 -0.207685
0.151515 -0.200495 0.0635 -0.092074 -0.091892
0.080065 -0.265729 0.007822 -0.119706 0.003535
0.177496 -0.178301 0.074465 -0.068404 -0.124676
0.243053 -0.146783 0.064803 0.225153 0.299162
0.243053 -0.146783 0.064803 0.225153 0.299162
0.091113 -0.290875 -0.086744 -0.015726 0.209989
0.091113 -0.290875 -0.086744 -0.015726 0.209989
0.104697 -0.325692 -0.089601 -0.065106 0.261169
0.104697 -0.325692 -0.089601 -0.065106 0.261169
0.06763 -0.38013 -0.121669 -0.357159 0.046966
0.147754 -0.228199 -0.031053 -0.134045 0.13142
0.149148 -0.245354 -0.075445 -0.48104 -0.062838
0.149148 -0.245354 -0.075445 -0.48104 -0.062838
0.166735 -0.216585 -0.035425 -0.388886 -0.132707
0.196515 -0.132127 0.01153 -0.351913 -0.217113
0.168168 -0.201381 -0.006761 -0.22979 -0.102926
0.168168 -0.201381 -0.006761 -0.22979 -0.102926
0.168168 -0.201381 -0.006761 -0.22979 -0.102926
0.168168 -0.201381 -0.006761 -0.22979 -0.102926
0.171829 -0.154049 0.027226 -0.00045 0.037793
0.216037 -0.137371 0.010945 -0.100416 0.013459
0.189574 -0.16021 0.00654 -0.141032 0.067866
0.189574 -0.16021 0.00654 -0.141032 0.067866
0.189574 -0.16021 0.00654 -0.141032 0.067866
0.189574 -0.16021 0.00654 -0.141032 0.067866
0.212664 -0.261408 -0.002229 -0.091952 0.137045
0.209218 -0.26579 -0.003194 -0.103727 0.127749
0.20323 -0.252486 -0.055967 -0.394553 0.078184
0.20323 -0.252486 -0.055967 -0.394553 0.078184
0.20323 -0.252486 -0.055967 -0.394553 0.078184
0.20323 -0.252486 -0.055967 -0.394553 0.078184
0.20323 -0.252486 -0.055967 -0.394553 0.078184
0.20323 -0.252486 -0.055967 -0.394553 0.078184
0.20323 -0.252486 -0.055967 -0.394553 0.078184
0.081789 -0.358119 -0.068881 -0.150132 0.137863
0.026809 -0.402589 -0.051868 0.2075 0.341831
0.026809 -0.402589 -0.051868 0.2075 0.341831
0.037889 -0.431253 -0.046972 0.024507 0.059731
0.116485 -0.206393 0.04863 -0.23096 -0.324214
0.130677 -0.201595 0.009157 -0.355837 -0.275644
0.130677 -0.201595 0.009157 -0.355837 -0.275644
0.130677 -0.201595 0.009157 -0.355837 -0.275644
0.130677 -0.201595 0.009157 -0.355837 -0.275644
0.130677 -0.201595 0.009157 -0.355837 -0.275644
0.118443 -0.194041 -0.042182 -0.350211 -0.051881
0.130072 -0.27602 -0.063118 -0.341884 0.022822
0.117272 -0.200867 -0.059797 -0.364636 -0.0149
0.117272 -0.200867 -0.059797 -0.364636 -0.0149
0.117272 -0.200867 -0.059797 -0.364636 -0.0149
0.117272 -0.200867 -0.059797 -0.364636 -0.0149
0.078743 -0.327569 -0.119444 0.113847 0.594548
0.078743 -0.327569 -0.119444 0.113847 0.594548
0.030726 -0.413197 -0.157828 -0.319844 0.291357
0.131952 -0.325828 -0.039187 -0.301355 -0.075382
0.131952 -0.325828 -0.039187 -0.301355 -0.075382
0.131952 -0.325828 -0.039187 -0.301355 -0.075382
0.165296 -0.225347 -0.001846 -0.187166 -0.034932
0.126446 -0.277051 -0.0319 -0.075897 0.033348
0.126446 -0.277051 -0.0319 -0.075897 0.033348
0.08789 -0.264861 -0.093149 -0.024123 0.246597
0.11808 -0.230268 -0.050859 -0.192726 0.055199
0.21941 -0.199031 0.064821 -0.208628 -0.295132
0.21941 -0.199031 0.064821 -0.208628 -0.295132
0.205439 -0.180656 0.027709 -0.151615 -0.134276
0.221711 -0.178343 0.056248 -0.065043 -0.098174
0.23798 -0.040192 0.052568 -0.271946 -0.22097
0.23798 -0.040192 0.052568 -0.271946 -0.22097
0.255865 -0.04627 0.11325 -0.011913 -0.239867
0.236815 -0.056594 0.092984 -0.257703 -0.365054
0.242297 -0.092045 0.120073 -0.094554 -0.292612
0.223966 -0.091431 0.130268 0.094142 -0.127702
0.243123 -0.081084 0.135429 0.0596 -0.179202
0.243123 -0.081084 0.135429 0.0596 -0.179202
0.243123 -0.081084 0.135429 0.0596 -0.179202
0.243123 -0.081084 0.135429 0.0596 -0.179202
0.209432 -0.026615 0.18562 0.400818 0.096081
0.209432 -0.026615 0.18562 0.400818 0.096081
0.190439 -0.061042 0.152232 0.274975 0.032556
0.190439 -0.061042 0.152232 0.274975 0.032556
0.064521 -0.193933 0.018898 -0.055668 -0.027746
0.144943 -0.113429 0.048992 0.10706 0.178955
0.284929 -0.012038 0.107895 -0.174591 -0.072913
0.228634 -0.235004 0.031733 0.107248 0.280645
0.145854 -0.275887 -0.003722 -0.039662 0.117915
0.235362 -0.248513 0.052042 0.077336 0.09879
0.128179 -0.277326 0.053479 0.238569 0.089684
0.128179 -0.277326 0.053479 0.238569 0.089684
0.082622 -0.266723 -0.03916 -0.257789 -0.046573
0.171194 -0.218324 0.028639 0.114562 0.169638
0.158557 -0.191386 0.016642 -0.105471 0.031961
0.124318 -0.257528 -0.049561 -0.294331 -0.030012
0.124318 -0.257528 -0.049561 -0.294331 -0.030012
0.124318 -0.257528 -0.049561 -0.294331 -0.030012
0.129519 -0.254464 -0.038178 -0.245312 0.005057
0.129519 -0.254464 -0.038178 -0.245312 0.005057
0.162598 -0.160608 0.017298 -0.024906 0.072813
0.138309 -0.257576 -0.038068 -0.003178 0.171066
0.128864 -0.222299 -0.056844 -0.216697 0.066433
0.203877 -0.138798 0.041014 0.258193 0.232648
0.203877 -0.138798 0.041014 0.258193 0.232648
0.203877 -0.138798 0.041014 0.258193 0.232648
0.203877 -0.138798 0.041014 0.258193 0.232648
0.230106 -0.172322 0.061105 0.158178 0.080052
0.144034 -0.157849 -0.017802 0.055432 0.179814
0.144034 -0.157849 -0.017802 0.055432 0.179814
0.1796 -0.215853 -0.050413 -0.006777 0.286996
0.257334 -0.031731 0.081792 -0.174184 -0.144608
0.181711 -0.086764 0.021129 -0.235522 -0.057554
0.203261 -0.063188 0.027417 -0.249578 -0.046373
0.145744 -0.197987 -0.03519 -0.352887 -0.030812
0.259032 -0.03348 0.155009 0.08241 -0.078353
0.246378 -0.065267 0.092519 0.143707 0.136449
