-843.7526
-719.8082
-719.8836
-719.8836
-719.4931
-719.4931
-719.8813
-719.8813
-719.7027
-719.764
-719.502
-719.502
-720.1186
-722.3017
-722.1266
-721.8821
-721.8387
-721.8387
-721.012
-720.5121
-719.7
-719.9688
-719.9688
-720.0901
-719.6659
-720.0243
-720.9604
-720.0738
-720.6479
-719.7004
-719.5131
-719.5336
-719.6521
-719.4302
-719.4302
-721.4504
-721.4504
-719.958
-720.2749
-720.1382
-721.435
-722.7283
-722.7283
-720.8594
-720.8594
-719.8762
-719.8762
-719.8762
-720.4855
-719.6237
-720.9839
-720.5441
-720.8078
-720.8078
-720.8078
-720.8078
-720.2018
-720.2018
-719.8277
-719.8277
-719.3399
-719.3399
-719.3399
-719.3399
-719.3399
-719.3399
-720.3045
-720.3045
-720.3045
-720.3045
-720.199
-719.8817
-719.8817
-719.8817
-720.511
-720.6592
-720.8944
-720.8199
-720.8199
-720.4997
-720.6034
-722.5715
-719.9189
-719.9189
-720.098
-720.098
-719.2205
-719.2205
-719.2205
-719.2205
-719.2205
-719.2205
-719.2205
-719.2205
-719.2205
-719.2205
-719.2275
-721.7576
-721.7576
-721.3157
-720.9236
-721.8851
-722.3967
-720.4209
-720.4209
-720.4209
-720.4209
-720.2425
-719.5747
-720.2028
-720.9962
-720.8189
-720.5151
-721.3342
-720.3883
-719.4963
-719.6661
-721.923
-720.3073
-720.3073
-720.271
-720.5276
-720.8864
-720.814
-719.7551
-719.7551
-719.7551
-719.5809
-719.9792
-719.402
-719.402
-719.402
-720.4224
-720.4224
-721.6493
-719.4578
-719.8889
-719.8889
-721.4842
-723.3382
-722.7536
-721.746
-719.812
-719.5051
-720.3889
-720.3889
-719.9791
-721.5595
-721.5595
-721.5595
-721.5595
-720.8406
-720.1653
-720.5304
-720.5304
-720.5304
-722.6104
-722.4213
-721.4385
-723.3239
-724.2785
-721.6316
-721.6316
-720.6803
-720.6803
-720.6803
-720.6803
-720.9239
-720.7437
-720.2783
-720.2783
-720.1375
-720.1375
-720.1375
-719.951
-720.7079
-720.4277
-720.4277
-720.0949
-720.5312
-719.6977
-721.5396
-721.22
-721.758
-719.9175
-719.9175
-720.0168
-720.0168
-719.6504
-719.6504
-721.341
-721.341
-720.1582
-720.7382
-720.7382
-722.147
-722.147
-723.7169
-723.7169
-720.7172
-720.1143
-720.1143
-720.0775
-719.2527
-720.9269
-720.5163
-720.2748
-720.2748
-720.2748
-719.3542
-719.3542
-719.1748
-719.9517
-720.6424
-720.6424
-720.6424
-719.5778
-721.098
-721.098
-719.5488
-719.5488
-719.8799
-719.8799
-719.8799
-719.758
-720.0748
-721.1339
-721.1339
-720.9268
-720.9268
-721.025
-720.7704
-720.5784
-720.9655
-719.091
-719.091
-719.9222
-719.9222
-721.4761
-720.9676
-721.3858
-720.3852
-720.0523
-722.1888
-721.1073
-721.0151
-721.1224
-721.1224
-720.7603
-719.9692
-719.9692
-722.3927
-722.5133
-720.1323
-720.1323
-722.6253
-721.9359
-721.9359
-721.9359
-721.9359
-722.5396
-720.2725
-719.668
-719.5079
-721.1916
-719.9643
-719.5832
-720.158
-720.158
-720.6167
-720.7815
-720.7815
-721.0709
-721.5741
-721.6311
-722.4835
-720.271
-719.893
-719.893
-721.1755
-719.6908
-719.7975
-719.2399
-719.274
-719.274
-719.274
-719.274
-719.274
-720.2837
-720.2837
-720.2837
-719.6775
-719.6775
-720.5994
-722.0317
-721.7986
-721.7986
-721.7986
-721.7986
-721.0275
-721.0275
-720.0008
-720.0008
-719.7231
-720.2306
-720.2306
-720.2306
-720.2306
-720.6057
-721.44
-722.9542
-720.2442
-720.2868
-720.2868
-719.8659
-719.8659
-719.8659
-719.8659
-719.6817
-719.6817
-719.6817
-720.7692
-720.2723
-720.406
-720.406
-720.406
-720.9146
-720.5456
-720.1253
-720.7187
-720.7187
-720.7187
-720.7187
-720.7187
-720.2887
-719.8687
-719.8687
-720.7803
-719.2328
-719.9934
-719.9693
-719.9693
-719.9693
-720.1832
-719.6209
-719.7874
-719.7874
-719.5715
-719.5715
-719.802
-719.802
-719.7897
-719.7897
-720.2286
-720.2286
-720.2286
-720.2286
-719.9227
-719.5353
-719.5353
-720.4926
-720.4926
-719.5398
-719.5398
-719.5398
-720.2339
-720.2339
-720.2339
-720.1179
-719.5372
-719.5372
-720.0406
-720.3021
-720.3021
-722.0153
-722.4604
-719.7559
-719.9663
-719.2393
-719.7651
-719.7651
-721.2647
-719.6232
-721.1331
-719.5317
-720.0387
-719.5905
-719.5673
-720.1929
-720.8958
-720.8958
-722.8916
-722.8916
-722.8916
-722.8916
-719.9123
-719.9123
-719.5787
-719.5787
-719.4221
-720.9245
-720.9245
-722.7588
-722.9402
-720.1791
-719.2308
-722.2986
-722.7875
-722.1764
-723.159
-722.1352
-722.2265
-720.2714
-720.2714
-720.0307
-720.0307
-720.3135
-720.423
-719.6688
-719.6688
-719.8001
-719.8001
-719.8001
-719.8001
-722.81
-722.81
-722.81
-722.3206
-722.3206
-722.3064
-721.6113
-721.6531
-720.1287
-720.1287
-720.1287
-720.1287
-719.7527
-720.7599
-723.0458
-723.2648
-724.0975
-722.8524
-722.675
-722.0473
-720.462
-720.462
-720.2884
-720.8981
-720.8981
-719.931
-719.931
-719.5129
-720.269
-720.269
-720.9586
-720.5935
-720.3159
-720.3159
-720.8241
-719.8972
-719.8972
-719.8972
-721.0108
-721.3445
-719.8514
-720.3038
-720.6754
-720.6754
-720.6754
-720.6754
-720.3064
-720.5165
-721.0022
-720.0246
-719.9632
-721.0714
-721.3864
-722.1279
-720.8133
-720.6171
-720.6171
-720.6171
-722.2531
-721.56
-721.56
-721.4215
-721.4215
-720.3468
-720.3468
-720.8449
-721.1183
-720.4714
-720.4714
-720.4062
-721.5071
-721.5071
-721.5061
-720.9877
-721.4917
-721.4917
-721.4917
-721.4917
-721.2176
-719.8718
-719.8718
-719.3064
-719.3064
-719.3064
-719.9888
-720.6867
-720.6867
-720.6384
-720.9111
-719.5617
-719.5332
-720.5921
-721.6747
-720.5264
-720.0237
-722.7419
-720.5759
-721.0966
-719.7035
-719.7027
-720.4827
-721.6247
-721.6247
-721.4614
-721.4614
-719.7712
-721.0152
-721.0152
-721.0152
-720.7561
-720.3878
-720.3878
-720.3878
-721.179
-721.179
-723.9012
-722.4161
-722.4161
-722.4161
-721.4938
-720.0867
-720.0867
-719.8498
-719.7243
-719.333
-719.895
-719.8328
-719.8328
-719.8328
-719.9637
-721.0015
-721.899
-721.899
-721.899
-721.609
-721.609
-722.2347
-722.4918
-721.892
-723.1263
-723.1263
-719.5513
-719.9449
-720.7659
-719.7252
-719.7252
-719.9686
-719.1979
-719.1979
-720.3817
-720.3817
-720.3817
-720.3817
-720.3817
-720.0359
-720.1697
-720.2771
-720.2771
-720.9628
-720.7461
-722.5885
-720.3107
-721.3149
-721.3149
-721.3149
-722.9847
-721.9586
-721.9586
-722.546
-720.3157
-720.4545
-719.7339
-719.7339
-719.6254
-719.6254
-720.7312
-720.7312
-721.9861
-721.15
-720.3566
-720.0981
-719.8432
-719.8432
-719.5812
-719.5812
-720.3313
-720.3313
-720.4752
-720.5563
-720.5563
-721.3508
-720.4518
-720.8047
-720.3802
-721.1867
-721.0477
-719.599
-719.7354
-720.7673
-722.8756
-722.4148
-719.8088
-719.8088
-719.5828
-719.8932
-720.0596
-721.8583
-723.6791
-719.8938
-719.7851
-719.7851
-719.4063
-719.4063
-720.3156
-720.3156
-719.9556
-719.5757
-719.5757
-719.5757
-719.5757
-719.5757
-720.2622
-720.2622
-720.2622
-719.6589
-720.1831
-720.1831
-720.1831
-723.3246
-722.3675
-723.2455
-723.5411
-723.2615
-720.281
-720.338
-720.338
-720.338
-721.6802
-721.805
-720.7617
-720.8652
-720.7156
-720.3335
-719.8106
-719.8106
-720.0514
-720.0325
-720.0325
-719.51
-720.4781
-720.6357
-720.6357
-720.6357
-719.8543
-719.8543
-719.8543
-719.1273
-719.1273
-719.1273
-719.4248
-719.4248
-720.8348
-721.0329
-719.9345
-719.9345
-719.3543
-719.7858
-720.2205
-720.6796
-720.6796
-719.7875
-719.7875
-720.1911
-721.5934
-720.7269
-720.7269
-721.8357
-722.2087
-719.9681
-719.9681
-721.462
-721.462
-719.9015
-719.9015
-719.9015
-719.9015
-719.9015
-719.9015
-719.9015
-719.7268
-719.7268
-719.7268
-719.9058
-719.9058
-719.9058
-719.486
-720.1321
-720.5199
-720.7878
-720.5272
-720.863
-719.2995
-720.0565
-719.6832
-719.6832
-720.2599
-721.2237
-721.719
-721.3593
-721.3593
-721.3593
-720.7513
-720.7292
-720.7292
-720.6559
-721.0348
-719.3673
-719.3673
-719.3767
-720.0891
-719.7907
-721.168
-720.8829
-720.8829
-720.8829
-720.8829
-719.9326
-721.5983
-720.6809
-719.9357
-720.5913
-722.2833
-720.9263
-720.9263
-719.8382
-719.355
-719.355
-719.355
-719.5635
-719.7547
-719.708
-719.6058
-719.7023
-720.7859
-720.1285
-720.1285
-720.1285
-720.1285
-720.0276
-719.9684
-719.8206
-719.8206
-719.6584
-719.6584
-720.2558
-720.1551
-720.1551
-720.0415
-719.6873
-719.6873
-719.7534
-719.4762
-719.8124
-719.1955
-719.3086
-719.3086
-720.3801
-720.3801
-720.3801
-720.3801
-720.3801
-719.95
-719.95
-719.6927
-719.7598
-719.8906
-719.8906
-719.2778
-719.2778
-719.2778
-719.2778
-720.0985
-722.2539
-720.4409
-720.6809
-720.6809
-721.1881
-721.1853
-721.1853
-721.2421
-720.4774
-720.4774
-720.4774
-720.4774
-721.5027
-720.0893
-720.0893
-720.0893
-719.9918
-719.9918
-719.8741
-719.8741
-719.6106
-720.2363
-720.8043
-720.8043
-720.8043
-719.8921
-720.0487
-719.4671
-719.5767
-720.7969
-720.993
-720.993
-720.993
-720.993
-720.993
-720.993
-720.3316
-720.3316
-720.3316
-721.5702
-721.5702
-721.4994
-721.4994
-719.748
-719.748
-721.4067
-721.4067
-721.1493
-721.0823
-721.1218
-720.4671
-720.0009
-720.0009
-720.4963
-719.7376
-719.5068
-719.5068
-719.6908
-720.1875
-719.9605
-719.9605
-720.0099
-720.6097
-720.5839
-720.5839
-722.8004
-720.8652
-720.1994
-719.9622
-719.9622
-720.5105
-720.0057
-720.3282
-720.3282
-720.9354
-719.3895
-719.3895
-720.2018
-720.2018
-720.7547
-720.7547
-720.3075
-720.3075
-720.3075
-720.7291
-719.506
-719.9757
-720.1379
-719.4569
-719.7896
-719.7896
-720.9155
-720.9155
-720.9155
-720.9155
-720.9475
-720.6016
-720.6016
-721.73
-721.8995
-721.8995
-720.979
-722.5063
-721.9447
-721.7604
-721.8101
-722.0682
-720.9631
-720.9631
-719.7727
-720.3627
-722.4472
-721.0312
-720.8486
-721.0289
-720.7613
-721.1617
-721.0882
-721.6356
-721.7679
-721.7679
-721.7679
-723.9411
-722.0293
-721.0464
-720.9229
-720.9084
-720.9084
-720.9084
-721.4331
-721.7694
-721.1641
-720.7963
-720.7963
-720.7963
-720.7963
-720.7963
-720.7963
-719.8301
-719.8301
-719.8301
-720.936
-718.9932
-720.637
-720.637
-719.9033
-719.9033
-720.7719
-721.1708
-720.1212
-720.1212
-720.125
-719.7604
-719.4479
-719.4479
-719.4479
-719.677
-719.5164
-719.4459
-720.131
-720.1357
-719.7866
-722.506
-721.1063
-721.1063
-722.4454
-722.4454
-722.4303
-722.8341
-721.9445
-721.9445
-722.2424
-721.9565
-721.9565
-721.9565
-721.694
-721.7088
-721.7088
-721.7088
-721.7088
-720.0978
-720.2595
-719.4076
-719.4964
-720.456
-719.8922
-719.8922
-719.8922
-722.5089
-721.863
-721.0043
-721.0043
-720.8338
-719.9353
-719.9353
-719.9353
-719.9353
-719.9353
-719.9353
-719.9906
-719.9906
-719.9906
-719.9906
-721.709
-721.709
-721.9557
-721.9557
-722.231
-720.132
-723.3709
-723.2316
-723.2316
-723.2316
-721.1554
-720.0242
-720.0242
-721.066
-721.558
-723.5001
-722.5158
-720.8701
-720.8578
-720.8578
-721.1126
-720.078
-720.078
-719.2724
-719.124
-719.9025
-719.9025
-719.4495
-720.9487
-721.6128
-722.7802
-722.7802
-722.6569
-721.3966
-720.7759
-720.645
-720.645
-720.8065
-720.2949
-719.5134
-719.5134
-719.5134
-720.1049
-722.4339
-720.5114
-720.0399
-721.5103
-721.1558
-721.2768
-721.8007
-721.8007
-721.2871
-721.0597
-721.0597
-721.0597
-721.0597
-721.0597
-720.8994
-720.8994
-720.5541
-719.7815
-720.3972
-720.8377
-722.4756
-723.2217
-723.9526
-720.8578
-721.271
-720.1063
-720.1063
-720.1063
-719.7642
-719.7642
-719.7642
-720.216
-720.62
-720.453
-720.453
-720.453
-720.453
-720.2129
-722.4296
-721.0618
-722.7039
-721.5807
-721.6516
-720.4959
-720.4959
-720.4959
-720.4042
-720.4042
-720.4042
-719.6813
-719.6072
-719.6072
-721.0166
-719.8847
-719.9788
-719.2734
-719.2734
-719.752
-719.752
-720.5791
-720.5791
-720.975
-720.975
-720.2727
-721.2538
-719.8854
-719.8854
-719.6573
-719.6573
-719.838
-719.8159
-720.7916
-720.3179
-720.6297
-720.424
-720.424
-719.8516
-720.7218
-721.4966
-721.4966
-720.527
-720.4702
-722.109
-721.4246
-721.8484
-721.9758
-720.3091
-720.3372
-720.2581
-721.3296
-721.0844
-721.0844
-722.4103
-721.8077
-720.0444
-719.4128
-719.8503
-719.8503
-719.8725
-720.3191
-720.2492
-720.846
-720.846
-720.846
-719.9101
-719.9445
-720.5727
-719.8257
-719.9841
-720.8214
-720.4773
-722.1745
-722.1745
-720.5997
-719.9073
-719.7557
-720.2909
-719.8071
-719.8071
-719.5183
-719.5732
-720.0126
-721.043
-722.2453
-722.2739
-719.9619
-719.9619
-719.6416
-719.6416
-719.0891
-722.0709
-719.9055
-719.9055
-720.8724
-721.1863
-722.8068
-722.7275
-721.2644
-720.1607
-721.4652
-721.4652
-721.4652
-721.4652
-722.1115
-724.4369
-724.4369
-724.4369
-720.8869
-720.8869
-720.829
-721.0765
-721.0765
-720.5448
-720.2355
-720.2355
-720.2355
-720.2355
-719.3483
-720.9667
-719.2806
-719.2806
-719.2806
-719.6769
-719.6769
-721.0144
-721.3133
-723.046
-723.046
-720.1238
-720.1238
-719.7974
-719.8322
-719.8322
-719.8322
-721.7576
-719.2763
-719.5554
-719.4797
-720.9009
-722.7896
-723.8082
-722.2919
-722.2919
-722.2919
-723.0071
-721.5948
-720.5081
-721.1936
-721.1936
-721.4761
-720.9308
-720.9308
-720.8184
-720.8184
-720.4483
-720.4483
-720.739
-720.1099
-720.1738
-719.8786
