-1954.307
-720.1284
-720.1284
-721.0055
-722.4805
-720.5332
-720.5332
-720.0922
-720.9192
-719.9592
-720.7638
-720.7638
-721.1236
-720.3299
-720.3299
-721.0783
-719.9484
-720.831
-720.9852
-720.5118
-720.5118
-719.9222
-719.9222
-719.9222
-719.9222
-719.3674
-719.049
-719.7863
-719.9762
-719.7628
-720.2502
-721.2988
-719.3607
-719.3607
-719.3607
-720.0238
-720.0238
-719.9497
-719.6023
-719.2467
-719.2467
-719.2467
-719.2467
-719.2467
-719.6707
-720.4387
-722.5274
-723.4214
-724.5641
-725.2971
-723.2019
-723.2019
-722.8915
-723.3492
-722.2566
-722.2566
-722.2566
-722.2566
-721.2167
-722.2003
-722.2003
-720.7967
-720.3035
-721.0249
-720.717
-720.717
-721.8362
-721.8041
-720.0968
-720.0968
-719.8834
-720.757
-720.757
-720.757
-720.2275
-719.1288
-720.1587
-720.6711
-719.556
-720.4192
-720.3412
-722.444
-720.4741
-721.5017
-721.5017
-721.5017
-720.0754
-720.0754
-721.0562
-721.0562
-721.3396
-721.3396
-721.3396
-721.3396
-721.7087
-720.8545
-720.2577
-720.1961
-721.582
-721.582
-722.0427
-722.0427
-722.2181
-719.8818
-719.7095
-719.8189
-719.1785
-720.1099
-720.8446
-720.7269
-720.7269
-720.5278
-720.5278
-719.4876
-719.1809
-719.8077
-719.8077
-719.8077
-719.8077
-720.4038
-720.3001
-720.974
-721.0563
-720.8355
-720.8355
-719.6376
-719.7462
-719.7462
-722.0811
-720.5573
-720.5573
-721.7832
-721.7832
-720.7807
-719.6966
-721.5476
-720.5141
-720.3175
-720.3175
-721.6422
-721.5286
-720.1827
-720.6705
-719.5178
-719.8781
-719.9321
-719.6549
-720.7024
-721.611
-721.3126
-720.0846
-720.0846
-720.1942
-720.0532
-720.0532
-719.9682
-719.9682
-719.8238
-719.8238
-719.7584
-719.7584
-721.6075
-720.4934
-720.4934
-720.3158
-719.7599
-719.7599
-719.7599
-719.8149
-722.9716
-720.7104
-722.9598
-722.9598
-721.7094
-721.7094
-721.7094
-721.7094
-719.6865
-719.6208
-721.0149
-720.9062
-721.6706
-721.6706
-721.6706
-721.6706
-720.0917
-720.0917
-719.8333
-719.7141
-719.7141
-719.7141
-719.7141
-720.1248
-719.4674
-719.4674
-720.5729
-720.0385
-720.1617
-720.1617
-719.9547
-719.9547
-720.6967
-721.7465
-720.9572
-721.8922
-721.0508
-720.6053
-720.7564
-720.7564
-719.4849
-719.4849
-719.4849
-719.4849
-719.4849
-719.7983
-719.7983
-720.1199
-720.1199
-719.4953
-720.0678
-719.8779
-721.0159
-719.7118
-719.7118
-719.7118
-719.7118
-719.1713
-719.2984
-719.5337
-720.6478
-721.1354
-722.1644
-721.5036
-719.6071
-720.481
-720.481
-722.7881
-722.7881
-723.4065
-721.8811
-722.2356
-722.2356
-721.1571
-721.3264
-721.3264
-720.0769
-720.2007
-719.6074
-719.6074
-719.6074
-719.4978
-720.7132
-719.7685
-719.7685
-719.7685
-720.1771
-720.2896
-720.2896
-720.5439
-721.2452
-721.5645
-720.9548
-720.9548
-720.9548
-720.9548
-720.6981
-720.032
-721.5275
-721.6262
-721.6262
-721.324
-720.0738
-720.0738
-719.6958
-720.8146
-720.8146
-720.0925
-719.4328
-719.5926
-719.7429
-719.5498
-720.0533
-719.4393
-719.9525
-719.9525
-719.7798
-720.3409
-723.1208
-722.6395
-721.2198
-721.6788
-721.8129
-721.8129
-721.765
-721.765
-721.7012
-721.7012
-721.1097
-719.9809
-719.9809
-719.4245
-719.3354
-719.3354
-719.3354
-719.3354
-719.3354
-719.8602
-719.8471
-720.7987
-720.7987
-720.415
-720.415
-720.415
-720.415
-720.7149
-720.7149
-720.7149
-720.7149
-719.4167
-719.2994
-719.5152
-720.1105
-720.1105
-720.1105
-720.1105
-720.279
-719.5917
-719.5917
-719.5917
-720.703
-720.8142
-719.9342
-719.9342
-721.033
-720.1446
-720.1446
-722.2618
-721.4398
-721.4669
-721.3988
-720.9897
-720.9897
-720.9897
-722.1527
-722.0812
-720.1629
-720.1629
-720.1629
-720.6121
-720.6121
-720.0227
-720.0227
-719.7527
-719.4777
-721.4446
-719.4397
-719.4397
-719.4397
-719.4397
-719.4397
-721.9858
-721.0561
-721.0561
-721.0561
-722.9539
-720.353
-719.3896
-719.2261
-719.2261
-719.8568
-719.8568
-719.6914
-719.6914
-719.6914
-719.6914
-720.0518
-719.5208
-721.4846
-721.4846
-721.534
-720.3271
-720.3271
-722.0352
-721.2161
-719.4274
-719.319
-719.6831
-720.4818
-720.4818
-720.4818
-721.0318
-720.1248
-720.0102
-720.1511
-721.1306
-719.4336
-719.4336
-719.2211
-719.9384
-719.6463
-719.6463
-719.6463
-719.6463
-719.6463
-719.6463
-719.6463
-719.6463
-719.6463
-719.8411
-719.5042
-719.5042
-719.5042
-719.5042
-719.5042
-719.5042
-719.5042
-719.5042
-719.5042
-721.2756
-724.974
-724.1351
-724.3231
-724.3231
-721.8034
-721.8034
-721.6767
-719.7115
-719.7115
-719.5888
-719.7462
-719.804
-720.6124
-720.6124
-720.6124
-720.6124
-720.6124
-720.0078
-720.7223
-723.0423
-720.8363
-720.8441
-720.8441
-720.8441
-720.6909
-720.9092
-722.4387
-720.6756
-720.7711
-719.149
-720.0435
-720.0435
-720.3774
-719.9186
-720.094
-720.1341
-720.5059
-720.2306
-720.2306
-720.2306
-720.2306
-720.5863
-720.5863
-719.5808
-719.6952
-720.2257
-721.1101
-722.1386
-720.6697
-720.1233
-720.3502
-719.6235
-719.6235
-719.3936
-719.3936
-719.3936
-719.3936
-719.3936
-719.3936
-719.7572
-719.4654
-719.2117
-719.4938
-719.8277
-719.8277
-719.8277
-719.3295
-719.3295
-723.4807
-720.838
-723.7822
-723.1734
-723.23
-724.0753
-724.4836
-721.6706
-721.2778
-721.046
-721.5971
-721.005
-719.3923
-719.378
-719.4047
-720.2108
-720.2108
-719.5756
-721.376
-720.0899
-720.0899
-720.0899
-719.619
-719.267
-719.267
-720.3147
-721.5588
-721.5588
-720.7291
-720.0824
-719.7089
-720.9503
-720.5578
-720.216
-720.216
-720.216
-720.181
-720.0351
-720.0351
-719.7472
-719.7472
-719.7284
-720.9332
-719.302
-721.5903
-721.5903
-721.5903
-721.5903
-721.5903
-720.3812
-722.0058
-722.0058
-720.1037
-720.1723
-720.1723
-720.7505
-722.8072
-719.5343
-722.5865
-723.4984
-723.2807
-721.5888
-722.0178
-721.685
-720.1757
-720.1757
-720.0341
-720.257
-719.7923
-720.9006
-720.9665
-720.5598
-721.184
-722.9638
-722.9638
-721.6634
-720.6978
-719.6513
-721.8479
-720.9577
-720.3006
-720.3006
-721.2194
-720.6487
-721.7797
-721.7797
-720.5428
-721.6205
-721.6205
-721.6205
-719.6421
-719.6421
-719.6421
-719.6421
-722.4125
-719.1471
-720.0216
-719.6768
-719.6768
-719.6768
-719.6768
-719.6768
-719.6768
-719.6768
-719.6316
-719.8622
-719.6591
-719.6591
-719.6591
-719.6591
-719.8259
-719.8259
-719.3514
-720.0648
-720.0648
-722.6232
-722.6232
-722.6232
-722.6232
-720.7092
-721.8368
-722.3477
-721.31
-723.723
-720.5149
-721.4234
-721.4234
-721.0618
-720.262
-720.262
-719.798
-719.9058
-722.4545
-722.4545
-722.4545
-722.8892
-722.6021
-720.9946
-720.2243
-720.2243
-720.2243
-719.5454
-719.5454
-719.5454
-720.105
-719.4732
-719.6688
-721.3828
-720.2324
-721.9127
-721.358
-721.7365
-720.8896
-720.0325
-720.9794
-720.9794
-720.9794
-720.9794
-720.9794
-721.6479
-724.9478
-724.9478
-724.9478
-724.1171
-722.7
-722.2983
-721.0542
-719.4752
-719.4752
-719.4752
-719.4752
-719.4752
-719.8079
-719.8079
-719.8079
-719.8079
-720.4955
-720.4955
-720.4955
-721.3363
-719.7112
-720.3546
-721.0295
-721.2231
-721.2231
-721.0003
-721.0003
-720.7548
-720.9133
-719.5164
-720.35
-720.35
-719.6952
-719.2494
-719.8366
-719.9283
-720.2845
-719.1893
-719.1893
-719.586
-719.6343
-719.6343
-719.6343
-719.2184
-719.2184
-720.0068
-719.9558
-719.9558
-719.9558
-719.9346
-719.9346
-719.8729
-721.2163
-721.1098
-720.0499
-720.0499
-720.3981
-720.3981
-721.3894
-721.3894
-722.1806
-720.9438
-720.9438
-720.9438
-720.9438
-720.9438
-720.9438
-720.7338
-720.7338
-720.2558
-723.5043
-723.5043
-720.6941
-720.6287
-720.5872
-720.5872
-720.5872
-723.1087
-723.1087
-721.6131
-722.5762
-722.3806
-726.1769
-726.1769
-720.8364
-720.3355
-720.6147
-720.0753
-721.7589
-721.7589
-721.7589
-720.2107
-721.018
-721.018
-721.018
-722.3722
-721.109
-721.1191
-720.142
-720.142
-720.4471
-720.4471
-719.8769
-719.8769
-719.8769
-719.8769
-719.8769
-719.8769
-720.0714
-720.0714
-719.5097
-719.0864
-721.7515
-719.172
-719.8961
-720.133
-719.3736
-719.8361
-719.4511
-719.4511
-720.7206
-721.549
-719.8635
-719.8635
-719.8635
-720.0738
-720.2499
-720.0449
-720.0449
-720.5042
-720.2747
-721.9593
-721.9593
-723.7089
-723.7089
-721.8951
-721.0439
-721.0439
-721.0439
-723.6484
-719.8952
-719.8952
-719.8952
-719.8952
-719.8952
-719.8952
-719.8952
-719.8952
-719.8952
-719.8952
-719.8952
-722.1102
-722.386
-722.3344
-721.2134
-720.1412
-719.9463
-720.1843
-720.6498
-719.8894
-719.9924
-720.5367
-719.7555
-720.1477
-720.0234
-720.0234
-720.0591
-720.0591
-720.0591
-720.0591
-719.4728
-719.8818
-719.8818
-719.8818
-719.3375
-719.4231
-720.0747
-719.4683
-719.4683
-719.4683
-719.4683
-719.7953
-719.4944
-719.4944
-719.4944
-720.5945
-720.5945
-720.383
-719.5735
-719.5735
-719.5735
-719.771
-720.0269
-720.0269
-721.0139
-720.2571
-721.416
-722.2431
-722.0509
-720.0523
-720.0523
-720.0523
-720.4724
-720.351
-720.0666
-720.0666
-719.3974
-719.3974
-720.8397
-719.6387
-719.6387
-719.6387
-719.6387
-719.6387
-719.6387
-719.6387
-719.5484
-719.5484
-719.4734
-720.2528
-720.0246
-720.0246
-720.0246
-722.3989
-722.1393
-722.1393
-721.1644
-722.0601
-722.2251
-721.0515
-722.3841
-720.9202
-722.3551
-720.6158
-720.6158
-719.9689
-719.8499
-719.8499
-720.1359
-722.121
-724.5161
-724.4109
-720.8262
-720.8262
-721.3378
-721.3378
-723.74
-722.2789
-721.8593
-721.8593
-721.0048
-721.4061
-721.4061
-720.0242
-720.0242
-719.8241
-719.8241
-720.3104
-720.3104
-722.3877
-720.5366
-720.334
-721.4462
-721.4462
-722.0945
-722.0945
-722.0945
-722.0945
-722.9598
-721.0432
-720.1438
-720.1438
-720.346
-720.346
-720.1456
-721.8458
-721.5091
-721.5091
-720.7195
-720.7195
-720.7195
-720.7195
-720.7195
-720.7195
-720.7195
-720.0271
-720.0271
-720.6202
-720.6202
-720.6202
-720.2783
-720.5153
-720.5153
-719.9791
-720.4224
-720.4224
-720.1885
-719.5968
-719.5968
-720.1735
-719.7709
-719.3513
-720.8163
-721.5001
-721.8752
-719.4358
-719.4358
-721.1625
-722.4754
-722.4754
-720.1411
-719.3496
-719.3496
-719.3496
-720.2108
-720.1565
-721.8129
-721.528
-719.5993
-719.5993
-723.3375
-719.9764
-719.9764
-721.9913
-720.2119
-719.6291
-719.3245
-719.3245
-719.3245
-719.3245
-720.144
-720.144
-720.144
-720.144
-720.144
-719.6413
-719.6413
-719.6413
-719.6413
-719.6413
-719.6413
-719.6413
-719.6413
-719.3258
-719.2059
-719.3953
-719.0844
-719.0844
-719.0844
-719.7581
-719.7395
-719.6657
-720.064
-720.064
-721.7057
-723.553
-726.0143
-722.5886
-723.0955
-722.6117
-722.6117
-720.6995
-720.7484
-720.7484
-720.1457
-720.0632
-719.6213
-720.4627
-721.6607
-721.7119
-719.6799
-719.7902
-721.0143
-721.0143
-720.1545
-719.7006
-719.7006
-719.2736
-719.5745
-719.3396
-719.3153
-719.3153
-719.3153
-719.3153
-719.5527
-719.5527
-719.7726
-719.7726
-719.7726
-719.7726
-719.3977
-719.4718
-719.4718
-719.4718
-719.8512
-720.1417
-720.1842
-720.1661
-720.1661
-721.8627
-720.9008
-722.8507
-722.8507
-724.0436
-722.9508
-721.8612
-721.8612
-721.8612
-720.8369
-720.8369
-720.8369
-720.8369
-720.8369
-720.07
-720.07
-720.07
-719.6593
-719.6593
-719.6593
-720.2169
-720.2169
-721.3133
-721.3133
-719.4158
-719.4741
-721.4572
-719.501
-719.3973
-719.3973
-719.3973
-719.1263
-719.3981
-719.3981
-719.7239
-719.0302
-719.0302
-719.0302
-720.799
-721.1599
-721.0566
-721.0566
-719.663
-719.7123
-719.5008
-719.5768
-719.6921
-719.5855
-719.5855
-719.1183
-719.1183
-719.3782
-719.8039
-723.0333
-721.1102
-721.1102
-721.1102
-721.4042
-720.327
-720.8879
-720.8879
-719.7007
-719.7007
-721.2968
-720.7935
-719.6041
-719.8644
-719.5429
-720.7303
-720.7303
-720.7303
-720.7303
-720.6414
-720.6414
-719.9065
-719.9065
-719.3807
-720.4716
-720.4716
-720.4716
-720.746
-720.1218
-720.1218
-720.9888
-720.9888
-720.9888
-720.9888
-720.546
-722.4933
-722.4933
-721.3777
-721.4287
-721.4287
-721.4287
-721.2821
-721.2821
-721.8916
-721.8916
-721.8916
-720.6666
-721.4397
-721.4397
-721.4397
-721.4397
-720.1738
-720.1738
-720.1128
-720.1128
-723.61
-721.0282
-721.6862
-721.6862
-720.5116
-720.0978
-720.0978
-719.4607
-720.5942
-720.5942
-721.4012
-720.3615
-720.4957
-720.2303
-720.1182
-720.1521
-719.4222
-719.448
-720.9288
-720.262
-721.7614
-722.6111
-722.6622
-723.2908
-723.3355
-722.1084
-719.8507
-719.8507
-721.0556
-721.0556
-723.9451
-727.1166
-727.2912
-722.9349
-721.3033
-722.9757
-722.9757
-722.3263
-721.192
-722.0975
-720.6483
-720.6483
-720.6483
-720.9621
-719.5861
-719.5861
-721.1485
-719.9815
-719.9355
-720.235
-719.5557
-720.2717
-720.2853
-720.2853
-720.2198
-719.5627
-719.4606
-719.5256
-719.4591
-719.8617
-719.8617
-719.8617
-720.0046
-720.0046
-720.0046
-721.6977
-721.6977
-721.3661
-720.218
-720.218
-720.218
-719.7254
-719.7254
-719.7254
-719.7254
-719.7254
-719.8536
-719.559
-720.1937
-721.5256
-721.4375
-721.4375
-721.203
-722.8491
-722.8491
-722.2689
-722.2689
-722.4978
-722.4978
-722.4978
-722.4978
-721.5678
-721.5678
-721.5678
-721.0036
-721.0036
-721.0036
-721.0529
