-842.3931
-720.6907
-721.2247
-720.5425
-720.5425
-722.7379
-722.5041
-722.5041
-720.1362
-720.1362
-720.1362
-720.1362
-720.1362
-720.1362
-720.0596
-719.8635
-719.8635
-719.8635
-719.8635
-719.8635
-720.0143
-719.9619
-721.6558
-719.8613
-720.134
-719.6765
-720.6882
-720.6587
-720.8224
-720.7345
-721.6719
-721.6719
-721.6719
-721.4294
-721.4294
-719.2985
-719.2985
-719.6436
-719.5388
-719.294
-720.2306
-719.8177
-719.8177
-720.1256
-720.1256
-719.5208
-719.5208
-719.5208
-721.0682
-721.5238
-721.6905
-721.6905
-724.4856
-722.6762
-722.8947
-722.8947
-720.9452
-720.9452
-720.9452
-720.3539
-720.3295
-719.4821
-719.5849
-723.1953
-720.2899
-719.7674
-719.7674
-719.1606
-719.1606
-719.1606
-719.9139
-720.4299
-720.4299
-720.6329
-720.6329
-720.6329
-720.6329
-720.6329
-719.4234
-719.3929
-719.5774
-719.5774
-719.7709
-719.4147
-720.4962
-720.4962
-720.1554
-720.1554
-720.1554
-720.9233
-720.9233
-720.9233
-720.03
-720.03
-720.2236
-720.2236
-720.2236
-719.6064
-719.7365
-719.7365
-719.7365
-720.1319
-720.1319
-720.379
-720.379
-720.379
-720.379
-721.3867
-722.2991
-722.7545
-721.5079
-720.5459
-720.5459
-720.5459
-720.5459
-720.5459
-721.5844
-721.7884
-721.9448
-720.557
-720.1805
-720.1369
-720.1369
-720.7327
-720.6683
-719.7947
-719.2845
-719.9756
-719.9756
-720.3186
-720.3186
-720.4656
-719.994
-719.8793
-720.1489
-720.1489
-720.1489
-720.1489
-720.0852
-720.0852
-720.0852
-720.0852
-720.0852
-720.3812
-720.1727
-720.4389
-719.413
-719.6885
-719.9203
-719.9203
-719.9728
-721.4271
-720.5092
-720.5092
-720.5092
-720.5092
-720.5092
-720.0539
-720.0539
-720.0539
-719.7869
-720.5879
-720.5879
-720.6865
-720.6865
-720.4277
-720.4277
-720.4277
-720.4277
-720.1127
-719.9361
-719.6643
-719.6643
-719.8105
-719.8105
-720.5194
-720.5194
-719.8551
-719.7739
-721.0482
-721.4419
-721.4419
-720.2201
-719.9592
-719.9592
-719.3043
-719.3043
-719.6424
-720.0913
-720.0913
-719.6854
-720.5098
-719.3497
-720.5063
-720.5063
-720.5063
-720.8959
-720.8959
-719.9159
-719.5131
-719.5131
-720.4369
-719.9984
-719.9984
-719.9984
-720.1894
-720.4492
-721.0527
-720.5906
-720.5906
-720.5906
-721.6234
-722.0035
-722.2847
-722.2847
-722.2847
-722.2847
-722.2847
-722.2847
-722.2847
-722.2847
-722.2847
-722.2847
-722.2847
-722.2847
-722.2847
-722.2847
-722.2847
-722.2847
-722.2847
-720.2506
-719.9045
-721.4257
-720.8556
-720.8556
-720.8556
-719.2661
-719.2661
-719.6449
-719.5935
-719.5935
-720.9705
-720.9705
-719.3164
-720.3696
-720.3696
-720.3696
-720.3696
-721.4241
-720.5392
-720.5392
-721.1281
-720.2849
-720.2849
-719.6591
-719.9508
-720.8825
-721.7104
-721.7104
-720.1925
-723.9016
-722.475
-720.2515
-720.2515
-720.2515
-721.2327
-721.2327
-721.2327
-720.0774
-722.0461
-722.0461
-719.1606
-719.1606
-719.9295
-719.9295
-720.3656
-719.7138
-719.7138
-720.4695
-720.4695
-719.2483
-719.2483
-719.2483
-720.2891
-723.7467
-722.3071
-722.3737
-722.6999
-721.6747
-720.3211
-719.8058
-719.8058
-720.2819
-721.6402
-720.8744
-721.0393
-719.3774
-719.3774
-719.3774
-720.1455
-720.1455
-720.1455
-720.1455
-720.1455
-720.1455
-720.1455
-720.1455
-720.1455
-720.1455
-720.1455
-720.1455
-720.2603
-720.2603
-719.2522
-719.899
-719.899
-720.2865
-720.2865
-720.2865
-720.0851
-721.0739
-721.8672
-721.6302
-721.6302
-721.6302
-721.6302
-721.6302
-720.7227
-722.1894
-721.2163
-721.2163
-721.2163
-721.2163
-721.2163
-719.526
-719.8593
-719.8593
-720.1726
-720.1726
-720.4973
-720.4973
-721.1682
-721.8247
-721.8247
-722.1652
-722.1652
-722.0345
-720.3602
-720.4124
-719.8452
-720.3404
-720.3404
-720.3404
-720.2359
-720.3763
-720.3214
-720.3214
-720.3214
-720.9708
-720.9708
-720.8981
-720.8981
-719.7599
-720.5589
-720.5589
-721.2601
-721.3107
-720.219
-719.7638
-719.406
-719.406
-719.4654
-719.4654
-720.6921
-720.6929
-719.9687
-719.3237
-719.3237
-719.6544
-719.9417
-719.795
-719.9774
-720.3583
-720.3779
-719.9938
-719.2879
-720.5311
-720.5311
-719.4674
-719.4674
-719.308
-719.308
-719.522
-719.522
-719.522
-719.7705
-720.9524
-720.1859
-719.9527
-720.084
-720.084
-721.7625
-720.5109
-720.4075
-720.4075
-720.4075
-720.4075
-720.4075
-720.4075
-720.4075
-720.4075
-719.4447
-719.5232
-720.6246
-719.7814
-722.5667
-722.5667
-725.3674
-725.3674
-724.332
-722.2899
-720.2204
-719.7087
-720.8996
-720.8996
-720.4296
-720.0848
-721.2463
-720.1991
-719.9394
-720.9455
-720.232
-720.232
-721.7702
-719.6494
-719.6494
-719.6494
-719.6494
-719.6494
-721.3634
-719.9729
-722.5487
-721.1174
-721.1174
-725.0131
-722.4226
-722.4226
-722.4226
-720.0042
-720.5002
-720.2549
-720.0947
-720.0873
-720.0873
-721.3132
-721.3132
-721.3132
-721.3132
-721.3132
-719.5327
-720.2149
-720.058
-719.9237
-721.0106
-720.09
-719.9489
-719.9496
-719.9496
-719.5889
-719.6613
-719.6613
-719.7443
-720.2548
-720.6431
-720.1682
-720.1682
-720.1682
-719.2995
-719.7507
-722.134
-720.9015
-720.0774
-719.5931
-719.5931
-719.8866
-720.3764
-720.3764
-720.3764
-720.1348
-720.1919
-720.383
-720.1385
-720.1385
-721.7912
-721.7912
-721.7912
-721.7912
-720.3653
-719.5812
-719.6647
-720.4726
-720.4379
-720.5072
-719.7015
-719.5254
-719.8748
-719.8748
-719.7155
-719.4231
-719.6327
-719.2693
-719.7894
-720.8331
-722.0928
-722.0928
-720.6767
-720.6872
-720.1895
-720.1895
-722.8262
-719.7962
-720.744
-721.0229
-721.1556
-721.3743
-720.6871
-722.3612
-722.3612
-721.5637
-721.5637
-720.226
-720.226
-721.0723
-721.9779
-721.9779
-721.9779
-725.6163
-725.6163
-725.6163
-725.9723
-725.5535
-726.1434
-719.8533
-719.8533
-720.2131
-720.2131
-719.7359
-719.7359
-719.5839
-719.5839
-720.5861
-720.5861
-720.7941
-720.7941
-720.7941
-721.0086
-719.766
-720.3951
-720.3951
-720.3951
-720.1629
-721.0623
-721.5675
-720.4204
-721.2727
-722.2529
-722.2529
-723.2422
-723.2422
-723.2422
-721.4109
-720.8822
-720.8822
-720.8822
-720.8822
-720.8822
-720.8822
-720.8822
-719.4658
-719.4658
-719.4658
-720.8461
-720.8461
-719.9799
-719.9799
-719.9799
-720.6993
-720.2032
-720.2032
-719.3894
-719.3894
-721.2998
-720.5513
-720.5513
-719.7001
-720.4474
-720.6636
-720.6821
-723.338
-720.9926
-720.3552
-720.3552
-720.3552
-720.3552
-719.8365
-719.8365
-719.8227
-721.2156
-720.5458
-719.6496
-720.6407
-721.8839
-720.9638
-720.9638
-720.3521
-720.122
-720.122
-719.7547
-719.3038
-719.3038
-720.5881
-720.6984
-722.3234
-720.822
-720.2974
-720.1895
-721.8648
-720.0665
-719.5237
-720.0439
-720.0439
-719.3874
-720.6188
-721.5925
-721.5925
-720.9931
-721.1716
-722.9321
-722.3327
-720.9158
-720.2121
-720.3997
-720.3997
-720.3997
-720.3997
-720.6062
-722.9184
-722.9184
-720.5448
-720.3065
-720.3065
-720.3065
-720.1065
-720.1065
-720.2214
-720.8173
-721.4895
-721.4895
-721.1098
-719.8313
-719.8313
-719.8313
-719.6035
-720.0779
-720.0779
-720.0779
-720.1226
-719.8708
-719.8708
-719.4921
-719.4921
-719.4921
-720.5371
-720.6425
-720.4227
-719.7305
-719.4297
-719.4297
-719.4297
-720.0196
-720.074
-719.9331
-719.9331
-719.9331
-719.9331
-719.9331
-720.1164
-720.1164
-720.5422
-720.2496
-719.7211
-720.3298
-719.4872
-719.4872
-719.4872
-719.4872
-719.4872
-719.4872
-719.4872
-719.4872
-719.3735
-719.3735
-719.6514
-719.842
-719.842
-719.842
-720.6061
-720.6061
-720.6061
-720.9945
-720.8188
-720.3763
-719.757
-719.757
-721.0267
-720.0704
-721.1963
-720.5914
-720.5914
-720.5914
-720.5914
-720.5914
-720.5914
-720.467
-719.9445
-719.9445
-719.9445
-722.1695
-721.7566
-721.7566
-720.6504
-720.1042
-720.9533
-721.5961
-720.2738
-719.7857
-719.095
-719.095
-719.095
-720.219
-720.219
-720.219
-720.1808
-720.1808
-721.9335
-722.2027
-720.8063
-720.7317
-719.9972
-721.1886
-721.1886
-721.1886
-721.1886
-721.1886
-721.9861
-721.9861
-720.4399
-720.2137
-719.8908
-719.8526
-720.1033
-721.1844
-719.1734
-719.4238
-720.1304
-720.1304
-720.0818
-720.2924
-720.2924
-720.2924
-720.563
-720.563
-720.3766
-720.135
-720.4058
-720.6243
-722.1814
-720.9951
-720.9951
-720.0444
-721.748
-721.976
-720.6296
-719.324
-719.324
-719.5667
-719.5667
-719.5667
-720.311
-720.1698
-719.5314
-719.5314
-719.3583
-721.2113
-721.2113
-719.9834
-720.009
-720.4188
-720.7588
-720.7588
-720.7588
-720.7588
-720.7588
-720.7588
-720.7588
-720.7588
-720.7588
-720.7588
-720.7588
-720.7588
-719.8064
-721.8142
-721.4496
-721.026
-720.53
-720.6929
-720.6929
-720.6929
-720.6929
-720.3148
-720.0562
-720.9168
-720.9168
-720.5613
-721.2363
-722.1783
-722.1783
-721.6768
-722.5028
-724.0954
-724.9582
-723.0546
-723.2052
-722.2761
-722.2146
-720.4338
-719.5903
-720.137
-720.7475
-720.6335
-720.2024
-719.9957
-719.9957
-719.3532
-719.6555
-720.2794
-720.9813
-720.0816
-720.0381
-720.0381
-720.1337
-720.1337
-720.1337
-719.3375
-719.3375
-721.2394
-721.432
-721.432
-721.432
-721.432
-721.258
-721.258
-721.258
-719.1924
-719.1924
-719.609
-719.2163
-719.2163
-719.2163
-719.6906
-719.519
-719.519
-719.6621
-720.3937
-719.7932
-719.9568
-720.4033
-719.8302
-719.8302
-719.5528
-719.5528
-719.5528
-719.5528
-720.0474
-720.6761
-720.9993
-720.5138
-722.3019
-721.7008
-720.9881
-720.697
-721.1338
-720.6218
-720.8143
-720.0476
-720.0476
-720.0476
-720.0476
-720.8785
-721.5153
-722.7443
-720.7733
-720.7733
-723.803
-724.0641
-720.1727
-720.1727
-719.8147
-719.8147
-721.8771
-720.7209
-720.7209
-719.6255
-719.6255
-719.6255
-719.547
-719.547
-719.547
-719.547
-719.547
-719.547
-719.547
-719.7688
-719.7688
-719.7688
-719.7688
-719.9445
-719.6888
-719.6888
-719.6888
-719.6888
-719.6888
-720.0192
-720.0192
-720.2865
-720.2865
-720.0937
-720.0937
-720.5107
-720.2387
-720.2387
-719.8717
-719.8717
-720.9333
-721.2032
-721.2032
-719.7384
-721.0673
-720.8746
-720.8746
-721.0866
-720.5217
-720.1401
-721.2834
-721.2834
-721.1885
-721.1885
-719.2048
-719.2048
-720.5695
-719.5097
-720.7353
-720.339
-720.339
-720.0107
-720.5325
-720.5325
-720.4355
-719.661
-721.2837
-719.6335
-719.5216
-719.1363
-719.1363
-719.4433
-719.7294
-719.7294
-721.5361
-719.2432
-719.2432
-719.2898
-719.2898
-721.2851
-721.7387
-722.3219
-723.0306
-723.0306
-722.2329
-720.0622
-719.9635
-719.9635
-719.9635
-719.9635
-719.1953
-719.5912
-720.0001
-720.3949
-720.3949
-719.7929
-719.4761
-720.6937
-720.6937
-720.6937
-720.1832
-720.1832
-720.0476
-719.4784
-720.4754
-719.2385
-719.4863
-719.1648
-721.2957
-721.9047
-720.6278
-720.4374
-720.2957
-719.6373
-719.6373
-720.791
-720.791
-720.4117
-719.3186
-719.2528
-719.4435
-719.8088
-719.8088
-719.8088
-719.5632
-719.372
-719.3051
-719.8735
-719.2253
-719.2253
-719.2253
-719.2119
-719.2119
-719.4084
-719.5859
-719.5859
-719.6337
-719.3547
-719.3547
-719.3547
-719.8682
-720.2813
-719.7494
-719.7494
-720.4191
-721.147
-721.147
-720.4332
-720.8335
-719.8232
-721.3223
-720.9599
-722.6976
-721.7546
-721.7546
-720.659
-720.659
-719.4808
-719.297
-720.3946
-719.7125
-719.6657
-721.5964
-720.8427
-720.3812
-720.2873
-719.6377
-719.4575
-719.1899
-720.2798
-720.5747
-720.1203
-719.7639
-719.9804
-720.0597
-720.6024
-719.8917
-719.738
-720.279
-722.6272
-721.9048
-720.6697
-720.6697
-720.6697
-719.0945
-719.0945
-719.0945
-719.1957
-719.6374
-719.7199
-719.3511
-719.2781
-720.5543
-719.718
-720.2526
-720.6726
-720.6726
-721.0235
-720.3443
-720.1037
-720.1397
-720.5243
-719.6134
-719.6134
-719.6134
-719.2946
-719.2946
-719.6405
-719.6405
-719.3862
-720.1941
-720.2236
-720.1483
-721.5972
-721.029
-721.029
-721.6129
-721.6129
-721.6129
-721.6129
-721.6129
-721.6129
-721.0598
-721.0598
-719.8055
-720.0615
-720.0615
-720.0615
-719.1031
-719.1031
-719.1031
-719.1031
-720.0633
-719.2205
-720.179
-719.9147
-719.9364
-720.4159
-720.4159
-720.1316
-720.1316
-719.4592
-719.4592
-719.4592
-720.3528
-721.1199
-720.1589
-722.6894
-720.7163
-720.7163
-721.6444
-721.6444
-720.8342
-720.2965
-720.7962
-720.1044
-720.6693
-719.4675
-719.4675
-719.4675
-721.8107
-719.4284
-719.4284
-719.9789
-720.3728
-720.8843
-721.7174
-720.5254
-720.5254
-720.8764
-720.3424
-719.9796
-720.2333
-720.2333
-720.2333
-719.1737
-719.1737
-719.1737
-719.1737
-719.8066
-719.7214
-719.7214
-719.116
-719.116
-719.116
-719.116
-719.116
-719.116
-719.7491
-719.7491
-719.9723
-720.7479
-720.7479
-720.7479
-720.7479
-720.7479
-720.7479
-720.9024
-720.9024
-720.0329
-719.5711
-719.5711
-719.5711
-719.6652
-719.6652
-720.1148
-719.2368
-719.2368
-721.6513
-721.3084
-722.183
-722.183
-722.2679
-721.8091
-720.1781
-720.6543
-720.7624
-720.7624
-720.024
-721.6414
-721.2487
-720.0521
-719.9574
-719.9574
-720.2029
-721.3535
-721.3535
-724.2319
-723.5471
-723.1541
-721.3169
-719.9539
-719.9539
-719.621
-719.6335
-720.7091
-719.8412
-719.5212
-719.5212
-719.5212
-719.5212
-719.5212
-719.3126
-719.3126
-719.7507
-722.1438
-723.0896
-720.5705
-720.0788
