-4604.152
-722.1816
-722.2221
-720.7805
-723.4099
-723.093
-722.8502
-723.9701
-721.086
-721.086
-720.3692
-721.2448
-721.5172
-722.0501
-721.0402
-721.058
-720.4478
-720.6042
-720.6042
-720.6042
-720.1129
-720.1129
-719.945
-719.945
-719.4989
-720.5122
-719.6502
-719.8439
-719.1739
-719.1739
-719.1739
-720.0248
-720.0248
-720.5713
-720.5713
-720.5713
-720.5713
-720.5713
-720.5762
-720.5762
-720.5762
-719.9148
-720.2375
-722.1828
-720.1817
-720.4245
-720.4899
-720.4899
-719.9192
-719.9192
-719.6799
-719.6799
-719.6799
-719.6799
-719.6799
-720.189
-720.114
-719.6537
-719.6537
-719.6537
-721.5448
-721.0702
-720.7098
-721.0977
-720.5391
-719.7975
-719.7975
-719.6003
-719.2828
-719.2828
-719.5995
-719.5995
-721.6245
-721.6245
-721.1912
-720.9058
-721.4854
-720.5701
-720.4058
-719.8865
-724.3469
-722.6007
-722.3491
-721.8872
-723.5866
-723.5866
-723.5866
-723.5866
-722.1315
-722.1315
-720.0861
-720.9373
-720.9373
-720.5301
-720.3574
-719.3975
-719.3555
-720.7474
-720.7474
-719.5039
-719.1213
-719.1213
-719.2493
-719.2493
-719.2493
-720.0774
-720.0774
-719.9474
-721.6214
-723.4742
-724.2083
-722.5961
-722.5961
-722.5961
-720.2569
-719.8998
-720.6618
-720.4672
-720.8252
-720.8252
-720.276
-720.276
-720.0728
-720.2637
-720.2984
-720.9624
-720.3032
-720.3032
-720.2282
-720.2282
-720.2282
-719.9284
-720.1406
-721.4931
-721.4931
-719.9294
-719.9294
-719.7242
-719.7242
-719.6802
-719.6802
-719.6802
-720.3323
-719.9754
-720.1344
-720.0023
-720.0042
-720.8226
-720.8226
-720.8226
-720.4885
-720.5312
-720.5312
-720.4483
-720.4541
-719.6517
-720.2589
-720.2589
-719.561
-719.561
-719.561
-719.561
-719.561
-719.2688
-722.1852
-719.7198
-719.7198
-720.7677
-719.5509
-720.4353
-721.459
-724.6787
-721.8775
-721.8775
-721.8775
-721.948
-720.0826
-720.0826
-719.9405
-719.9405
-719.428
-719.6727
-719.7408
-719.4441
-719.6249
-719.7246
-720.5901
-719.6192
-719.6192
-720.165
-721.188
-720.5519
-720.5519
-724.3061
-723.3833
-721.492
-721.492
-721.1135
-721.1135
-721.1135
-719.9133
-719.851
-719.3606
-719.6806
-719.6806
-719.6806
-719.6806
-719.6806
-719.6806
-719.2768
-719.2768
-719.7852
-722.637
-721.297
-719.9828
-719.9828
-720.2456
-721.48
-721.2053
-720.3743
-720.3438
-719.4467
-719.2398
-719.2398
-719.2398
-719.6141
-719.6141
-720.9032
-720.9032
-719.1239
-719.1239
-719.1239
-719.3894
-721.2775
-720.4183
-720.4183
-720.4183
-720.4183
-719.8306
-719.5801
-719.8911
-720.0819
-720.3236
-720.3236
-719.8825
-719.8825
-719.591
-719.591
-719.6052
-719.3284
-719.3284
-719.3284
-719.3284
-719.3284
-719.3284
-719.3284
-719.3284
-719.3284
-719.3002
-719.3002
-719.3002
-720.5582
-720.5582
-719.5267
-719.7852
-719.7852
-719.7852
-719.7852
-719.7852
-720.3655
-720.8967
-720.8967
-720.8967
-721.9562
-721.9562
-721.6495
-719.9872
-720.0136
-719.5433
-719.5433
-719.2119
-720.5073
-720.1233
-721.0121
-720.5445
-719.8564
-722.3129
-721.3363
-721.3363
-721.3363
-722.5661
-721.6722
-721.6722
-720.8592
-720.8
-720.6423
-720.6423
-720.0488
-720.0488
-720.5752
-720.5752
-720.9725
-721.483
-721.4086
-720.0115
-720.3862
-720.3862
-720.3862
-719.9545
-719.9545
-719.9545
-719.9545
-719.791
-719.791
-719.791
-719.791
-719.791
-720.9988
-719.633
-720.19
-720.19
-720.19
-721.9518
-721.9518
-721.8849
-721.3126
-720.1451
-720.0633
-720.5223
-720.9463
-720.98
-722.3493
-724.9843
-722.3659
-721.7886
-720.6004
-721.9649
-721.0156
-721.0156
-721.0156
-720.5836
-721.2068
-721.2022
-720.1863
-719.7391
-719.7391
-719.5899
-719.5899
-721.6714
-721.4553
-723.9557
-720.4075
-720.8666
-726.3034
-726.3034
-726.3034
-721.2257
-721.2149
-721.2149
-721.3063
-720.9503
-719.8322
-719.8322
-719.9031
-719.9031
-719.9031
-719.9031
-719.9031
-719.5703
-719.5587
-719.5587
-719.5587
-720.5566
-719.7529
-719.4848
-719.4848
-719.4848
-719.4848
-719.4848
-719.4848
-719.4848
-719.4848
-719.4848
-719.4848
-719.4848
-719.4848
-719.4848
-720.4412
-720.1652
-722.1616
-720.2799
-721.0416
-720.6166
-722.2427
-722.2427
-722.4051
-719.8406
-719.8406
-719.2866
-720.0348
-719.7355
-719.7355
-720.7188
-719.8675
-719.8675
-719.8675
-719.8675
-719.8811
-719.3049
-719.3049
-721.5074
-723.2784
-722.4451
-722.4451
-720.1732
-720.1918
-719.8742
-719.4834
-719.6086
-719.6086
-721.2123
-721.0771
-720.5063
-720.5063
-722.3976
-721.8964
-721.3822
-721.9327
-721.9327
-721.864
-721.864
-721.864
-722.8968
-722.8968
-720.9287
-719.777
-719.5536
-719.5536
-720.0473
-719.7081
-719.7081
-719.1974
-719.1974
-719.1974
-721.0738
-721.0738
-722.6865
-720.3244
-720.3244
-721.3572
-721.3317
-720.3446
-719.6481
-719.6481
-719.6481
-719.6481
-722.3139
-720.7762
-720.7762
-720.0104
-719.9636
-720.8179
-720.8179
-720.3848
-720.3848
-720.9415
-720.9415
-720.9415
-720.9415
-720.3608
-721.3262
-720.8181
-721.562
-721.562
-723.2144
-721.7099
-720.1842
-721.5199
-721.2915
-720.9633
-719.4147
-719.4147
-719.7759
-720.9478
-719.2837
-720.7033
-721.2893
-721.2893
-721.2893
-721.0275
-721.0275
-721.0275
-721.2299
-721.2299
-721.2299
-724.8528
-724.8528
-724.3073
-724.3073
-725.8611
-723.6755
-722.6352
-720.1694
-720.1694
-719.1116
-721.1577
-720.3352
-720.3352
-720.8755
-720.8755
-719.6688
-720.1556
-719.2654
-719.2654
-719.2654
-719.6386
-719.6341
-719.6341
-719.9029
-719.9029
-721.7141
-721.7141
-721.7141
-719.9712
-719.4172
-719.4172
-720.2424
-720.2424
-720.2424
-720.8241
-722.1756
-721.2384
-719.9819
-719.9819
-722.8995
-725.5017
-720.1534
-720.469
-723.7049
-724.4208
-720.7911
-720.7911
-721.132
-721.132
-720.4802
-720.0147
-719.857
-719.6191
-720.0455
-720.2051
-724.7242
-724.5147
-721.8078
-721.6433
-720.162
-720.3295
-720.2835
-720.3372
-719.7564
-719.9561
-719.7027
-721.7904
-721.7904
-721.1928
-721.1928
-719.807
-719.807
-719.8428
-719.8428
-719.8428
-719.9584
-719.8628
-719.6396
-722.728
-722.728
-721.8663
-721.8663
-720.9402
-719.6391
-719.6391
-720.0473
-720.0473
-720.0473
-720.5598
-720.0152
-719.8868
-719.8868
-719.8868
-719.8868
-719.8868
-719.8868
-720.2392
-719.4949
-719.5392
-719.5392
-719.2982
-719.2982
-719.5493
-721.1891
-721.1888
-721.0084
-719.401
-720.3996
-720.3996
-721.621
-721.621
-722.0902
-721.7866
-720.0782
-721.7363
-722.7017
-720.6255
-720.2291
-720.2291
-721.1542
-721.1542
-720.1228
-721.1678
-720.9842
-720.9842
-719.4412
-719.5283
-719.5171
-719.5171
-720.3091
-720.3091
-720.3936
-720.9231
-719.605
-720.5429
-723.6269
-720.2888
-721.4779
-721.3729
-721.24
-720.4233
-720.5686
-720.5686
-720.8796
-722.0599
-722.0599
-722.9205
-723.0111
-721.5879
-721.5879
-721.5879
-721.5879
-721.5879
-719.6024
-719.4556
-719.9869
-719.3603
-719.3603
-719.3603
-719.3603
-719.3603
-719.3603
-719.6587
-719.7642
-720.2333
-719.9812
-721.1853
-720.1853
-720.7938
-721.0178
-719.4509
-719.4509
-719.4509
-719.4509
-719.4509
-719.4509
-719.4509
-719.4509
-719.5754
-719.5754
-719.5754
-719.5754
-719.5754
-719.5754
-719.5754
-722.1368
-721.7087
-721.8547
-721.8547
-721.0483
-722.886
-720.918
-720.5214
-719.8458
-720.2373
-720.2373
-719.5497
-721.5715
-719.734
-719.1872
-721.223
-721.223
-721.223
-720.7527
-720.5756
-721.6967
-722.6161
-722.6161
-723.9485
-722.2458
-720.9245
-720.0323
-721.1315
-721.8914
-721.3864
-721.9814
-722.1828
-720.6216
-720.6785
-720.954
-719.8994
-720.4055
-721.3293
-720.4473
-720.4473
-721.0044
-719.283
-719.283
-720.4408
-720.2549
-720.1806
-719.8384
-720.2863
-719.7119
-720.2066
-720.4026
-720.4026
-719.4743
-719.4743
-719.4743
-719.3651
-719.3848
-719.3848
-720.7916
-720.7916
-721.3018
-721.3018
-721.3018
-721.224
-721.5606
-720.7369
-720.4478
-720.1117
-720.1117
-719.9974
-719.9974
-720.427
-722.8937
-722.9776
-722.9776
-720.4333
-720.4333
-720.2767
-720.3996
-720.3996
-720.2469
-720.5245
-720.4811
-720.3204
-720.9302
-720.9302
-720.9302
-720.9302
-720.7664
-720.4046
-723.053
-723.053
-721.2559
-721.1366
-721.0549
-720.7612
-720.6178
-720.6193
-719.2932
-719.5791
-719.5791
-719.4101
-720.2135
-720.2135
-719.9337
-720.8962
-723.8592
-723.6727
-720.8859
-721.2874
-721.2874
-722.5856
-722.5856
-722.5364
-720.8369
-720.8369
-721.4309
-721.5388
-720.8558
-722.3919
-722.3919
-722.3919
-721.3964
-721.3964
-720.5972
-721.017
-720.1325
-720.7371
-720.4102
-720.317
-719.4607
-719.4973
-719.4973
-719.9077
-720.6931
-721.4046
-720.4202
-721.0608
-720.656
-721.5794
-721.5794
-721.5794
-720.7579
-720.707
-721.4484
-721.4484
-719.7878
-719.7878
-720.5311
-722.8207
-722.8207
-724.1446
-720.6484
-720.8137
-719.957
-719.957
-719.957
-720.6408
-722.635
-722.635
-722.6964
-721.4534
-721.4534
-721.4534
-721.5173
-721.5173
-721.5173
-721.0642
-721.0642
-722.346
-722.346
-720.5438
-720.5438
-719.4692
-721.0956
-719.7658
-721.415
-719.7393
-719.9437
-719.9437
-720.0047
-720.5306
-723.5683
-723.8647
-723.0476
-721.6424
-720.0195
-720.0195
-719.9676
-722.9517
-722.9517
-719.7298
-719.7121
-719.3595
-719.3595
-719.3595
-719.3595
-719.9437
-719.9437
-719.9437
-720.5085
-720.5085
-720.2392
-719.9244
-721.8271
-721.1074
-721.1074
-720.9551
-720.9551
-719.2743
-719.2743
-719.2743
-719.2743
-719.384
-719.384
-719.384
-719.384
-719.6332
-719.6332
-720.5723
-720.5723
-720.5723
-720.5723
-720.5723
-720.5723
-720.5723
-721.1706
-720.9164
-720.6748
-721.4825
-719.9935
-721.8444
-721.8444
-721.8444
-721.5011
-720.5313
-721.2052
-721.2052
-719.6502
-719.6502
-719.793
-719.793
-720.5
-720.4975
-721.6254
-719.7399
-720.5136
-719.7954
-719.8463
-719.6916
-719.5629
-719.5629
-720.3737
-721.0124
-719.7473
-720.0431
-719.9832
-719.7972
-721.151
-721.151
-721.3791
-720.3392
-720.3392
-719.3848
-719.3848
-719.3848
-719.3848
-719.3848
-719.3848
-720.5378
-720.5378
-720.5378
-720.5378
-720.5378
-720.5378
-721.0235
-721.0235
-721.0235
-720.6006
-720.6006
-720.8136
-720.5301
-719.9785
-722.0434
-722.8695
-720.7226
-722.0126
-722.916
-721.3271
-721.3271
-721.3271
-721.3271
-721.3271
-721.1705
-723.2132
-723.45
-721.6149
-721.6149
-721.6149
-721.6149
-720.1057
-722.5519
-722.5519
-722.5519
-722.3899
-722.3899
-721.4023
-722.1415
-721.484
-720.5687
-719.3009
-721.333
-721.333
-721.333
-720.6236
-720.1638
-720.1638
-719.7791
-720.9408
-720.9408
-720.2565
-719.5976
-720.343
-719.8684
-719.5411
-719.5411
-721.3247
-720.0857
-720.0857
-720.0857
-720.0857
-720.2966
-719.2246
-720.5791
-721.3136
-720.3935
-720.3935
-719.7644
-719.594
-719.594
-720.4645
-719.7542
-719.1766
-719.4843
-719.6574
-719.1562
-719.1562
-719.1562
-719.5098
-720.4367
-720.4367
-720.4367
-719.7174
-719.6019
-720.8894
-720.0787
-720.0787
-719.7291
-719.7291
-719.7291
-719.7291
-720.3675
-719.2937
-719.2937
-719.2937
-719.2457
-722.5825
-720.9965
-720.9965
-719.9368
-719.6453
-719.6453
-719.6453
-719.7308
-719.7641
-720.3037
-720.6134
-720.9533
-727.6384
-720.6567
-720.6567
-720.6567
-720.6567
-720.6567
-720.0119
-720.0119
-720.8694
-721.1705
-721.8533
-721.4847
-721.3743
-721.3743
-720.2021
-721.7911
-722.2094
-722.2094
-722.6247
-722.6247
-722.5328
-722.5328
-722.5328
-720.9688
-720.9688
-720.0066
-720.0066
-720.6809
-721.2519
-721.632
-721.632
-721.632
-720.4839
-720.4839
-720.4839
-720.4896
-720.4896
-720.2702
-719.6704
-719.7426
-720.1192
-720.3276
-720.3276
-720.2694
-721.5752
-721.5752
-721.4612
-721.4612
-721.5351
-721.3811
-721.3811
-721.3811
-721.3811
-722.2224
-722.2224
-721.4339
-721.4339
-720.1492
-720.5546
-720.5546
-720.3838
-719.9122
-720.8851
-721.4119
-721.4119
-719.4341
-719.4341
-721.3557
-722.7986
-722.4531
-721.4275
-721.0124
-721.0124
-721.9008
-720.2817
-721.2029
-721.2029
-720.4034
-720.2183
-719.801
-719.7972
-719.7972
-719.7972
-720.7938
-721.0824
-721.0824
-721.0824
-719.7408
-719.379
-719.4144
-719.4144
-719.4144
-720.0086
-719.9572
-719.9436
-721.3385
-721.3385
-721.3385
-721.194
-720.8072
-720.707
-720.1912
-720.1912
-720.1912
-720.1912
-720.1912
-720.0331
-719.7289
-719.7289
-719.7289
-719.5361
-719.4321
-719.3572
-719.3572
-719.3572
-720.1943
-720.4242
-719.29
-720.2896
-720.2626
-719.5059
-719.5059
-719.6581
-722.4938
-720.2472
-719.8762
-719.7106
-719.7106
-719.8226
-719.4973
-722.5189
-722.5189
-721.4858
-719.8911
-721.0538
-721.9361
-721.9361
-719.8878
-720.4879
-720.3358
-720.2765
-719.9134
-720.1029
-720.1029
-720.0635
-721.5477
-720.3949
-720.3949
-719.8101
-720.3315
-719.9638
-720.8995
-719.7891
-721.1019
-722.4341
-719.8811
-719.8811
-721.2166
-721.6817
-721.3689
-720.3763
-720.3763
-720.5373
-720.5373
-720.5373
-720.5373
-720.5373
-720.5373
-721.4243
-719.9796
-719.9796
-719.9796
-719.9796
-719.9796
-719.3335
-719.3335
-719.1276
-719.1276
-719.4971
-719.4971
-719.4757
-719.0585
-720.4898
-720.4898
-720.4898
-721.2622
-723.1661
-724.2425
-721.1687
-720.1297
-719.5549
-719.5549
-720.944
-719.7099
