0.313322 -0.043319 0.113969 0.529549 0.618926
0.127576 -0.242404 -0.018737 -0.309821 -0.131774
0.227201 -0.090701 0.080616 -0.118542 -0.02532
0.236606 -0.069978 0.172312 0.180008 -0.155092
0.33996 -0.039842 0.175556 0.062597 -0.139227
0.233637 -0.089721 0.030785 -0.385326 -0.287984
0.233637 -0.089721 0.030785 -0.385326 -0.287984
0.233637 -0.089721 0.030785 -0.385326 -0.287984
0.233637 -0.089721 0.030785 -0.385326 -0.287984
0.233637 -0.089721 0.030785 -0.385326 -0.287984
0.233637 -0.089721 0.030785 -0.385326 -0.287984
0.233637 -0.089721 0.030785 -0.385326 -0.287984
0.233637 -0.089721 0.030785 -0.385326 -0.287984
0.233637 -0.089721 0.030785 -0.385326 -0.287984
0.133507 -0.250793 0.000535 0.165246 0.242761
0.152904 -0.281132 -0.001472 0.067024 0.125081
0.169923 -0.239056 -0.034252 -0.15429 0.040303
0.169923 -0.239056 -0.034252 -0.15429 0.040303
0.169923 -0.239056 -0.034252 -0.15429 0.040303
0.169923 -0.239056 -0.034252 -0.15429 0.040303
0.256456 -0.143292 0.11549 0.188259 0.033244
0.227987 -0.132177 0.056761 -0.263174 -0.18821
0.253837 -0.115941 0.078137 -0.065034 -0.075467
0.253837 -0.115941 0.078137 -0.065034 -0.075467
0.253837 -0.115941 0.078137 -0.065034 -0.075467
0.239138 -0.126768 0.025232 -0.276815 -0.143797
0.239138 -0.126768 0.025232 -0.276815 -0.143797
0.133105 -0.173698 -0.053549 -0.113754 0.207787
0.075593 -0.30872 -0.071175 -0.144105 0.239496
0.104536 -0.228214 -0.068343 -0.37771 -0.012975
0.104536 -0.228214 -0.068343 -0.37771 -0.012975
0.104536 -0.228214 -0.068343 -0.37771 -0.012975
0.104536 -0.228214 -0.068343 -0.37771 -0.012975
0.104536 -0.228214 -0.068343 -0.37771 -0.012975
0.148642 -0.200916 -0.049879 -0.475296 -0.03948
0.148642 -0.200916 -0.049879 -0.475296 -0.03948
0.148642 -0.200916 -0.049879 -0.475296 -0.03948
0.198255 -0.14439 0.012767 -0.307995 -0.109318
0.146013 -0.1977 -0.068197 -0.278265 0.116926
0.09674 -0.250757 -0.084965 -0.127262 0.28584
0.09674 -0.250757 -0.084965 -0.127262 0.28584
0.09674 -0.250757 -0.084965 -0.127262 0.28584
0.224941 -0.195525 0.036868 -0.043155 0.035256
0.181843 -0.152576 0.020699 -0.230411 -0.037768
0.183353 -0.249037 -0.035964 -0.205497 0.120852
0.183353 -0.249037 -0.035964 -0.205497 0.120852
0.235796 -0.169198 0.028558 -0.041681 0.084924
0.284528 -0.137285 0.055355 -0.083993 0.054675
0.276639 -0.105739 0.108802 0.255101 0.212559
0.213822 -0.21617 0.100659 0.242008 -0.002474
0.213822 -0.21617 0.100659 0.242008 -0.002474
0.213822 -0.21617 0.100659 0.242008 -0.002474
0.257992 -0.127858 0.134381 -0.167757 -0.520701
0.257992 -0.127858 0.134381 -0.167757 -0.520701
0.204813 -0.186248 0.095692 -0.16604 -0.412708
0.264483 -0.044042 0.155488 -0.169434 -0.515111
0.264483 -0.044042 0.155488 -0.169434 -0.515111
0.177243 -0.105753 0.085361 -0.06367 -0.242049
0.211814 -0.042472 0.093345 0.118231 0.037043
0.168855 -0.124099 0.012051 -0.078355 0.050316
0.162643 -0.194077 0.023295 -0.010653 0.07142
0.162643 -0.194077 0.023295 -0.010653 0.07142
0.162643 -0.194077 0.023295 -0.010653 0.07142
0.109239 -0.221557 -0.038847 -0.166931 0.054054
0.185866 -0.150929 -0.008401 0.013635 0.223954
0.185866 -0.150929 -0.008401 0.013635 0.223954
0.185866 -0.150929 -0.008401 0.013635 0.223954
0.128729 -0.318243 -0.071444 -0.124383 0.258748
0.109909 -0.382362 -0.141088 -0.488155 0.089055
0.109909 -0.382362 -0.141088 -0.488155 0.089055
0.109909 -0.382362 -0.141088 -0.488155 0.089055
0.145845 -0.276677 -0.113633 -0.397749 0.250019
0.116986 -0.281301 -0.053264 -0.341231 0.059374
0.21254 -0.100971 0.136464 0.153857 -0.053312
0.166527 -0.108699 0.071199 -0.066805 -0.10043
0.136247 -0.221023 -0.015386 -0.189752 0.003326
0.209227 -0.124235 0.03337 -0.417607 -0.200661
0.216523 -0.197362 0.034801 -0.137585 -0.033783
0.254268 -0.122789 0.109802 -0.230739 -0.37488
0.254268 -0.122789 0.109802 -0.230739 -0.37488
0.254268 -0.122789 0.109802 -0.230739 -0.37488
0.282636 -0.145399 0.10891 -0.216905 -0.310127
0.124366 -0.20944 0.056151 -0.076937 -0.039083
0.153921 -0.164528 0.082039 0.023522 -0.007336
0.153921 -0.164528 0.082039 0.023522 -0.007336
0.174333 -0.081134 0.106988 -0.226917 -0.330895
0.174333 -0.081134 0.106988 -0.226917 -0.330895
0.174333 -0.081134 0.106988 -0.226917 -0.330895
0.187794 -0.10139 0.134 -0.06173 -0.294369
0.187794 -0.10139 0.134 -0.06173 -0.294369
0.107938 -0.210127 0.014311 -0.375931 -0.230626
0.196347 -0.124356 0.109429 0.005377 -0.132218
0.122346 -0.256749 -0.052537 -0.414934 -0.100923
0.122346 -0.256749 -0.052537 -0.414934 -0.100923
0.122346 -0.256749 -0.052537 -0.414934 -0.100923
0.312041 0.021083 0.162321 -0.123808 -0.178981
0.15233 -0.103394 0.071635 -0.084321 -0.066397
0.075784 -0.208122 -0.054691 -0.658791 -0.345296
0.075784 -0.208122 -0.054691 -0.658791 -0.345296
0.075784 -0.208122 -0.054691 -0.658791 -0.345296
0.129405 -0.140451 0.043055 -0.418044 -0.450013
0.129405 -0.140451 0.043055 -0.418044 -0.450013
0.133248 -0.196816 0.031742 -0.416704 -0.389324
0.133248 -0.196816 0.031742 -0.416704 -0.389324
0.126207 -0.21796 -0.059222 -0.383452 -0.081724
0.126207 -0.21796 -0.059222 -0.383452 -0.081724
0.126207 -0.21796 -0.059222 -0.383452 -0.081724
0.155466 -0.161307 -0.040299 -0.326506 -0.033369
0.066815 -0.243638 -0.068953 -0.210483 0.033132
0.066815 -0.243638 -0.068953 -0.210483 0.033132
0.186088 -0.162788 0.085245 0.079819 -0.010062
0.25433 -0.089211 0.147706 0.019729 -0.15066
0.309719 0.008922 0.176606 -0.028319 -0.278476
0.301162 -0.065362 0.132058 0.083548 -0.115377
0.150223 -0.223725 0.046112 0.081837 0.023747
0.114642 -0.170618 0.01949 -0.156847 -0.02727
0.046174 -0.262556 -0.105369 -0.267027 0.09911
0.046174 -0.262556 -0.105369 -0.267027 0.09911
0.213249 -0.195188 0.023581 -0.133592 0.019763
0.213249 -0.195188 0.023581 -0.133592 0.019763
0.269418 -0.197835 0.107266 0.095173 -0.083627
0.269418 -0.197835 0.107266 0.095173 -0.083627
0.328915 -0.08664 0.167228 0.111633 -0.1982
0.263981 -0.083908 0.139201 0.066646 -0.085953
0.255654 -0.104339 0.087248 -0.139243 -0.112576
0.255654 -0.104339 0.087248 -0.139243 -0.112576
0.227811 -0.089745 0.091717 -0.005161 0.034364
0.227811 -0.089745 0.091717 -0.005161 0.034364
0.227811 -0.089745 0.091717 -0.005161 0.034364
0.331065 0.026797 0.160319 0.070801 0.039134
0.331065 0.026797 0.160319 0.070801 0.039134
0.331065 0.026797 0.160319 0.070801 0.039134
0.21636 -0.011865 0.109762 0.196646 0.254867
0.115928 -0.126413 0.058038 0.148235 0.208794
0.115928 -0.126413 0.058038 0.148235 0.208794
0.139492 -0.173997 0.030544 0.155391 0.323378
0.247859 -0.134716 0.091309 -0.034384 -0.057943
0.247859 -0.134716 0.091309 -0.034384 -0.057943
0.22378 -0.115711 0.050535 -0.202984 -0.155172
0.175941 -0.176611 0.084216 0.093925 0.027211
0.07937 -0.266759 -0.020623 0.206867 0.288478
0.114312 -0.315836 0.014671 0.081915 0.145387
0.164613 -0.226135 0.030461 -0.149078 -0.133468
0.147314 -0.228754 0.001456 0.023092 0.199396
0.148322 -0.24966 -0.016274 -0.152509 0.102632
0.109412 -0.28565 -0.051291 0.039279 0.282405
0.109412 -0.28565 -0.051291 0.039279 0.282405
0.123876 -0.164576 0.009041 0.001937 0.153642
0.161016 -0.176344 -0.052254 -0.629181 -0.187132
0.182852 -0.11661 0.021964 -0.22285 -0.03888
0.171745 -0.190462 0.011785 -0.108235 0.026635
0.171745 -0.190462 0.011785 -0.108235 0.026635
0.211612 -0.175075 0.036017 -0.193848 -0.00997
0.16002 -0.193648 -0.028705 -0.319189 -0.044896
0.233092 -0.087765 0.048888 -0.339623 -0.161939
0.230264 -0.086552 0.029006 -0.275165 -0.050286
0.230264 -0.086552 0.029006 -0.275165 -0.050286
0.175942 -0.127023 0.04242 -0.224497 -0.098576
0.175942 -0.127023 0.04242 -0.224497 -0.098576
0.11227 -0.247339 0.007057 -0.186214 -0.169361
0.218197 -0.048716 0.114573 -0.248119 -0.401541
0.218197 -0.048716 0.114573 -0.248119 -0.401541
0.218197 -0.048716 0.114573 -0.248119 -0.401541
0.218197 -0.048716 0.114573 -0.248119 -0.401541
0.218197 -0.048716 0.114573 -0.248119 -0.401541
0.210294 -0.18267 0.091821 -0.037811 -0.118445
0.3084 -0.10607 0.114589 -0.070503 -0.132823
0.279505 -0.163326 0.047571 -0.259357 -0.083805
0.177077 -0.31669 -0.011363 -0.240696 0.013929
0.154551 -0.182642 0.00669 -0.044066 0.097603
0.154551 -0.182642 0.00669 -0.044066 0.097603
0.154551 -0.182642 0.00669 -0.044066 0.097603
0.231185 -0.101107 0.071167 -0.039187 0.019312
0.26235 -0.090062 0.097331 0.159626 0.120974
0.30317 -0.02346 0.11079 -0.143789 -0.195094
0.238623 -0.092351 0.042438 -0.033504 0.07709
0.142121 -0.185548 -0.043958 -0.070513 0.164217
0.105585 -0.170176 -0.072916 -0.018167 0.312384
0.221997 -0.098612 0.104869 0.118347 0.011447
0.188858 -0.094753 0.087567 0.01596 -0.026327
0.185078 -0.150308 0.057306 0.131192 0.187861
0.114662 -0.414351 -0.09783 -0.17283 0.138178
0.150577 -0.342979 -0.042107 -0.11379 0.148455
0.095056 -0.327479 -0.062727 -0.158851 0.100912
0.095056 -0.327479 -0.062727 -0.158851 0.100912
0.117974 -0.318931 -0.046386 -0.247159 0.006784
0.117974 -0.318931 -0.046386 -0.247159 0.006784
0.201325 -0.17851 0.028591 -0.320283 -0.268595
0.201325 -0.17851 0.028591 -0.320283 -0.268595
0.284103 -0.075681 0.112632 -0.229858 -0.323265
0.247975 -0.124012 0.109863 0.231041 0.07692
0.247975 -0.124012 0.109863 0.231041 0.07692
0.122192 -0.237776 -0.016876 -0.060369 0.078321
0.12822 -0.218957 0.001821 -0.324702 -0.155112
0.12822 -0.218957 0.001821 -0.324702 -0.155112
0.21349 -0.147682 0.076001 -0.171412 -0.202385
0.21349 -0.147682 0.076001 -0.171412 -0.202385
0.172551 -0.199588 0.007275 0.005887 0.128466
0.112599 -0.30267 -0.055999 -0.160456 0.052225
0.142823 -0.19125 -0.022207 -0.276783 -0.056208
0.166992 -0.15932 -0.037268 -0.408246 -0.154399
0.166992 -0.15932 -0.037268 -0.408246 -0.154399
0.166992 -0.15932 -0.037268 -0.408246 -0.154399
0.166992 -0.15932 -0.037268 -0.408246 -0.154399
0.199879 -0.168899 0.026735 -0.275487 -0.159247
0.199879 -0.168899 0.026735 -0.275487 -0.159247
0.230945 -0.091192 0.053508 -0.360818 -0.244857
0.230945 -0.091192 0.053508 -0.360818 -0.244857
0.230945 -0.091192 0.053508 -0.360818 -0.244857
0.230945 -0.091192 0.053508 -0.360818 -0.244857
0.230945 -0.091192 0.053508 -0.360818 -0.244857
0.240177 -0.070473 0.061733 -0.08714 -0.008288
0.240177 -0.070473 0.061733 -0.08714 -0.008288
0.230578 -0.142897 0.042082 0.046642 0.179422
0.230578 -0.142897 0.042082 0.046642 0.179422
0.230578 -0.142897 0.042082 0.046642 0.179422
0.230578 -0.142897 0.042082 0.046642 0.179422
0.218688 -0.192248 0.08895 0.084418 -0.038447
0.207878 -0.215956 0.078691 -0.013474 -0.14745
0.228903 -0.144218 0.052493 0.210047 0.311503
0.237654 -0.136792 0.039501 -0.112364 0.054796
0.223954 -0.078558 0.081161 -0.085907 -0.053096
0.218178 -0.102927 0.095061 0.130957 0.075504
0.130488 -0.220308 0.00254 -0.09665 0.118147
0.253566 -0.066933 0.144682 -0.073794 -0.141595
0.253566 -0.066933 0.144682 -0.073794 -0.141595
0.201302 -0.129828 0.078106 -0.108081 -0.116576
0.226853 -0.133737 0.090298 0.057507 0.048465
0.231887 -0.092076 0.068746 0.105959 0.164736
0.114213 -0.274639 -0.054452 0.022589 0.29259
0.141151 -0.200766 -0.062474 -0.119679 0.132808
0.233748 -0.138835 0.058089 0.153528 0.079418
0.200393 -0.250642 0.022127 0.180987 0.185932
0.127085 -0.277769 -0.004235 0.181347 0.28865
0.127085 -0.277769 -0.004235 0.181347 0.28865
0.127085 -0.277769 -0.004235 0.181347 0.28865
0.127085 -0.277769 -0.004235 0.181347 0.28865
0.127085 -0.277769 -0.004235 0.181347 0.28865
0.075502 -0.328062 -0.001009 0.244478 0.299987
0.197093 -0.061329 0.0771 0.157585 0.314792
0.166254 -0.109654 -0.011123 -0.198709 0.115055
0.184088 -0.134101 -0.019822 -0.394947 -0.093935
0.184088 -0.134101 -0.019822 -0.394947 -0.093935
0.184088 -0.134101 -0.019822 -0.394947 -0.093935
0.184088 -0.134101 -0.019822 -0.394947 -0.093935
0.184422 -0.101586 0.018149 -0.170798 -0.125761
0.184422 -0.101586 0.018149 -0.170798 -0.125761
0.223496 -0.132577 0.022229 -0.102167 -0.074153
0.282912 -0.011604 0.101582 -0.132511 -0.182714
0.286641 0.003676 0.075825 -0.382822 -0.321792
0.195828 -0.11127 0.072183 0.075081 0.110134
0.195828 -0.11127 0.072183 0.075081 0.110134
0.18527 -0.2173 0.052714 0.037198 0.057187
0.214528 -0.077495 0.053374 -0.21944 -0.144503
0.245657 -0.028162 0.031113 -0.414282 -0.245359
0.120063 -0.254134 -0.07907 -0.353794 -0.003754
0.132613 -0.321515 -0.116748 -0.156193 0.348846
0.132613 -0.321515 -0.116748 -0.156193 0.348846
0.213887 -0.22134 -0.007668 -0.192752 0.134423
0.213887 -0.22134 -0.007668 -0.192752 0.134423
0.159804 -0.236426 -0.015634 -0.06628 0.129777
0.215414 -0.195025 0.06513 0.113651 0.155488
0.215414 -0.195025 0.06513 0.113651 0.155488
0.215414 -0.195025 0.06513 0.113651 0.155488
0.242054 -0.16423 0.060736 0.199872 0.335712
0.04612 -0.433545 -0.135821 -0.156057 0.284783
0.213075 -0.05333 0.032537 -0.311069 -0.095978
0.193317 -0.140791 0.051243 -0.127409 -0.211896
0.220285 -0.141504 0.059517 -0.083237 -0.13871
0.156623 -0.150528 0.053322 0.008846 -0.116812
0.156623 -0.150528 0.053322 0.008846 -0.116812
0.116526 -0.262502 0.004586 0.204675 0.135047
0.071784 -0.277447 -0.035725 -0.028694 0.03849
0.078501 -0.230532 -0.018391 -0.068721 -0.070848
0.0372 -0.249393 -0.108721 -0.401851 -0.076572
0.149977 -0.194638 -0.01104 -0.386829 -0.270053
0.149977 -0.194638 -0.01104 -0.386829 -0.270053
0.149977 -0.194638 -0.01104 -0.386829 -0.270053
0.129568 -0.380427 -0.026275 -0.057617 0.048181
0.098961 -0.364798 -0.056033 -0.163328 0.019116
0.110049 -0.342395 -0.089776 -0.505629 -0.171953
0.146201 -0.243798 0.021933 0.177943 0.169727
0.147569 -0.212444 0.034275 0.156118 0.091884
0.230478 -0.190782 0.093549 0.106288 -0.14055
0.147459 -0.266526 -0.038333 -0.126854 0.010907
0.129791 -0.320975 -0.026098 0.030373 0.157773
0.129791 -0.320975 -0.026098 0.030373 0.157773
0.129791 -0.320975 -0.026098 0.030373 0.157773
0.182625 -0.287299 -0.021518 -0.10775 0.119371
0.182625 -0.287299 -0.021518 -0.10775 0.119371
0.182625 -0.287299 -0.021518 -0.10775 0.119371
0.182625 -0.287299 -0.021518 -0.10775 0.119371
0.182625 -0.287299 -0.021518 -0.10775 0.119371
0.182625 -0.287299 -0.021518 -0.10775 0.119371
-0.029466 -0.460734 -0.139417 -0.05045 0.278952
0.024007 -0.344209 -0.045825 0.087644 0.178577
0.024007 -0.344209 -0.045825 0.087644 0.178577
0.024007 -0.344209 -0.045825 0.087644 0.178577
0.082022 -0.264655 -0.029784 0.094736 0.156963
0.082022 -0.264655 -0.029784 0.094736 0.156963
0.176723 -0.188964 0.011161 0.133416 0.220109
0.140065 -0.127468 0.016851 -0.294506 -0.180988
0.140065 -0.127468 0.016851 -0.294506 -0.180988
0.140065 -0.127468 0.016851 -0.294506 -0.180988
0.187801 -0.226667 -0.002874 -0.106531 0.145228
0.187801 -0.226667 -0.002874 -0.106531 0.145228
0.232727 -0.148739 0.036009 -0.260857 -0.079759
0.229833 -0.105991 0.110791 0.050358 -0.128113
0.218985 -0.138975 0.061165 -0.224609 -0.244692
0.162796 -0.226316 0.00493 -0.112458 -0.043621
0.139568 -0.25923 -0.074912 -0.388226 -0.046262
0.269128 -0.095945 0.040937 -0.235554 -0.154981
0.333909 -0.043512 0.11157 -0.08557 -0.081446
0.239132 -0.142067 -0.013167 -0.213255 0.008045
0.301564 -0.136911 0.060395 0.059536 0.177003
0.215105 -0.126392 0.045801 0.060712 0.000683
0.215105 -0.126392 0.045801 0.060712 0.000683
0.215105 -0.126392 0.045801 0.060712 0.000683
0.207264 -0.13349 0.020835 -0.003098 -0.017757
0.14285 -0.18834 -0.04937 0.114856 0.275165
0.168768 -0.128018 -0.067121 -0.196067 0.139384
0.192874 -0.134242 -0.05771 0.007592 0.330502
0.164475 -0.209874 -0.034884 0.106403 0.286886
0.178427 -0.304438 0.027957 0.030328 -0.002195
0.203549 -0.165906 0.073568 0.007687 -0.010994
0.203549 -0.165906 0.073568 0.007687 -0.010994
0.203549 -0.165906 0.073568 0.007687 -0.010994
0.203549 -0.165906 0.073568 0.007687 -0.010994
0.203549 -0.165906 0.073568 0.007687 -0.010994
0.110103 -0.247918 0.006764 0.000232 0.08696
0.193926 -0.173192 0.05449 -0.331514 -0.350092
0.193926 -0.173192 0.05449 -0.331514 -0.350092
0.15076 -0.275531 0.01086 0.057198 0.150916
0.169295 -0.188005 0.024762 -0.030534 -0.051158
0.201978 -0.197863 0.035825 -0.114334 -0.128198
0.295658 -0.059339 0.152549 0.036005 -0.264158
0.295658 -0.059339 0.152549 0.036005 -0.264158
0.151403 -0.204989 0.047534 0.044119 -0.044953
0.160053 -0.188939 0.011818 -0.359705 -0.237938
0.160053 -0.188939 0.011818 -0.359705 -0.237938
0.169386 -0.177818 0.016111 -0.453471 -0.363643
0.169386 -0.177818 0.016111 -0.453471 -0.363643
0.293271 -0.073157 0.163432 -0.004301 -0.108104
0.25027 -0.126066 0.171681 0.098033 -0.144013
0.139604 -0.192499 0.081171 0.066732 -0.149047
0.207012 -0.115453 0.120275 0.175027 -0.115025
0.167727 -0.17713 0.044586 -0.285228 -0.365845
0.167727 -0.17713 0.044586 -0.285228 -0.365845
0.167727 -0.17713 0.044586 -0.285228 -0.365845
0.181869 -0.15868 0.030761 -0.253298 -0.207864
0.126016 -0.227656 -0.045972 -0.475056 -0.169905
0.126016 -0.227656 -0.045972 -0.475056 -0.169905
0.126016 -0.227656 -0.045972 -0.475056 -0.169905
0.117443 -0.254052 -0.064842 -0.503903 -0.110993
0.117443 -0.254052 -0.064842 -0.503903 -0.110993
0.117443 -0.254052 -0.064842 -0.503903 -0.110993
0.140123 -0.279088 -0.072991 -0.246096 0.073193
0.173611 -0.202383 -0.003735 -0.186719 -0.042157
0.219349 -0.208214 0.022945 -0.194137 -0.091849
0.160891 -0.212215 -0.017361 -0.215281 -0.041029
0.160891 -0.212215 -0.017361 -0.215281 -0.041029
0.174442 -0.11724 0.039223 -0.057929 0.088189
0.174442 -0.11724 0.039223 -0.057929 0.088189
0.155556 -0.219848 0.026118 -0.349335 -0.367302
0.155556 -0.219848 0.026118 -0.349335 -0.367302
0.096074 -0.313304 -0.059942 -0.453612 -0.160102
0.050639 -0.310697 -0.001993 -0.158112 -0.103893
0.050639 -0.310697 -0.001993 -0.158112 -0.103893
0.125075 -0.166655 -0.011297 -0.377989 -0.142396
0.228996 -0.003592 0.079104 -0.303014 -0.250362
0.232539 -0.012187 0.09286 0.0362 -0.057345
0.189765 -0.150349 0.066986 -0.031822 -0.125072
0.198475 -0.218333 0.024268 -0.148367 -0.056828
0.246605 -0.166847 0.026392 -0.262926 -0.11378
0.251486 -0.074342 0.072334 0.003455 -0.01308
0.31759 0.016059 0.128676 0.06943 -0.073822
0.31759 0.016059 0.128676 0.06943 -0.073822
0.186838 -0.04169 0.063967 -0.080294 -0.158682
0.254778 -0.015773 0.051266 -0.133193 -0.090108
0.127286 -0.070853 -0.031162 -0.372439 -0.081246
0.164008 -0.028775 0.053956 0.026723 0.031386
0.140589 -0.189474 -0.032139 -0.304722 -0.069913
0.203387 -0.166292 0.016071 -0.194519 -0.056378
0.203387 -0.166292 0.016071 -0.194519 -0.056378
0.22913 -0.17618 0.011021 -0.162871 0.025838
0.216802 -0.169383 0.041787 -0.047462 0.008209
0.191116 -0.159376 0.014765 -0.117276 -0.033564
0.191116 -0.159376 0.014765 -0.117276 -0.033564
0.206892 -0.166214 0.039365 -0.19899 -0.219342
0.206892 -0.166214 0.039365 -0.19899 -0.219342
0.206892 -0.166214 0.039365 -0.19899 -0.219342
0.233118 -0.129541 0.024762 -0.233887 -0.149353
0.166636 -0.205876 -0.007163 -0.268345 -0.190968
0.262027 -0.119671 0.062421 -0.259981 -0.255324
0.262027 -0.119671 0.062421 -0.259981 -0.255324
0.194753 -0.155359 0.012162 -0.364656 -0.295014
0.194753 -0.155359 0.012162 -0.364656 -0.295014
0.108303 -0.33118 -0.105867 -0.10602 0.242212
0.094543 -0.293225 -0.096829 -0.116006 0.199563
0.161368 -0.213274 -0.03414 -0.083741 0.140179
0.161368 -0.213274 -0.03414 -0.083741 0.140179
0.086771 -0.330782 -0.008751 0.113719 0.24676
0.019619 -0.405127 -0.057746 0.137447 0.203935
0.019619 -0.405127 -0.057746 0.137447 0.203935
0.019619 -0.405127 -0.057746 0.137447 0.203935
0.007052 -0.520048 -0.126074 -0.015465 0.165308
-0.050702 -0.573721 -0.147652 0.093308 0.291966
0.052149 -0.456764 -0.067911 0.047173 0.186659
0.134012 -0.306001 -0.014164 -0.049364 0.001696
0.145165 -0.189393 0.048104 -0.031617 -0.117161
0.249087 -0.056666 0.145962 -0.157777 -0.332012
0.144181 -0.245493 0.015875 -0.31158 -0.122484
0.144181 -0.245493 0.015875 -0.31158 -0.122484
0.177137 -0.142816 0.02241 -0.449247 -0.292341
0.177137 -0.142816 0.02241 -0.449247 -0.292341
0.203464 -0.126436 -0.006219 -0.281376 -0.054891
0.203464 -0.126436 -0.006219 -0.281376 -0.054891
0.203464 -0.126436 -0.006219 -0.281376 -0.054891
0.260965 -0.026475 0.107357 -0.031688 -0.08061
0.239613 -0.053144 0.097009 0.027842 -0.006172
0.256489 -0.094445 0.084738 -0.053942 -0.040492
0.206805 -0.161281 0.051887 0.056862 0.103522
0.204778 -0.197441 0.057735 0.091368 0.043899
0.204778 -0.197441 0.057735 0.091368 0.043899
0.204778 -0.197441 0.057735 0.091368 0.043899
0.204778 -0.197441 0.057735 0.091368 0.043899
0.204778 -0.197441 0.057735 0.091368 0.043899
0.265974 -0.089103 0.113269 -0.106416 -0.197341
0.265974 -0.089103 0.113269 -0.106416 -0.197341
0.24441 -0.029606 0.072855 -0.223068 -0.13582
0.14276 -0.237627 -0.083524 -0.434096 -0.065684
0.24207 -0.183102 0.052382 -0.153734 -0.137349
0.191386 -0.102495 0.067485 -0.048299 -0.069475
0.072151 -0.316063 -0.094708 -0.21078 0.180861
0.164903 -0.208485 0.06397 0.004788 -0.114425
0.117459 -0.317882 -0.005344 -0.018278 0.103248
0.161719 -0.222144 0.045208 -0.185468 -0.098994
0.200079 -0.201295 0.046032 -0.036194 0.069698
0.222128 -0.196641 0.096357 0.140243 0.010394
0.185721 -0.140656 0.107919 0.214696 0.003345
0.210292 -0.061805 0.081785 -0.026818 -0.059975
0.227739 -0.113122 0.136049 0.02686 -0.121249
0.227739 -0.113122 0.136049 0.02686 -0.121249
0.171731 -0.126581 0.0515 -0.111554 0.025636
0.052366 -0.180988 -0.051133 -0.045383 0.213552
0.074586 -0.208715 -0.042979 -0.05277 0.183891
0.123009 -0.112853 0.018564 0.102702 0.282503
0.123009 -0.112853 0.018564 0.102702 0.282503
0.136917 -0.12509 0.046431 0.105852 0.068711
0.139472 -0.220021 0.004318 -0.247905 -0.214442
0.139472 -0.220021 0.004318 -0.247905 -0.214442
0.234908 -0.128818 0.033347 -0.31834 -0.315599
0.25991 -0.062881 0.025832 -0.374528 -0.245098
0.25991 -0.062881 0.025832 -0.374528 -0.245098
0.210178 -0.122161 0.031975 -0.37714 -0.329594
0.210178 -0.122161 0.031975 -0.37714 -0.329594
0.210178 -0.122161 0.031975 -0.37714 -0.329594
0.210178 -0.122161 0.031975 -0.37714 -0.329594
0.2578 -0.024085 0.126164 -0.113223 -0.285287
0.2578 -0.024085 0.126164 -0.113223 -0.285287
0.23512 -0.081802 0.131186 0.056807 -0.17847
0.25653 -0.166366 0.094977 0.13316 0.027704
0.099691 -0.341616 -0.066126 -0.172339 0.118536
0.132202 -0.24812 0.002451 -0.26915 -0.197059
0.094612 -0.294058 -0.052545 -0.091705 0.092176
0.106426 -0.271406 -0.035508 -0.098918 0.100957
0.149112 -0.219522 -0.02402 -0.161465 -0.012612
0.140469 -0.213682 -0.052587 -0.230117 0.011734
0.172032 -0.211282 -0.005952 -0.115282 -0.000865
0.10377 -0.336903 -0.058093 -0.109455 0.128278
0.094678 -0.25288 -0.044371 -0.170283 0.10421
0.094678 -0.25288 -0.044371 -0.170283 0.10421
0.118622 -0.203014 -0.010896 0.237586 0.330001
0.162691 -0.082491 0.065052 0.136008 0.077393
0.162691 -0.082491 0.065052 0.136008 0.077393
0.162691 -0.082491 0.065052 0.136008 0.077393
0.258714 -0.004733 0.09517 0.068233 0.095979
0.290408 0.022268 0.08218 -0.240981 -0.105453
0.235541 0.016691 0.100482 0.018365 -0.010979
0.263221 -0.020565 0.067519 0.20168 0.2381
0.208879 -0.090716 -0.005948 -0.189155 0.128307
0.208879 -0.090716 -0.005948 -0.189155 0.128307
0.257729 -0.211325 0.072454 -0.209151 -0.162478
0.206703 -0.315711 -0.002752 -0.215993 -0.077638
0.233956 -0.197672 0.046497 -0.229469 -0.206382
0.233956 -0.197672 0.046497 -0.229469 -0.206382
0.233956 -0.197672 0.046497 -0.229469 -0.206382
0.236126 -0.170911 0.060681 -0.408944 -0.375797
0.166337 -0.175522 0.032399 -0.298621 -0.168495
0.292747 -0.035497 0.05718 -0.429616 -0.137032
0.265118 -0.047868 0.041941 -0.285433 -0.015789
0.10158 -0.226865 -0.061589 -0.206835 0.205709
0.12648 -0.19851 -0.023607 -0.049302 0.123079
0.12648 -0.19851 -0.023607 -0.049302 0.123079
0.194556 -0.132801 0.070046 0.104576 -0.009786
0.194556 -0.132801 0.070046 0.104576 -0.009786
0.194556 -0.132801 0.070046 0.104576 -0.009786
0.245837 -0.043311 0.099243 -0.360029 -0.390649
0.12737 -0.264598 -0.045933 -0.214703 0.038087
0.134211 -0.203559 0.042376 0.223903 0.182853
0.313501 -0.056449 0.218251 0.15157 -0.258555
0.338737 0.044545 0.237334 0.19854 -0.167455
0.266756 -0.082356 0.095476 -0.031678 0.035429
0.200591 -0.100625 0.062892 -0.053138 0.02111
0.212074 -0.135122 0.060974 -0.159693 -0.065548
0.23987 -0.126804 0.067925 -0.160344 -0.10524
0.23987 -0.126804 0.067925 -0.160344 -0.10524
0.234133 -0.114068 0.056614 0.020999 0.079842
0.254092 -0.139863 0.082539 0.034594 -0.033789
0.2241 -0.179005 0.056448 -0.064934 -0.006457
0.146743 -0.181053 0.073691 0.148065 0.064226
0.172423 -0.171507 0.025985 -0.216661 -0.0419
0.172243 -0.189362 0.109102 0.00288 -0.131526
0.212683 -0.189289 0.124418 0.133467 -0.132185
0.177669 -0.276135 0.075197 0.130334 -0.075477
0.169135 -0.199458 0.091091 0.085951 -0.082496
0.180344 -0.184856 0.079332 0.082387 -0.031862
0.240483 -0.090316 0.167056 0.134826 -0.20025
0.240483 -0.090316 0.167056 0.134826 -0.20025
0.109229 -0.104315 0.059155 0.16024 0.049038
0.162328 -0.052301 0.105995 0.2156 0.004087
0.064293 -0.204017 -0.004557 0.241205 0.315567
0.064293 -0.204017 -0.004557 0.241205 0.315567
0.133735 -0.17685 0.003688 0.266342 0.380256
0.211866 -0.107819 0.043518 0.118111 0.164725
0.211866 -0.107819 0.043518 0.118111 0.164725
0.257618 -0.080761 0.075357 0.038962 0.140609
0.14576 -0.153608 -0.034401 -0.194281 0.131633
0.185905 -0.12838 0.018395 -0.221698 -0.061769
0.185905 -0.12838 0.018395 -0.221698 -0.061769
0.17738 -0.104622 0.013783 -0.372084 -0.216599
0.17738 -0.104622 0.013783 -0.372084 -0.216599
0.19495 -0.158022 0.115961 0.124254 -0.228769
0.168788 -0.17435 -0.039092 -0.409245 0.007145
0.168788 -0.17435 -0.039092 -0.409245 0.007145
0.133111 -0.284495 -0.086988 -0.206919 0.220973
0.118271 -0.350098 -0.072984 -0.088116 0.133128
0.152752 -0.311858 -0.034665 -0.008383 0.180345
0.191836 -0.277014 -0.002188 -0.05143 0.152173
0.148544 -0.327137 -0.045533 -0.02178 0.287965
0.099783 -0.333177 -0.043183 -0.102966 0.182347
0.099783 -0.333177 -0.043183 -0.102966 0.182347
0.099783 -0.333177 -0.043183 -0.102966 0.182347
0.099783 -0.333177 -0.043183 -0.102966 0.182347
0.213705 -0.272216 0.019085 -0.213868 -0.056887
0.213705 -0.272216 0.019085 -0.213868 -0.056887
0.196733 -0.240099 -0.015329 -0.394489 -0.217925
0.24689 -0.174208 0.035099 0.012917 0.12041
0.234203 -0.098313 0.110353 0.273314 0.194382
0.234203 -0.098313 0.110353 0.273314 0.194382
0.132036 -0.275482 0.014298 -0.053091 -0.008736
0.111138 -0.214214 -0.029559 -0.267208 -0.057094
0.175206 -0.163828 0.021185 -0.222742 -0.052645
0.222391 -0.042845 0.11972 -0.037764 -0.118095
0.222391 -0.042845 0.11972 -0.037764 -0.118095
0.189848 -0.088222 0.104712 0.124231 -0.022496
0.255077 -0.055399 0.107436 -0.069033 -0.06186
0.237777 -0.154151 0.0756 0.015837 0.047375
0.14878 -0.279286 -0.011533 0.099425 0.27998
0.14878 -0.279286 -0.011533 0.099425 0.27998
0.157198 -0.276453 0.012276 0.106302 0.10703
0.157198 -0.276453 0.012276 0.106302 0.10703
0.202757 -0.231221 0.017396 -0.097844 -0.053189
0.116598 -0.22422 -0.013058 -0.207564 -0.060154
0.116598 -0.22422 -0.013058 -0.207564 -0.060154
0.116598 -0.22422 -0.013058 -0.207564 -0.060154
0.116598 -0.22422 -0.013058 -0.207564 -0.060154
0.011177 -0.313861 -0.147386 -0.185251 0.233211
0.011177 -0.313861 -0.147386 -0.185251 0.233211
0.03123 -0.367049 -0.139213 -0.005349 0.336375
0.178924 -0.240328 -0.002523 -0.110115 -0.058672
0.244824 -0.175638 0.071106 -0.165004 -0.256683
0.289001 -0.189583 0.090696 0.159337 0.061285
0.289001 -0.189583 0.090696 0.159337 0.061285
0.288604 -0.146743 0.092712 -0.088416 -0.184967
0.195387 -0.307676 -0.008406 0.007828 0.114788
0.286272 -0.149764 0.068428 0.008883 -0.018048
0.24425 -0.056736 0.057457 -0.256575 -0.131619
0.24425 -0.056736 0.057457 -0.256575 -0.131619
0.255035 -0.04818 0.089163 -0.107318 -0.142054
0.113844 -0.239404 -0.030435 -0.19117 -0.006639
0.125801 -0.273635 0.01784 -0.12558 -0.102199
0.124582 -0.229112 0.033851 -0.03488 -0.025266
0.098627 -0.23923 0.029835 0.145026 0.140823
0.098627 -0.23923 0.029835 0.145026 0.140823
0.098627 -0.23923 0.029835 0.145026 0.140823
0.098627 -0.23923 0.029835 0.145026 0.140823
0.160727 -0.121717 0.055123 0.02182 0.151021
0.21722 0.010816 0.062404 -0.031955 0.048473
0.27145 0.031778 0.094352 -0.188547 -0.11363
0.27145 0.031778 0.094352 -0.188547 -0.11363
0.27145 0.031778 0.094352 -0.188547 -0.11363
0.168127 -0.172384 0.016913 -0.286883 -0.11664
0.168127 -0.172384 0.016913 -0.286883 -0.11664
0.142955 -0.223176 0.011353 -0.077534 0.089788
0.142955 -0.223176 0.011353 -0.077534 0.089788
0.101745 -0.210282 -0.041408 -0.372972 -0.020278
0.101745 -0.210282 -0.041408 -0.372972 -0.020278
0.153493 -0.259213 -0.061061 -0.18627 0.195962
0.151041 -0.143252 -0.032268 -0.446981 -0.16574
0.195782 -0.126602 -0.014454 -0.388189 -0.080918
0.197485 -0.183278 -0.037711 -0.412767 -0.100652
0.197485 -0.183278 -0.037711 -0.412767 -0.100652
0.197485 -0.183278 -0.037711 -0.412767 -0.100652
0.276337 -0.140899 0.061643 -0.226263 -0.209461
0.276337 -0.140899 0.061643 -0.226263 -0.209461
0.193016 -0.227744 0.012537 -0.026818 0.01356
0.174118 -0.225764 0.031032 0.258875 0.237307
-0.041765 -0.391193 -0.112108 0.048766 0.319116
0.075305 -0.280455 0.039079 0.113478 -0.005662
0.018182 -0.274089 -0.049821 -0.285558 -0.145374
-0.016286 -0.394067 -0.098153 -0.315959 -0.100818
-0.016286 -0.394067 -0.098153 -0.315959 -0.100818
0.110637 -0.278308 -0.021429 -0.028663 0.071515
0.234295 -0.204753 0.013377 -0.221041 -0.090325
0.234295 -0.204753 0.013377 -0.221041 -0.090325
0.16839 -0.174914 0.000951 -0.110664 0.102169
0.26602 -0.00669 0.07844 -0.059749 -0.049396
0.310159 0.017355 0.133256 -0.117446 -0.201531
0.270761 0.009842 0.128884 -0.25023 -0.330638
0.213937 -0.12203 0.048335 -0.256484 -0.115912
0.265531 -0.072048 0.114991 -0.170341 -0.163312
0.272124 -0.039938 0.075964 -0.32609 -0.11518
0.272124 -0.039938 0.075964 -0.32609 -0.11518
0.141457 -0.161558 -0.022854 -0.343642 -0.016965
0.141457 -0.161558 -0.022854 -0.343642 -0.016965
0.141457 -0.161558 -0.022854 -0.343642 -0.016965
0.127923 -0.231607 -0.022836 -0.130491 0.047195
0.092282 -0.282314 -0.020081 -0.039009 0.0331
0.092282 -0.282314 -0.020081 -0.039009 0.0331
0.092282 -0.282314 -0.020081 -0.039009 0.0331
0.109364 -0.288561 0.012124 0.272671 0.349116
0.109364 -0.288561 0.012124 0.272671 0.349116
0.047234 -0.395235 -0.058355 -0.098441 0.09516
0.047234 -0.395235 -0.058355 -0.098441 0.09516
0.125335 -0.305455 -0.034933 -0.217018 -0.059085
0.282054 -0.068208 0.075982 -0.051799 -0.167635
0.265068 -0.100966 0.018021 -0.073389 0.020985
0.236417 -0.173583 0.046482 0.071499 0.074171
0.211067 -0.203809 0.034761 -0.260375 -0.185021
0.274883 -0.170006 0.059731 -0.233911 -0.182519
0.257553 -0.175804 0.09489 -0.008089 -0.087256
0.138323 -0.15887 -0.067073 -0.384769 0.013226
0.172537 -0.076494 0.029475 -0.049164 0.098991
0.172537 -0.076494 0.029475 -0.049164 0.098991
0.194749 -0.073846 -0.000981 -0.238619 0.051962
0.1263 -0.21573 -0.024149 -0.050163 0.197554
0.1263 -0.21573 -0.024149 -0.050163 0.197554
0.1263 -0.21573 -0.024149 -0.050163 0.197554
0.121272 -0.19508 -0.080857 -0.369867 0.038453
0.08577 -0.319336 -0.08717 -0.146093 0.188155
0.084535 -0.257968 -0.053755 -0.02096 0.214782
0.054584 -0.348768 -0.110219 -0.273597 0.197102
0.054584 -0.348768 -0.110219 -0.273597 0.197102
0.159804 -0.27418 0.006725 -0.230405 -0.106395
0.113247 -0.299727 -0.084515 -0.217888 0.12488
0.113247 -0.299727 -0.084515 -0.217888 0.12488
0.113247 -0.299727 -0.084515 -0.217888 0.12488
0.071993 -0.290844 -0.117797 -0.29382 0.111988
0.071993 -0.290844 -0.117797 -0.29382 0.111988
0.071993 -0.290844 -0.117797 -0.29382 0.111988
0.071993 -0.290844 -0.117797 -0.29382 0.111988
0.071993 -0.290844 -0.117797 -0.29382 0.111988
0.071993 -0.290844 -0.117797 -0.29382 0.111988
0.071993 -0.290844 -0.117797 -0.29382 0.111988
0.071993 -0.290844 -0.117797 -0.29382 0.111988
0.093838 -0.250913 -0.066188 -0.158207 0.078707
0.093838 -0.250913 -0.066188 -0.158207 0.078707
0.093838 -0.250913 -0.066188 -0.158207 0.078707
0.132302 -0.215555 -0.062068 -0.270642 0.000942
0.096702 -0.240526 -0.031211 0.115034 0.207064
0.076042 -0.428497 -0.064624 0.063693 0.182755
0.096062 -0.415646 -0.044547 0.1881 0.276498
0.124988 -0.384634 -0.038931 -0.059264 0.145478
0.124988 -0.384634 -0.038931 -0.059264 0.145478
0.064315 -0.443495 -0.088801 -0.036054 0.259378
0.064315 -0.443495 -0.088801 -0.036054 0.259378
0.064315 -0.443495 -0.088801 -0.036054 0.259378
0.064315 -0.443495 -0.088801 -0.036054 0.259378
0.05922 -0.428142 -0.103548 -0.169395 0.19651
-0.033315 -0.448628 -0.141098 -0.340684 0.027094
-0.033315 -0.448628 -0.141098 -0.340684 0.027094
0.04251 -0.390891 -0.161203 -0.491635 0.156388
0.04251 -0.390891 -0.161203 -0.491635 0.156388
0.04251 -0.390891 -0.161203 -0.491635 0.156388
0.04251 -0.390891 -0.161203 -0.491635 0.156388
0.06067 -0.336693 -0.095469 -0.664735 -0.150446
0.06067 -0.336693 -0.095469 -0.664735 -0.150446
0.06067 -0.336693 -0.095469 -0.664735 -0.150446
0.06067 -0.336693 -0.095469 -0.664735 -0.150446
0.014225 -0.315847 -0.134269 -0.196437 0.328315
0.071389 -0.26455 -0.088026 -0.314821 0.022397
0.071389 -0.26455 -0.088026 -0.314821 0.022397
0.03993 -0.351568 -0.111009 -0.250364 0.130456
0.03993 -0.351568 -0.111009 -0.250364 0.130456
0.03993 -0.351568 -0.111009 -0.250364 0.130456
0.139377 -0.259181 -0.000279 -0.059471 0.143728
0.139377 -0.259181 -0.000279 -0.059471 0.143728
0.039176 -0.452007 -0.104949 -0.171711 0.200119
0.120201 -0.36572 -0.043544 0.073618 0.342579
0.120201 -0.36572 -0.043544 0.073618 0.342579
0.237461 -0.133757 0.007994 -0.143718 0.099466
0.174366 -0.10514 -0.057901 -0.232304 0.172159
0.174366 -0.10514 -0.057901 -0.232304 0.172159
0.174366 -0.10514 -0.057901 -0.232304 0.172159
0.174366 -0.10514 -0.057901 -0.232304 0.172159
0.174366 -0.10514 -0.057901 -0.232304 0.172159
0.2024 -0.085445 0.082386 0.066483 -0.05853
0.2024 -0.085445 0.082386 0.066483 -0.05853
0.231241 -0.123113 0.051967 0.016239 0.120057
0.208481 -0.21192 0.035444 -0.006524 0.13372
0.147836 -0.296633 -0.040525 -0.261263 0.043191
0.139842 -0.275604 -0.018957 -0.008349 0.184745
0.182588 -0.309364 0.036667 0.04885 0.013902
0.182588 -0.309364 0.036667 0.04885 0.013902
0.082317 -0.295093 -0.106374 -0.392404 0.076468
0.082317 -0.295093 -0.106374 -0.392404 0.076468
0.082317 -0.295093 -0.106374 -0.392404 0.076468
0.082317 -0.295093 -0.106374 -0.392404 0.076468
0.109033 -0.234055 -0.065196 -0.169437 0.172148
0.122575 -0.217976 -0.078059 -0.403715 -0.025593
0.161012 -0.203783 -0.054741 -0.248635 0.146483
0.27402 -0.084022 0.09975 0.061103 -0.045054
0.208387 -0.182597 0.022609 -0.132405 -0.073054
0.250109 -0.09002 0.041928 -0.37555 -0.260343
0.250109 -0.09002 0.041928 -0.37555 -0.260343
0.188816 -0.160965 0.070866 -0.041282 -0.125763
0.188816 -0.160965 0.070866 -0.041282 -0.125763
0.170954 -0.10848 0.022836 -0.057848 0.060796
0.170954 -0.10848 0.022836 -0.057848 0.060796
0.170954 -0.10848 0.022836 -0.057848 0.060796
0.209257 -0.119773 0.038399 -0.18222 -0.087299
0.213498 -0.011112 0.126001 -0.15211 -0.307001
0.213498 -0.011112 0.126001 -0.15211 -0.307001
0.147651 -0.054371 0.103487 0.151665 0.030109
0.209088 -0.086534 0.050461 -0.033589 0.024166
0.169761 -0.218121 -0.017268 0.153268 0.317132
0.169761 -0.218121 -0.017268 0.153268 0.317132
0.155309 -0.17301 0.058216 0.08926 0.098772
0.127384 -0.265387 -0.006177 -0.103038 0.060751
0.131359 -0.270974 0.017583 0.021808 0.123695
0.131359 -0.270974 0.017583 0.021808 0.123695
0.113903 -0.220193 -0.029251 -0.130487 0.064488
0.113903 -0.220193 -0.029251 -0.130487 0.064488
0.113903 -0.220193 -0.029251 -0.130487 0.064488
0.113903 -0.220193 -0.029251 -0.130487 0.064488
0.212411 -0.144802 0.044273 -0.064038 -0.009511
0.212411 -0.144802 0.044273 -0.064038 -0.009511
0.212411 -0.144802 0.044273 -0.064038 -0.009511
0.212411 -0.144802 0.044273 -0.064038 -0.009511
0.212411 -0.144802 0.044273 -0.064038 -0.009511
0.212411 -0.144802 0.044273 -0.064038 -0.009511
0.212411 -0.144802 0.044273 -0.064038 -0.009511
0.212411 -0.144802 0.044273 -0.064038 -0.009511
0.194589 -0.200901 -0.000355 -0.124621 0.038186
0.229924 -0.196605 0.073857 0.132493 0.083618
0.242266 -0.187079 0.117701 0.179081 -0.047281
0.139214 -0.259625 -0.020868 -0.25203 -0.08778
0.163962 -0.237173 -0.019423 -0.36247 -0.132442
0.163962 -0.237173 -0.019423 -0.36247 -0.132442
0.163962 -0.237173 -0.019423 -0.36247 -0.132442
0.172504 -0.211893 0.023192 0.071643 0.13872
0.209469 -0.128256 0.044432 -0.172634 -0.131444
0.197482 -0.142085 0.060899 -0.177608 -0.219353
0.196786 -0.23107 0.008553 -0.231201 -0.107489
0.196786 -0.23107 0.008553 -0.231201 -0.107489
0.17957 -0.213753 -0.007509 -0.167319 0.007883
0.224039 -0.105057 0.01458 -0.342576 -0.141882
0.193531 -0.09967 0.028784 -0.383088 -0.239834
0.258116 -0.074652 0.058167 -0.012283 0.102531
0.264345 -0.087221 0.04841 -0.069479 -0.003419
0.264345 -0.087221 0.04841 -0.069479 -0.003419
0.122539 -0.233082 -0.106814 -0.048998 0.327245
0.07013 -0.258781 -0.175666 -0.292975 0.242386
0.07013 -0.258781 -0.175666 -0.292975 0.242386
0.181056 -0.134096 0.097018 0.052614 -0.231658
0.181056 -0.134096 0.097018 0.052614 -0.231658
0.097691 -0.208207 -0.032546 -0.282597 -0.137741
0.097691 -0.208207 -0.032546 -0.282597 -0.137741
0.039126 -0.296189 -0.094937 -0.182594 0.176133
0.056774 -0.279516 -0.044936 -0.002356 0.239175
0.056774 -0.279516 -0.044936 -0.002356 0.239175
-0.002646 -0.330217 -0.134564 -0.313378 0.197136
-0.002646 -0.330217 -0.134564 -0.313378 0.197136
-0.002646 -0.330217 -0.134564 -0.313378 0.197136
0.064787 -0.284667 -0.061441 -0.148578 0.193284
0.191861 -0.136448 0.04794 -0.408451 -0.361537
0.191861 -0.136448 0.04794 -0.408451 -0.361537
0.191861 -0.136448 0.04794 -0.408451 -0.361537
0.191861 -0.136448 0.04794 -0.408451 -0.361537
0.164619 -0.15792 -0.005904 -0.290631 -0.054695
0.087379 -0.271447 -0.048845 -0.099424 0.089131
0.260883 -0.101382 0.039771 -0.105993 -0.016584
0.260883 -0.101382 0.039771 -0.105993 -0.016584
0.115475 -0.19398 -0.057763 -0.501375 -0.136106
0.115475 -0.19398 -0.057763 -0.501375 -0.136106
0.159343 -0.064289 0.007082 -0.151439 -0.054023
0.237665 0.016604 0.094598 0.041018 0.049716
0.294553 0.013747 0.168794 -0.024352 -0.218025
0.294553 0.013747 0.168794 -0.024352 -0.218025
0.294553 0.013747 0.168794 -0.024352 -0.218025
0.315968 0.048625 0.185996 -0.148879 -0.312179
0.255273 -0.013887 0.022355 -0.486612 -0.163365
0.291753 -0.090234 0.023996 -0.239384 0.071261
0.197931 -0.084063 -0.013453 -0.346825 -0.097824
0.228636 -0.101883 0.03773 -0.300895 -0.171781
0.275898 -0.138493 0.043255 -0.217825 -0.052739
0.110378 -0.2643 -0.042823 -0.082788 0.035629
0.209168 -0.129694 0.022243 -0.118124 -0.069796
0.209168 -0.129694 0.022243 -0.118124 -0.069796
0.212515 -0.096699 0.00685 -0.328136 -0.077286
0.294955 -0.067019 0.140477 0.063693 -0.067494
0.317972 -0.051161 0.172533 0.160408 -0.119763
0.302231 0.026134 0.102747 -0.433503 -0.393293
0.278617 0.035901 0.118109 -0.186838 -0.29806
0.278617 0.035901 0.118109 -0.186838 -0.29806
0.278617 0.035901 0.118109 -0.186838 -0.29806
0.278617 0.035901 0.118109 -0.186838 -0.29806
0.278617 0.035901 0.118109 -0.186838 -0.29806
0.212944 -0.136983 0.076972 0.06915 -0.048486
0.212944 -0.136983 0.076972 0.06915 -0.048486
0.178982 -0.114041 0.061863 0.061974 -0.085947
0.178982 -0.114041 0.061863 0.061974 -0.085947
0.261024 -0.076278 0.103822 0.063129 -0.16546
0.256649 -0.156333 0.046136 -0.199194 -0.102592
0.256649 -0.156333 0.046136 -0.199194 -0.102592
0.256649 -0.156333 0.046136 -0.199194 -0.102592
0.202698 -0.091207 0.071628 -0.297314 -0.258794
0.23485 -0.190022 0.029475 -0.132786 0.02365
0.23485 -0.190022 0.029475 -0.132786 0.02365
0.206668 -0.15755 0.03563 0.015706 0.177343
0.262657 -0.087698 0.162571 0.021385 -0.230999
0.212092 -0.113973 0.120172 0.122581 0.01176
0.212092 -0.113973 0.120172 0.122581 0.01176
0.115051 -0.225399 -0.010392 0.072132 0.191745
0.173963 -0.210923 -0.040093 -0.251898 0.110399
0.173963 -0.210923 -0.040093 -0.251898 0.110399
0.173963 -0.210923 -0.040093 -0.251898 0.110399
0.133094 -0.260715 -0.033496 -0.25248 -0.058797
0.165725 -0.225738 0.031785 -0.040135 -0.062385
0.165725 -0.225738 0.031785 -0.040135 -0.062385
0.133593 -0.220659 0.004436 0.199351 0.203189
0.1788 -0.165307 0.068869 0.128989 -0.006561
0.094368 -0.226585 0.038774 0.168738 0.077006
0.008039 -0.452131 -0.133977 -0.032486 0.348115
0.008039 -0.452131 -0.133977 -0.032486 0.348115
0.216832 -0.102475 0.06961 -0.209971 -0.305115
0.227444 -0.164073 0.070473 0.030569 -0.026644
0.231271 -0.109209 0.070819 -0.099072 -0.09153
0.254252 -0.059379 0.107054 -0.03323 -0.042409
0.254252 -0.059379 0.107054 -0.03323 -0.042409
0.267725 -0.077186 0.097479 0.03864 0.07172
0.213471 -0.074986 0.077598 -0.024232 -0.129902
0.213471 -0.074986 0.077598 -0.024232 -0.129902
0.213471 -0.074986 0.077598 -0.024232 -0.129902
0.034818 -0.261153 -0.074384 -0.123444 0.108259
0.052219 -0.261621 -0.052984 -0.103528 0.086155
0.052219 -0.261621 -0.052984 -0.103528 0.086155
0.128954 -0.196881 0.056875 0.098893 0.011722
0.286909 -0.049404 0.145527 -0.039088 -0.180621
0.238344 -0.163694 0.049641 -0.138405 -0.085518
0.131732 -0.273451 -0.026299 -0.207228 -0.012071
0.16419 -0.205612 -0.000797 -0.255762 -0.151807
0.173368 -0.211635 -0.023776 -0.186268 0.063216
0.203054 -0.144057 0.048372 0.004533 -0.022591
0.120328 -0.232185 -0.017584 0.053801 0.072328
0.231406 -0.058322 0.068761 -0.08517 -0.110039
0.231406 -0.058322 0.068761 -0.08517 -0.110039
0.231406 -0.058322 0.068761 -0.08517 -0.110039
0.228277 -0.076644 0.036099 -0.129301 -0.020937
0.247397 -0.105883 0.057826 -0.320004 -0.214155
0.247397 -0.105883 0.057826 -0.320004 -0.214155
0.238579 -0.138667 0.009603 -0.346828 -0.118995
0.238579 -0.138667 0.009603 -0.346828 -0.118995
0.238579 -0.138667 0.009603 -0.346828 -0.118995
0.238579 -0.138667 0.009603 -0.346828 -0.118995
0.263108 -0.073861 0.078571 -0.122728 -0.137179
0.254826 -0.02805 0.10909 -0.087124 -0.227969
0.254826 -0.02805 0.10909 -0.087124 -0.227969
0.254826 -0.02805 0.10909 -0.087124 -0.227969
0.171895 -0.174834 0.119106 0.219862 -0.059867
0.151498 -0.143669 0.107687 0.293016 0.102116
0.151498 -0.143669 0.107687 0.293016 0.102116
0.201974 -0.074971 0.060537 -0.035347 0.088851
0.13976 -0.120388 -0.038142 -0.427294 -0.215078
0.259847 -0.041697 0.054092 -0.200011 -0.011168
0.250681 0.022207 0.080383 -0.256485 -0.155136
0.250681 0.022207 0.080383 -0.256485 -0.155136
0.250681 0.022207 0.080383 -0.256485 -0.155136
0.250681 0.022207 0.080383 -0.256485 -0.155136
0.184242 -0.168331 0.046057 -0.05858 0.050072
0.115367 -0.313588 -0.055641 -0.022925 0.209658
0.115367 -0.313588 -0.055641 -0.022925 0.209658
0.14864 -0.36023 -0.075909 -0.040226 0.268167
0.14864 -0.36023 -0.075909 -0.040226 0.268167
0.14864 -0.36023 -0.075909 -0.040226 0.268167
0.164174 -0.221833 -0.03751 -0.159691 0.136393
0.203545 -0.205648 -0.024481 -0.24096 0.037537
0.203545 -0.205648 -0.024481 -0.24096 0.037537
0.203545 -0.205648 -0.024481 -0.24096 0.037537
0.250167 -0.077909 0.016893 -0.248104 -0.020969
0.17788 -0.170155 0.011284 0.10003 0.179366
0.226006 -0.138566 -0.013378 -0.18255 0.090578
0.273338 -0.096632 0.03673 -0.112332 0.012662
0.239285 -0.162579 0.028505 -0.07498 0.046718
0.222669 -0.222341 0.029661 -0.060714 0.046639
0.186365 -0.179157 0.057903 0.020278 0.001655
0.182538 -0.158782 0.008447 -0.14327 0.086026
0.093452 -0.266092 -0.059654 -0.409672 -0.071479
0.093452 -0.266092 -0.059654 -0.409672 -0.071479
-0.03149 -0.372615 -0.162314 -0.696572 -0.11604
-0.03149 -0.372615 -0.162314 -0.696572 -0.11604
-0.027673 -0.443696 -0.160515 -0.560599 0.007619
-0.027673 -0.443696 -0.160515 -0.560599 0.007619
-0.027673 -0.443696 -0.160515 -0.560599 0.007619
0.018905 -0.427073 -0.061311 -0.126413 -0.024217
0.115751 -0.27223 0.046503 -0.063795 -0.208594
0.226516 -0.190196 0.097457 0.079307 -0.146061
0.236098 -0.144053 0.0283 -0.197937 -0.135501
0.236098 -0.144053 0.0283 -0.197937 -0.135501
0.245713 -0.042809 0.075341 -0.404346 -0.437279
0.245713 -0.042809 0.075341 -0.404346 -0.437279
0.245713 -0.042809 0.075341 -0.404346 -0.437279
0.245713 -0.042809 0.075341 -0.404346 -0.437279
0.245713 -0.042809 0.075341 -0.404346 -0.437279
0.154815 -0.251453 -0.027531 -0.168577 -0.023732
0.094876 -0.302066 -0.090216 -0.166328 0.094226
0.094876 -0.302066 -0.090216 -0.166328 0.094226
0.177436 -0.210708 0.00209 0.039482 0.163811
0.137045 -0.293002 -0.074314 -0.300458 -0.124723
0.154355 -0.117505 -0.000441 -0.277416 -0.190041
0.135073 -0.160852 -0.028092 -0.140176 -0.016184
0.10484 -0.191922 -0.061124 -0.316758 -0.069661
0.10484 -0.191922 -0.061124 -0.316758 -0.069661
0.083775 -0.388248 -0.116843 -0.101644 0.346556
0.215115 -0.241484 0.050244 0.199588 0.286785
0.216445 -0.13289 0.109793 0.230236 0.108886
0.167364 -0.208945 0.061454 0.297673 0.260814
0.161376 -0.152122 -0.02598 0.10329 0.311501
0.161376 -0.152122 -0.02598 0.10329 0.311501
0.161376 -0.152122 -0.02598 0.10329 0.311501
0.134157 -0.190229 -0.044283 0.132496 0.323972
0.036967 -0.327842 -0.144115 -0.197292 0.202244
0.201849 -0.305074 -0.025489 -0.28221 -0.113043
0.201849 -0.305074 -0.025489 -0.28221 -0.113043
0.239371 -0.153598 0.088183 -0.01163 -0.026503
0.22821 -0.048847 0.142943 0.0597 -0.127353
0.22821 -0.048847 0.142943 0.0597 -0.127353
0.270422 -0.004458 0.194296 0.042846 -0.260447
0.298234 -0.083809 0.190457 0.329408 0.003035
0.256369 -0.049419 0.173969 0.330964 0.045873
0.256369 -0.049419 0.173969 0.330964 0.045873
0.102518 -0.250398 -0.004491 -0.161427 -0.128854
0.201879 -0.222602 0.046791 0.092963 0.166782
0.201879 -0.222602 0.046791 0.092963 0.166782
0.159146 -0.281247 0.007213 0.068524 0.181982
0.159146 -0.281247 0.007213 0.068524 0.181982
0.152112 -0.255382 -0.053098 -0.02579 0.299631
0.152112 -0.255382 -0.053098 -0.02579 0.299631
0.16187 -0.239363 -0.063209 -0.286869 0.129681
0.172191 -0.170176 -0.018979 -0.055326 0.094709
0.172191 -0.170176 -0.018979 -0.055326 0.094709
0.142894 -0.269421 -0.072246 -0.137767 0.236514
0.142894 -0.269421 -0.072246 -0.137767 0.236514
0.186949 -0.192452 -0.03482 -0.447103 -0.153941
0.186949 -0.192452 -0.03482 -0.447103 -0.153941
0.186949 -0.192452 -0.03482 -0.447103 -0.153941
0.186949 -0.192452 -0.03482 -0.447103 -0.153941
0.186949 -0.192452 -0.03482 -0.447103 -0.153941
0.186949 -0.192452 -0.03482 -0.447103 -0.153941
0.186949 -0.192452 -0.03482 -0.447103 -0.153941
0.186949 -0.192452 -0.03482 -0.447103 -0.153941
0.186949 -0.192452 -0.03482 -0.447103 -0.153941
0.186949 -0.192452 -0.03482 -0.447103 -0.153941
0.223108 -0.135766 -0.021079 -0.250083 0.114651
0.223108 -0.135766 -0.021079 -0.250083 0.114651
0.075705 -0.191178 -0.04472 -0.224277 0.114725
0.14887 -0.176689 -0.001696 -0.219669 -0.00044
0.212278 -0.233073 0.007289 -0.254807 0.042931
0.193415 -0.210742 -0.004446 -0.243625 0.039939
0.193415 -0.210742 -0.004446 -0.243625 0.039939
0.166433 -0.274452 -0.036579 -0.311766 0.05506
0.09483 -0.323545 -0.113815 -0.471898 0.025525
0.110686 -0.238972 -0.126094 -0.449217 0.152286
0.110686 -0.238972 -0.126094 -0.449217 0.152286
0.110686 -0.238972 -0.126094 -0.449217 0.152286
0.110686 -0.238972 -0.126094 -0.449217 0.152286
0.110686 -0.238972 -0.126094 -0.449217 0.152286
0.110686 -0.238972 -0.126094 -0.449217 0.152286
0.110686 -0.238972 -0.126094 -0.449217 0.152286
0.113636 -0.194003 -0.038586 0.042614 0.245014
0.156166 -0.096363 -0.044401 -0.24682 0.066092
0.156166 -0.096363 -0.044401 -0.24682 0.066092
0.178453 -0.031799 0.022713 -0.088937 -0.009977
0.154875 -0.049764 0.045491 0.052857 0.065174
0.147825 -0.105388 0.101202 0.278154 0.062423
0.104227 -0.27187 0.063008 0.173254 0.126296
0.014691 -0.282612 -0.004745 0.045782 -0.027695
-0.033618 -0.401536 -0.157009 -0.40067 0.009052
-0.033618 -0.401536 -0.157009 -0.40067 0.009052
-0.109258 -0.462008 -0.160544 -0.103368 0.228864
-0.080133 -0.437815 -0.132381 -0.165209 0.110693
0.125076 -0.1699 0.012633 0.127588 0.309858
0.125076 -0.1699 0.012633 0.127588 0.309858
0.172797 -0.182572 -0.018437 -0.307724 0.019327
0.141436 -0.23889 0.001264 -0.267445 -0.100815
0.232713 -0.131593 0.036011 -0.242921 -0.140053
0.232713 -0.131593 0.036011 -0.242921 -0.140053
0.211445 -0.224498 -0.018993 -0.214416 0.026729
0.246316 -0.058104 0.019863 -0.379583 -0.223997
0.176361 -0.136983 -0.054108 -0.615626 -0.171466
0.169825 -0.25564 -0.063074 -0.392453 -0.064557
0.169825 -0.25564 -0.063074 -0.392453 -0.064557
0.167869 -0.248468 -0.028934 -0.243192 -0.085255
0.116273 -0.239684 -0.099982 -0.375453 0.087928
0.184865 -0.145237 0.004997 -0.115333 -0.001395
0.184865 -0.145237 0.004997 -0.115333 -0.001395
0.184865 -0.145237 0.004997 -0.115333 -0.001395
0.184865 -0.145237 0.004997 -0.115333 -0.001395
0.213435 -0.163835 0.040995 0.007895 0.025492
0.177047 -0.24524 0.013847 -0.281707 -0.174577
0.181321 -0.198301 0.005691 -0.21386 -0.077677
0.049196 -0.349096 -0.07691 -0.272684 -0.019673
0.12812 -0.274125 -0.003522 -0.138267 -0.061031
0.147791 -0.295368 0.027456 -0.098604 -0.066774
0.181368 -0.276762 0.064185 0.146051 0.038937
0.105543 -0.334101 -0.07133 -0.098313 0.197211
0.105543 -0.334101 -0.07133 -0.098313 0.197211
0.199238 -0.227607 0.035578 0.134795 0.184301
0.122224 -0.241575 -0.043322 -0.186782 0.030603
0.122224 -0.241575 -0.043322 -0.186782 0.030603
0.122224 -0.241575 -0.043322 -0.186782 0.030603
0.173927 -0.134757 0.087596 -0.122589 -0.347382
0.171293 -0.099741 0.04509 -0.225237 -0.212465
0.270498 -0.032165 0.112326 -0.009528 -0.04863
0.243104 -0.123475 0.05004 -0.137278 -0.020343
0.222542 -0.097947 0.028066 -0.13805 0.018174
0.255559 -0.092449 0.093628 -0.101971 -0.129943
0.203553 -0.186904 0.051675 -0.087946 -0.078245
0.203553 -0.186904 0.051675 -0.087946 -0.078245
0.252694 -0.090416 0.097795 0.161501 0.070158
0.298637 -0.122571 0.119776 -0.143101 -0.250699
0.140056 -0.279102 -0.079812 -0.331538 -0.00221
0.077161 -0.302982 -0.090912 -0.282563 0.099165
0.077161 -0.302982 -0.090912 -0.282563 0.099165
0.071081 -0.452872 -0.063757 -0.110943 0.054415
0.236773 -0.202048 0.069978 -0.229399 -0.167898
0.133987 -0.186625 -0.000176 -0.131796 0.010454
0.244464 -0.056256 0.050744 -0.381314 -0.340511
0.212229 -0.055877 0.043718 -0.153109 -0.171662
0.217147 -0.076965 0.027697 -0.383926 -0.300541
0.217147 -0.076965 0.027697 -0.383926 -0.300541
0.217147 -0.076965 0.027697 -0.383926 -0.300541
0.217147 -0.076965 0.027697 -0.383926 -0.300541
0.208765 -0.08333 0.080766 0.181185 0.153155
0.208765 -0.08333 0.080766 0.181185 0.153155
0.208765 -0.08333 0.080766 0.181185 0.153155
0.208765 -0.08333 0.080766 0.181185 0.153155
0.183585 -0.171921 0.021035 0.048218 0.127072
0.183585 -0.171921 0.021035 0.048218 0.127072
0.141858 -0.183897 0.001029 -0.035038 0.087477
0.271675 -0.035438 0.119551 0.034329 -0.028401
0.271675 -0.035438 0.119551 0.034329 -0.028401
0.078329 -0.290301 -0.060365 -0.405448 -0.052996
0.097192 -0.323809 0.01146 -0.127031 -0.074412
0.028423 -0.393853 -0.157505 -0.126452 0.381089
0.112036 -0.281367 -0.036313 -0.042525 0.172106
0.097443 -0.304788 -0.029323 -0.165287 0.051655
0.27647 -0.040565 0.118562 0.050702 -0.069346
0.322231 0.047554 0.195001 0.105048 -0.127729
0.241972 -0.037343 0.14713 -0.036385 -0.228352
0.241972 -0.037343 0.14713 -0.036385 -0.228352
-0.027502 -0.44642 -0.102103 -0.153948 0.207757
-0.027502 -0.44642 -0.102103 -0.153948 0.207757
0.027423 -0.369036 -0.058381 -0.122052 0.116351
-0.031672 -0.49322 -0.172258 -0.341206 0.182385
-0.031672 -0.49322 -0.172258 -0.341206 0.182385
0.045378 -0.403958 -0.081379 0.050519 0.347714
0.161596 -0.284256 -0.028926 -0.09124 0.078824
0.273632 -0.088165 0.099958 -0.029977 -0.080713
0.239738 -0.163486 0.105528 0.264055 0.111614
0.176999 -0.214808 0.021388 0.035995 0.14371
0.250209 -0.040593 0.050007 -0.368714 -0.17323
0.258793 0.025207 0.121811 -0.113188 -0.118117
0.147713 -0.171296 0.047071 0.174697 0.201618
0.19684 -0.235754 0.001138 -0.277677 -0.086786
0.19684 -0.235754 0.001138 -0.277677 -0.086786
0.214458 -0.228313 0.043042 -0.056281 -0.061665
0.16365 -0.350535 -0.064083 -0.176084 0.049072
0.14803 -0.311243 -0.111829 -0.152972 0.265268
0.14803 -0.311243 -0.111829 -0.152972 0.265268
0.131141 -0.33703 -0.118055 -0.260258 0.233066
0.12796 -0.366185 -0.071713 -0.152514 0.146633
0.12796 -0.366185 -0.071713 -0.152514 0.146633
0.222216 -0.166122 0.014292 -0.396244 -0.221171
0.209242 -0.204643 -0.004776 -0.376998 -0.145773
0.1187 -0.230686 -0.092569 -0.412163 0.044962
0.1187 -0.230686 -0.092569 -0.412163 0.044962
0.1187 -0.230686 -0.092569 -0.412163 0.044962
0.153474 -0.245511 -0.027712 -0.215403 0.011206
0.101036 -0.370989 -0.044185 0.029655 0.162395
0.064499 -0.301702 -0.010272 0.190102 0.274283
0.008438 -0.365225 -0.050053 0.15463 0.280905
0.059649 -0.357043 -0.019765 0.104178 0.158315
0.106609 -0.311347 0.03674 0.263136 0.154413
0.091135 -0.312366 0.030164 0.241088 0.180851
0.10073 -0.341858 -0.074434 0.019645 0.210811
0.10073 -0.341858 -0.074434 0.019645 0.210811
0.138439 -0.237664 0.015431 -0.122422 -0.152409
0.134591 -0.239062 -0.001344 -0.148992 -0.099365
0.037904 -0.27452 -0.043451 -0.062088 0.046707
0.079929 -0.28997 -0.059016 -0.059928 0.211878
0.093485 -0.291553 -0.054128 -0.092323 0.187472
0.141782 -0.236755 0.040681 0.396159 0.300858
0.141782 -0.236755 0.040681 0.396159 0.300858
0.141782 -0.236755 0.040681 0.396159 0.300858
0.222389 -0.096826 0.052766 0.040002 0.173272
0.227297 -0.164142 0.047816 0.135788 0.27383
0.272871 -0.092336 0.135408 0.267214 0.082465
0.192858 -0.183295 0.099599 0.192955 0.048369
0.134167 -0.120236 0.058743 0.121584 0.096529
0.159447 -0.144072 0.057126 0.11255 0.057253
0.159447 -0.144072 0.057126 0.11255 0.057253
0.159447 -0.144072 0.057126 0.11255 0.057253
0.159447 -0.144072 0.057126 0.11255 0.057253
0.271349 -0.085366 0.171265 0.269967 -0.203847
0.3153 0.003948 0.155687 -0.323704 -0.595468
0.3153 0.003948 0.155687 -0.323704 -0.595468
0.3153 0.003948 0.155687 -0.323704 -0.595468
0.250825 -0.135292 0.076793 -0.214419 -0.299458
0.12867 -0.20177 -0.000898 -0.259017 -0.162432
0.12867 -0.20177 -0.000898 -0.259017 -0.162432
0.12867 -0.20177 -0.000898 -0.259017 -0.162432
0.12867 -0.20177 -0.000898 -0.259017 -0.162432
0.157249 -0.210571 -0.024267 -0.136899 0.053105
0.140583 -0.195168 -0.028438 -0.158232 0.058438
0.140583 -0.195168 -0.028438 -0.158232 0.058438
0.140583 -0.195168 -0.028438 -0.158232 0.058438
0.18458 -0.128675 0.010181 -0.172936 0.029402
0.197676 -0.065284 0.046234 -0.248425 -0.127927
0.090711 -0.183501 -0.006471 -0.030773 0.143242
0.090711 -0.183501 -0.006471 -0.030773 0.143242
0.090711 -0.183501 -0.006471 -0.030773 0.143242
0.087434 -0.230962 -0.011409 -0.021646 0.15607
0.140493 -0.250651 0.031295 0.061332 0.140537
0.119857 -0.300109 -0.007051 -0.198865 -0.147603
0.119857 -0.300109 -0.007051 -0.198865 -0.147603
0.182314 -0.25187 -0.007718 -0.27888 -0.02665
0.146765 -0.175863 -0.003516 -0.213672 -0.013541
0.146765 -0.175863 -0.003516 -0.213672 -0.013541
0.044533 -0.345234 -0.08102 -0.152869 0.061014
0.078602 -0.265848 -0.062248 -0.183645 0.114488
0.169611 -0.228594 0.031865 0.405285 0.521042
0.169611 -0.228594 0.031865 0.405285 0.521042
0.169611 -0.228594 0.031865 0.405285 0.521042
0.169611 -0.228594 0.031865 0.405285 0.521042
0.169611 -0.228594 0.031865 0.405285 0.521042
0.128829 -0.201851 -0.010276 0.260459 0.46876
0.128829 -0.201851 -0.010276 0.260459 0.46876
0.121956 -0.292667 -0.062854 0.097461 0.431996
0.036167 -0.365848 -0.084125 -0.056059 0.256395
0.036167 -0.365848 -0.084125 -0.056059 0.256395
0.036167 -0.365848 -0.084125 -0.056059 0.256395
0.036167 -0.365848 -0.084125 -0.056059 0.256395
0.036167 -0.365848 -0.084125 -0.056059 0.256395
0.052806 -0.387142 -0.079427 0.00493 0.205335
0.167388 -0.131977 0.057422 0.003352 -0.057581
0.167388 -0.131977 0.057422 0.003352 -0.057581
0.175324 -0.191934 0.034565 -0.251021 -0.015451
0.065717 -0.316071 -0.036846 -0.195929 -0.03398
0.068745 -0.406498 -0.055298 0.132426 0.151016
0.053224 -0.412884 -0.059566 0.195564 0.262834
0.113788 -0.305491 -0.014932 0.077728 0.095917
0.045897 -0.358182 -0.065131 -0.020392 0.114716
0.101064 -0.179127 0.00133 -0.166406 -0.107854
0.110243 -0.271896 -0.021529 -0.173976 -0.040114
0.156671 -0.200932 0.017492 -0.109301 -0.039935
0.156671 -0.200932 0.017492 -0.109301 -0.039935
0.124386 -0.282562 0.058475 -0.015558 -0.176076
0.100819 -0.326039 0.02232 -0.052187 -0.058596
0.157902 -0.270577 -0.040183 -0.191841 0.130041
0.230448 -0.215032 0.057092 -0.29475 -0.226613
0.082703 -0.366709 -0.040901 -0.11878 0.026034
0.082703 -0.366709 -0.040901 -0.11878 0.026034
0.082703 -0.366709 -0.040901 -0.11878 0.026034
0.082703 -0.366709 -0.040901 -0.11878 0.026034
0.169383 -0.286049 -0.049266 -0.353525 -0.022948
0.169383 -0.286049 -0.049266 -0.353525 -0.022948
0.217867 -0.277792 -0.024803 -0.116455 0.169507
0.141395 -0.461973 -0.096199 0.133662 0.487028
0.141395 -0.461973 -0.096199 0.133662 0.487028
0.141395 -0.461973 -0.096199 0.133662 0.487028
0.141395 -0.461973 -0.096199 0.133662 0.487028
0.229176 -0.290213 -0.0787 -0.076964 0.364702
0.229176 -0.290213 -0.0787 -0.076964 0.364702
0.260014 -0.190109 -0.034539 -0.089933 0.25118
0.199873 -0.340297 -0.093703 -0.114541 0.2843
0.20265 -0.330947 -0.048277 -0.149029 0.232461
0.085045 -0.384328 -0.134588 -0.107707 0.375142
0.143892 -0.296297 -0.056195 -0.030632 0.184124
0.276589 -0.158117 0.081487 -0.230329 -0.234181
0.307705 -0.083664 0.106033 -0.157394 -0.165429
0.272461 -0.083956 0.087972 -0.046336 0.063242
0.184906 -0.180814 0.042768 0.003631 0.181986
0.161643 -0.296983 0.005043 0.176432 0.376863
0.161643 -0.296983 0.005043 0.176432 0.376863
0.121673 -0.296854 -0.099156 -0.103977 0.343748
0.235169 -0.22486 -0.009445 -0.113884 0.121542
0.218734 -0.120633 0.06492 -0.280211 -0.32464
0.218734 -0.120633 0.06492 -0.280211 -0.32464
0.218734 -0.120633 0.06492 -0.280211 -0.32464
0.245399 -0.159949 0.074174 -0.03757 -0.075258
0.245399 -0.159949 0.074174 -0.03757 -0.075258
0.198143 -0.195215 0.067257 -0.019018 -0.080063
0.184379 -0.233308 0.085278 0.155706 0.066803
0.184379 -0.233308 0.085278 0.155706 0.066803
0.255053 -0.082161 0.073086 -0.092941 -0.185368
0.255053 -0.082161 0.073086 -0.092941 -0.185368
0.209164 -0.216515 0.042166 -0.155733 -0.154558
0.209164 -0.216515 0.042166 -0.155733 -0.154558
0.209164 -0.216515 0.042166 -0.155733 -0.154558
0.209164 -0.216515 0.042166 -0.155733 -0.154558
0.167424 -0.249878 -0.025785 0.056353 0.218463
0.167424 -0.249878 -0.025785 0.056353 0.218463
0.167424 -0.249878 -0.025785 0.056353 0.218463
0.167424 -0.249878 -0.025785 0.056353 0.218463
0.167424 -0.249878 -0.025785 0.056353 0.218463
0.167424 -0.249878 -0.025785 0.056353 0.218463
0.167424 -0.249878 -0.025785 0.056353 0.218463
0.113994 -0.24431 0.002585 0.017993 0.027739
0.056682 -0.256317 -0.03403 0.128468 0.251181
0.184474 -0.193576 0.042685 0.15618 0.090081
0.184474 -0.193576 0.042685 0.15618 0.090081
0.185917 -0.143622 0.061426 -0.163998 -0.094016
0.185917 -0.143622 0.061426 -0.163998 -0.094016
0.185917 -0.143622 0.061426 -0.163998 -0.094016
0.252663 -0.112159 0.110811 -0.110974 -0.109304
0.202571 -0.214343 0.06677 0.015887 -0.031822
0.148494 -0.277579 -0.025324 -0.007188 0.188011
0.15755 -0.268253 -0.003052 0.313766 0.511565
0.15755 -0.268253 -0.003052 0.313766 0.511565
0.15755 -0.268253 -0.003052 0.313766 0.511565
0.190242 -0.234534 0.050178 0.354163 0.338987
0.190242 -0.234534 0.050178 0.354163 0.338987
0.207371 -0.142632 0.036321 0.096182 0.255735
0.207371 -0.142632 0.036321 0.096182 0.255735
0.298412 -0.051867 0.130747 0.124202 0.043386
0.310402 -0.004263 0.164444 0.196694 0.021999
0.26851 -0.049382 0.141982 0.251178 0.118134
0.273103 -0.032826 0.133723 0.119809 0.000422
0.280329 -0.077186 0.084694 0.19782 0.200663
0.281534 -0.006152 0.087982 -0.004823 0.01933
