-3963.208
-1411.597
-1410.539
-1410.539
-1410.539
-1410.539
-1410.565
-1410.565
-1410.565
-1410.565
-1410.565
-1410.565
-1410.565
-1410.565
-1410.565
-1410.565
-1410.565
-1410.565
-1410.565
-1410.565
-1410.565
-1410.565
-1410.565
-1410.565
-1410.565
-1410.975
-1410.975
-1411.689
-1411.689
-1411.689
-1411.689
-1411.689
-1411.689
-1411.689
-1411.689
-1411.689
-1411.689
-1411.689
-1411.689
-1411.689
-1411.689
-1411.689
-1411.689
-1411.689
-1411.689
-1411.689
-1411.689
-1411.689
-1411.689
-1411.689
-1411.689
-1411.689
-1411.689
-1411.689
-1411.689
-1411.689
-1411.689
-1411.689
-1411.689
-1411.689
-1411.689
-1411.689
-1411.689
-1411.689
-1411.689
-1411.689
-1411.689
-1411.689
-1411.689
-1411.689
-1411.689
-1411.689
-1411.689
-1411.193
-1411.193
-1411.193
-1411.193
-1411.193
-1411.246
-1411.246
-1410.524
-1410.524
-1410.524
-1410.524
-1410.524
-1410.524
-1410.524
-1410.524
-1410.524
-1410.524
-1410.524
-1410.524
-1410.524
-1412.079
-1412.079
-1412.079
-1412.079
-1412.079
-1412.079
-1412.95
-1412.95
-1412.95
-1412.95
-1412.95
-1411.607
-1411.607
-1411.607
-1411.607
-1411.607
-1410.573
-1410.573
-1410.359
-1410.359
-1410.359
-1410.359
-1410.359
-1410.359
-1410.359
-1410.359
-1410.359
-1410.359
-1410.983
-1410.983
-1410.983
-1410.983
-1410.983
-1410.983
-1410.983
-1410.983
-1410.983
-1410.983
-1410.983
-1410.983
-1410.983
-1410.983
-1410.983
-1410.983
-1410.983
-1410.983
-1410.983
-1410.983
-1410.482
-1410.482
-1410.482
-1410.482
-1410.482
-1410.482
-1410.482
-1410.482
-1410.482
-1410.482
-1410.482
-1410.482
-1410.482
-1410.482
-1410.482
-1410.482
-1410.482
-1410.482
-1411.789
-1411.789
-1411.789
-1411.789
-1411.789
-1411.789
-1411.789
-1411.789
-1411.789
-1411.789
-1411.789
-1411.789
-1411.789
-1411.789
-1411.789
-1411.789
-1411.789
-1411.789
-1411.64
-1411.64
-1411.64
-1411.64
-1411.64
-1411.64
-1411.64
-1411.64
-1411.64
-1411.64
-1411.64
-1411.231
-1411.231
-1411.37
-1411.37
-1411.37
-1411.37
-1411.37
-1411.528
-1411.528
-1411.528
-1411.528
-1411.528
-1411.528
-1411.528
-1411.528
-1411.528
-1411.528
-1411.528
-1411.528
-1411.486
-1411.486
-1411.486
-1411.486
-1411.486
-1411.486
-1411.486
-1411.964
-1411.964
-1412.315
-1412.315
-1412.315
-1412.315
-1412.315
-1411.004
-1411.004
-1411.004
-1411.004
-1411.004
-1411.004
-1411.004
-1411.004
-1411.004
-1411.562
-1411.562
-1411.562
-1411.562
-1411.562
-1411.562
-1411.562
-1411.562
-1411.562
-1411.562
-1411.562
-1410.822
-1410.822
-1410.822
-1410.822
-1410.822
-1410.822
-1410.822
-1410.822
-1410.822
-1410.822
-1411.032
-1411.032
-1411.032
-1411.032
-1411.032
-1411.032
-1411.032
-1411.032
-1411.032
-1411.032
-1411.668
-1411.668
-1411.256
-1411.256
-1411.256
-1411.256
-1410.976
-1410.976
-1410.976
-1412.113
-1412.113
-1412.113
-1412.113
-1412.113
-1412.844
-1412.844
-1412.844
-1412.844
-1412.844
-1412.844
-1412.844
-1412.327
-1412.327
-1412.327
-1410.838
-1410.838
-1410.838
-1410.838
-1410.553
-1410.553
-1411.117
-1411.116
-1411.116
-1411.116
-1411.116
-1411.116
-1411.116
-1412.442
-1412.442
-1412.442
-1412.442
-1412.442
-1412.442
-1412.442
-1411.983
-1411.983
-1411.983
-1411.189
-1411.189
-1411.189
-1411.189
-1411.189
-1411.189
-1411.189
-1411.189
-1411.189
-1411.189
-1411.538
-1411.538
-1411.538
-1411.538
-1411.538
-1411.538
-1411.538
-1411.538
-1411.538
-1411.893
-1411.838
-1411.838
-1413.048
-1413.048
-1413.834
-1413.834
-1412.57
-1412.57
-1412.57
-1412.57
-1412.57
-1411.518
-1411.518
-1411.518
-1411.518
-1411.518
-1411.518
-1411.518
-1411.518
-1411.518
-1411.518
-1411.518
-1411.518
-1411.518
-1411.518
-1411.518
-1411.518
-1411.518
-1411.518
-1411.518
-1411.518
-1411.518
-1411.518
-1411.518
-1411.518
-1411.518
-1412.438
-1412.438
-1411.238
-1411.238
-1411.238
-1411.238
-1411.238
-1411.238
-1411.507
-1411.507
-1411.507
-1411.507
-1411.507
-1411.507
-1411.507
-1411.507
-1410.973
-1410.973
-1410.973
-1410.973
-1410.973
-1410.973
-1410.784
-1410.784
-1410.784
-1410.784
-1410.784
-1410.784
-1410.784
-1410.784
-1410.784
-1410.784
-1410.784
-1410.784
-1410.784
-1410.784
-1410.784
-1413.017
-1413.017
-1413.017
-1413.017
-1413.017
-1413.017
-1413.017
-1413.017
-1413.017
-1413.017
-1413.017
-1413.017
-1411.663
-1411.663
-1411.663
-1411.036
-1411.036
-1411.036
-1411.036
-1411.036
-1411.036
-1411.036
-1411.036
-1411.036
-1411.036
-1411.475
-1411.475
-1411.475
-1410.944
-1410.944
-1410.853
-1410.853
-1410.853
-1410.853
-1410.853
-1411.705
-1411.705
-1410.88
-1410.88
-1410.88
-1410.88
-1410.88
-1411.095
-1411.095
-1411.283
-1411.283
-1411.283
-1411.283
-1411.283
-1411.283
-1411.283
-1411.283
-1411.291
-1411.363
-1411.363
-1411.363
-1411.363
-1411.363
-1411.363
-1411.363
-1411.363
-1413.207
-1413.207
-1412.482
-1411.371
-1411.371
-1411.371
-1411.371
-1411.371
-1411.371
-1411.371
-1411.371
-1411.371
-1411.371
-1411.371
-1411.371
-1411.719
-1411.719
-1411.719
-1411.719
-1411.212
-1411.212
-1411.212
-1411.212
-1411.212
-1411.212
-1411.212
-1411.212
-1412.325
-1412.325
-1412.458
-1412.458
-1412.458
-1412.458
-1412.458
-1412.458
-1412.458
-1413.694
-1413.694
-1413.694
-1413.694
-1413.694
-1411.943
-1411.943
-1411.943
-1411.943
-1411.943
-1411.618
-1413.023
-1413.023
-1413.023
-1413.023
-1413.023
-1413.023
-1413.023
-1413.023
-1411.196
-1411.196
-1411.196
-1411.196
-1411.591
-1411.591
-1411.591
-1411.591
-1411.591
-1411.591
-1411.591
-1412.086
-1412.086
-1411.658
-1411.658
-1411.658
-1411.658
-1411.658
-1411.658
-1411.658
-1411.658
-1411.949
-1411.949
-1411.949
-1411.949
-1411.949
-1411.949
-1411.909
-1411.909
-1410.944
-1410.944
-1410.944
-1410.944
-1411.051
-1411.051
-1411.051
-1411.051
-1412.134
-1412.62
-1412.62
-1410.924
-1410.924
-1410.924
-1410.924
-1410.924
-1410.924
-1410.924
-1410.924
-1410.924
-1410.924
-1410.924
-1410.924
-1410.924
-1410.924
-1410.924
-1410.924
-1410.924
-1410.924
-1410.924
-1410.924
-1410.924
-1410.924
-1410.924
-1410.924
-1410.924
-1412.323
-1411.351
-1411.351
-1411.337
-1411.337
-1411.337
-1411.337
-1411.337
-1411.337
-1411.337
-1411.337
-1411.337
-1411.337
-1411.337
-1411.337
-1411.337
-1411.337
-1411.337
-1411.337
-1411.337
-1410.399
-1410.399
-1410.399
-1410.399
-1410.399
-1412.075
-1412.075
-1412.075
-1412.075
-1412.075
-1412.075
-1412.96
-1410.584
-1410.584
-1410.584
-1410.584
-1410.584
-1410.584
-1410.584
-1410.584
-1410.584
-1410.584
-1410.584
-1410.584
-1410.584
-1410.584
-1410.584
-1410.584
-1410.584
-1410.584
-1410.584
-1411.232
-1411.232
-1410.912
-1410.912
-1410.912
-1412.018
-1412.018
-1412.018
-1412.018
-1412.018
-1412.018
-1412.018
-1412.018
-1412.018
-1412.018
-1412.018
-1412.369
-1412.369
-1412.369
-1414.009
-1412.594
-1412.594
-1412.594
-1412.594
-1412.594
-1412.594
-1412.594
-1412.594
-1412.594
-1414.673
-1411.665
-1411.665
-1411.665
-1411.665
-1412.54
-1411.783
-1411.783
-1411.783
-1411.783
-1411.783
-1411.783
-1411.783
-1411.098
-1411.098
-1411.098
-1411.098
-1411.098
-1411.098
-1411.098
-1411.098
-1411.375
-1411.375
-1411.173
-1411.173
-1411.173
-1411.173
-1411.173
-1411.032
-1411.032
-1411.032
-1411.032
-1411.032
-1411.032
-1411.032
-1411.032
-1410.23
-1410.23
-1410.23
-1410.23
-1410.23
-1410.23
-1410.23
-1410.23
-1410.23
-1410.23
-1410.23
-1410.23
-1410.23
-1410.23
-1410.23
-1410.23
-1410.5
-1410.5
-1410.5
-1410.5
-1410.5
-1410.5
-1410.5
-1410.5
-1410.5
-1411.445
-1411.445
-1411.445
-1411.445
-1411.445
-1411.445
-1411.445
-1411.445
-1411.445
-1411.445
-1411.445
-1411.445
-1411.445
-1411.445
-1411.445
-1411.445
-1411.445
-1411.445
-1411.445
-1411.445
-1411.445
-1411.445
-1411.445
-1411.447
-1411.447
-1411.447
-1411.447
-1411.447
-1411.447
-1411.447
-1410.864
-1410.864
-1410.864
-1410.864
-1410.864
-1410.864
-1410.864
-1410.864
-1410.864
-1410.864
-1410.864
-1410.864
-1410.864
-1410.864
-1410.745
-1410.745
-1410.745
-1410.745
-1410.745
-1410.745
-1410.745
-1411.626
-1411.626
-1411.626
-1411.626
-1410.601
-1410.601
-1410.601
-1410.601
-1410.601
-1410.601
-1410.601
-1410.601
-1410.601
-1410.601
-1410.601
-1410.601
-1410.601
-1410.601
-1410.601
-1410.601
-1410.601
-1410.601
-1410.601
-1410.601
-1410.601
-1410.601
-1410.601
-1410.601
-1410.601
-1410.601
-1410.601
-1410.601
-1410.601
-1410.601
-1411.155
-1411.155
-1411.165
-1410.828
-1410.828
-1410.828
-1410.828
-1410.828
-1410.828
-1410.828
-1410.828
-1410.828
-1410.828
-1410.334
-1410.334
-1410.334
-1410.334
-1410.334
-1410.334
-1410.334
-1410.334
-1410.334
-1410.334
-1410.334
-1410.334
-1410.334
-1410.678
-1410.678
-1410.678
-1411.013
-1411.013
-1411.013
-1411.013
-1411.013
-1411.013
-1411.013
-1411.013
-1411.013
-1411.013
-1411.013
-1411.013
-1411.013
-1411.013
-1411.013
-1411.055
-1411.055
-1411.055
-1411.055
-1411.055
-1411.055
-1411.055
-1411.055
-1411.276
-1411.276
-1411.276
-1411.276
-1411.276
-1411.276
-1411.276
-1411.276
-1411.276
-1411.057
-1411.057
-1411.057
-1411.057
-1411.53
-1411.53
-1411.53
-1411.53
-1411.53
-1411.53
-1411.53
-1411.53
-1410.794
-1410.794
-1410.794
-1410.794
-1410.794
-1410.794
-1411.693
-1411.693
-1411.693
-1411.693
-1411.693
-1411.693
-1411.693
-1411.693
-1411.693
-1411.693
-1411.693
-1411.693
-1411.693
-1411.693
-1411.693
-1411.693
-1411.693
-1411.693
-1411.693
-1411.693
-1411.693
-1411.693
-1411.071
-1410.804
-1410.384
-1412.065
-1412.065
-1412.065
-1412.065
-1412.065
-1412.065
-1412.065
-1411.559
-1411.559
-1411.559
-1411.559
-1411.559
-1411.559
-1411.559
-1411.559
-1411.559
-1410.46
-1410.913
-1410.575
-1410.575
-1410.575
-1410.575
-1410.219
-1410.219
-1410.747
-1410.747
-1410.747
-1410.747
-1411.403
-1411.336
-1411.336
-1411.336
-1411.386
-1411.386
-1411.386
-1411.386
-1411.386
-1411.386
-1411.387
-1411.387
-1411.387
-1411.565
-1411.565
-1411.565
-1411.565
-1411.565
-1411.565
-1411.565
-1411.565
-1411.565
-1411.565
-1411.939
-1412.397
-1412.397
-1412.397
-1412.397
-1411.102
-1411.102
-1411.102
-1411.102
-1412.132
-1412.132
-1412.132
-1412.132
-1412.132
-1412.132
-1411.083
-1411.083
-1411.083
-1411.083
-1411.083
-1411.085
-1411.085
-1411.043
-1411.043
-1412.358
-1412.358
-1412.34
-1412.34
-1412.34
-1412.34
-1412.34
-1411.984
-1411.984
-1411.984
-1411.984
-1411.984
-1411.984
-1411.984
-1411.984
-1411.465
-1411.465
-1411.465
-1411.465
-1411.465
-1411.465
-1411.478
-1411.478
-1411.478
-1411.478
-1411.478
-1411.478
-1411.478
-1411.478
-1411.478
-1410.81
-1412.004
-1412.004
-1412.004
-1412.004
-1412.004
-1411.846
-1411.846
-1413.352
-1413.352
-1413.352
-1413.352
-1413.352
-1413.217
-1413.217
-1412.789
-1412.789
-1411.561
-1411.336
-1411.336
-1411.336
-1411.336
-1410.517
-1410.517
-1410.517
-1410.517
-1410.517
-1410.517
-1410.517
-1410.517
-1410.517
-1410.517
-1411.022
-1411.022
-1411.022
-1411.022
-1411.022
-1411.022
-1411.022
-1411.281
-1411.281
-1411.281
-1411.281
-1411.281
-1411.281
-1411.281
-1411.281
-1411.281
-1411.281
-1411.281
-1411.281
-1410.882
-1410.882
-1410.882
-1410.882
-1410.882
-1410.882
-1410.882
-1410.882
-1410.882
-1410.882
-1410.882
-1411.95
-1412.01
-1412.01
-1412.01
-1412.01
-1412.01
-1412.01
-1412.01
-1411.312
-1411.312
-1411.312
-1411.312
-1411.312
-1410.842
-1410.842
-1410.842
-1410.842
-1410.968
-1410.968
-1410.968
-1410.968
-1410.665
-1410.665
-1410.665
-1410.665
-1410.665
-1410.665
-1410.665
-1410.665
-1410.665
-1410.665
-1410.26
-1410.26
-1410.765
-1410.765
-1410.765
-1410.765
-1410.765
-1410.765
-1410.765
-1410.765
-1410.765
-1410.765
-1410.765
-1410.765
-1410.765
-1411.286
-1411.286
-1411.286
-1411.286
-1411.286
-1411.286
-1411.286
-1411.286
-1411.286
-1411.286
-1411.286
-1410.656
-1410.656
-1410.656
-1410.656
-1410.656
-1411.478
-1411.512
-1411.512
-1411.512
-1411.512
-1411.512
-1411.512
-1411.512
-1411.512
-1411.776
-1411.776
-1411.776
-1411.776
-1411.776
-1411.776
-1411.776
-1411.498
-1411.498
-1411.498
-1411.498
-1411.498
-1411.498
-1411.498
-1411.498
-1411.277
-1411.277
-1411.277
-1411.277
-1411.277
-1411.277
-1411.277
-1411.277
-1411.277
-1411.277
-1411.277
-1411.277
-1411.277
-1411.277
-1411.277
-1411.277
-1411.277
-1411.277
-1411.277
-1411.277
-1411.277
-1411.277
-1411.344
-1411.344
-1411.344
-1411.344
-1411.344
-1411.344
-1411.344
-1411.344
-1411.344
-1411.344
-1411.344
-1411.344
-1411.344
-1411.344
-1411.344
-1411.344
-1411.145
-1411.145
-1411.145
-1411.145
-1411.145
-1411.145
-1410.196
-1410.196
-1410.196
-1410.196
-1410.196
-1410.196
-1410.196
-1410.196
-1410.196
-1410.196
-1410.196
-1410.196
-1410.196
-1410.196
-1410.196
-1410.196
-1410.196
-1410.196
-1410.196
-1410.196
-1410.196
-1410.196
-1410.196
-1410.196
-1410.196
-1410.196
-1410.196
-1410.196
-1410.196
-1410.196
-1410.196
-1410.196
-1410.196
-1410.196
-1410.196
-1410.196
-1410.196
-1410.196
-1410.196
-1410.196
-1410.196
-1410.196
-1410.196
-1410.196
-1410.196
-1410.196
-1410.196
-1410.196
-1410.196
-1410.196
-1410.196
-1410.196
-1410.196
-1410.196
-1410.196
-1410.196
-1410.196
-1410.196
-1410.196
-1410.196
-1410.196
-1410.196
-1410.196
-1410.196
-1410.196
-1410.196
-1410.196
-1410.196
-1410.196
-1410.196
-1410.196
-1410.196
-1410.196
-1410.196
-1410.196
-1410.196
-1410.196
-1410.196
-1410.196
-1410.196
-1410.196
-1410.196
-1410.196
-1410.196
-1410.196
-1410.196
-1410.196
-1410.196
-1410.196
-1410.196
-1410.196
-1410.196
-1410.196
-1410.196
-1410.196
-1410.196
-1410.196
-1410.196
-1410.196
-1410.196
-1410.196
-1410.196
-1410.196
-1410.196
-1410.196
-1410.196
-1410.196
-1410.196
-1410.196
-1410.196
-1410.196
-1410.196
-1410.196
-1410.196
-1410.196
-1410.196
-1410.196
-1410.196
-1410.196
-1410.196
-1410.196
-1410.196
-1410.196
-1410.196
-1410.196
-1410.196
-1410.196
-1410.196
-1410.196
-1410.196
-1410.196
-1411.022
-1411.022
-1411.022
-1411.022
-1411.022
-1411.022
-1411.022
-1411.022
-1411.022
-1411.022
-1411.022
-1411.022
-1413.976
-1413.976
-1413.976
-1413.7
-1413.7
-1413.7
-1413.7
-1413.7
-1413.7
-1413.7
-1413.7
-1413.7
-1413.7
-1413.7
-1411.108
-1411.108
-1411.108
-1411.108
-1411.108
-1411.108
-1411.108
-1411.261
-1411.261
-1411.261
-1411.261
-1411.261
-1411.261
-1411.261
-1411.261
-1411.261
-1411.261
-1411.261
-1411.261
-1411.261
-1411.261
-1411.261
-1411.261
-1411.261
-1411.261
-1411.261
-1411.261
-1411.626
-1411.626
-1411.626
-1412.254
-1412.254
-1412.254
-1412.254
-1412.254
-1412.254
-1412.254
-1412.254
-1412.254
-1412.254
-1412.254
-1412.254
-1412.254
-1412.254
-1411.091
-1411.091
-1411.091
-1411.091
-1411.091
-1411.091
-1411.091
-1411.091
-1411.091
-1411.091
-1411.091
-1411.091
-1410.714
-1410.714
-1410.714
-1410.714
-1412.201
-1412.201
-1412.201
-1411.588
-1411.588
-1411.588
-1411.588
-1411.588
-1411.588
-1411.588
-1411.588
-1411.588
-1411.588
-1411.588
-1411.588
-1411.588
-1411.588
-1411.588
-1411.408
-1411.408
-1411.408
-1411.408
-1411.408
-1411.408
-1411.408
-1411.408
-1411.408
-1411.408
-1411.408
-1412.338
-1412.338
-1411.653
-1411.653
-1411.653
-1411.575
-1411.575
-1412.214
-1412.214
-1412.214
-1411.033
-1411.033
-1411.033
-1411.752
-1411.752
-1410.425
-1410.425
-1410.425
-1410.425
-1410.425
-1410.425
-1410.425
-1410.425
-1410.425
-1410.425
-1410.425
-1410.425
-1410.648
-1410.648
-1410.648
-1410.648
-1410.648
-1410.648
-1410.648
-1410.648
-1410.648
-1410.648
-1410.648
-1411.346
-1411.346
-1411.346
-1412.067
-1412.067
-1412.067
-1412.067
-1412.067
-1412.067
-1412.067
-1412.067
-1411.876
-1411.038
-1411.038
-1411.038
-1411.038
-1411.038
-1411.508
-1411.508
-1411.508
-1411.508
-1411.508
-1411.508
-1411.508
-1411.508
-1411.508
-1411.508
-1411.508
-1411.508
-1411.508
-1411.508
-1411.508
-1411.508
-1411.508
-1411.508
-1410.952
-1410.952
-1410.952
-1410.952
-1411.081
-1411.081
-1411.081
-1411.275
-1411.275
-1411.275
-1411.275
-1411.061
-1411.061
-1411.061
-1411.061
-1411.061
-1411.061
-1411.061
-1411.061
-1411.061
-1411.061
-1411.061
-1411.061
-1411.061
-1411.061
-1411.061
-1411.061
-1411.061
-1411.061
-1411.061
-1411.061
-1411.061
-1411.061
-1411.061
-1411.061
-1411.061
-1411.061
-1411.061
-1411.305
-1411.305
-1411.305
-1411.305
-1411.305
-1411.305
-1411.305
-1411.305
-1411.305
-1411.671
-1411.881
-1411.022
-1411.022
-1411.022
-1412.294
-1412.154
-1412.154
-1412.154
-1411.28
-1411.28
-1411.28
-1411.28
-1411.28
-1411.28
-1411.28
-1411.28
-1411.28
-1411.28
-1411.28
-1411.28
-1411.28
-1411.28
-1411.28
-1413.054
-1411.041
-1411.041
-1411.041
-1411.041
-1411.041
-1411.041
-1411.041
-1411.041
-1411.041
-1411.041
-1411.041
-1411.041
-1411.95
-1411.95
-1411.95
-1411.95
-1411.284
-1411.284
-1411.284
-1411.284
-1411.284
-1411.284
-1411.284
-1411.284
-1411.284
-1411.284
-1411.284
-1412.48
-1411.335
-1411.335
-1411.335
-1411.335
-1411.335
-1411.335
-1411.335
-1411.335
-1411.335
-1411.335
-1411.335
-1411.335
-1411.335
-1411.335
-1411.335
-1411.335
-1411.335
-1412.144
-1412.792
-1412.792
-1412.792
-1412.432
-1412.432
-1411.61
-1411.61
-1411.61
-1411.61
-1411.61
-1411.61
-1411.568
-1411.568
-1411.568
-1411.568
-1411.568
-1411.568
-1411.568
-1411.568
-1411.568
-1411.568
-1411.226
-1411.226
-1410.892
-1410.892
-1410.892
-1412.112
-1411.157
-1411.157
-1411.157
-1410.623
-1410.623
-1410.623
-1410.623
-1410.623
-1410.623
-1410.623
-1410.623
-1410.623
-1410.623
-1410.42
-1410.42
-1411.716
-1411.716
-1411.716
-1411.34
-1411.34
-1411.34
-1411.34
-1411.758
-1411.758
-1411.758
-1412.928
-1412.928
-1412.105
-1412.105
-1412.105
-1412.105
-1412.105
-1412.105
-1412.105
-1412.105
-1412.105
-1412.105
-1412.105
-1412.105
-1410.998
-1410.62
-1410.62
-1410.62
-1410.62
-1410.62
-1410.62
-1410.62
-1410.62
-1410.62
-1410.62
-1410.62
-1410.62
-1410.62
-1410.62
-1410.62
-1411.179
-1411.179
-1411.179
-1411.179
-1411.179
-1410.93
-1411.679
-1411.679
-1413.112
-1413.112
-1412.71
-1411.868
-1411.868
-1411.868
-1411.868
-1410.953
-1410.953
-1413.057
-1413.057
-1413.057
-1413.057
-1412.434
-1412.434
-1412.434
-1411.031
-1411.031
-1411.031
-1411.031
-1410.8
-1410.8
-1410.8
-1413.428
-1413.428
-1413.428
-1413.428
-1411.213
-1411.213
-1411.213
-1411.213
-1411.213
-1411.213
-1411.213
-1411.213
-1411.671
-1411.671
-1411.671
-1411.671
-1411.671
-1411.671
-1411.671
-1411.555
-1411.368
-1411.368
-1411.368
-1411.368
-1411.368
-1411.785
-1411.785
-1411.785
-1411.1
-1411.1
-1411.1
-1411.1
-1411.1
-1411.1
-1411.1
-1413.299
-1412.048
-1412.048
-1411.449
-1411.449
-1411.449
-1411.145
-1411.145
-1411.145
-1411.145
-1410.782
-1411.316
-1411.316
-1411.316
-1411.316
-1411.316
-1411.765
-1411.765
-1410.876
-1410.876
-1410.876
-1410.876
-1410.876
-1410.876
-1410.876
-1410.876
-1410.876
-1410.876
-1410.876
-1410.66
-1410.66
-1410.66
-1410.66
-1410.66
-1410.66
-1410.66
-1410.66
-1410.66
-1410.66
-1410.66
-1410.66
-1410.66
-1410.66
-1410.66
-1410.66
-1410.66
-1410.66
-1411.291
-1411.291
-1411.291
-1411.291
-1411.291
-1411.291
-1411.291
-1410.896
-1410.896
-1410.896
-1411.225
-1411.225
-1411.225
-1411.225
-1411.225
-1410.743
-1410.743
-1410.743
-1410.743
-1411.325
-1411.325
-1411.325
-1411.325
-1411.325
-1411.325
-1411.325
-1411.325
-1411.325
-1411.793
-1411.793
-1412.689
-1412.689
-1412.689
-1412.686
-1412.686
-1412.686
-1412.686
-1412.686
-1412.686
-1412.686
-1412.686
-1411.283
-1411.283
-1411.283
-1411.283
-1410.453
-1410.453
-1410.453
-1410.453
-1410.453
-1410.453
-1410.453
-1411.027
-1411.027
-1411.027
-1411.027
-1411.027
-1411.027
-1411.027
-1411.027
-1411.027
-1411.027
-1411.027
-1411.027
-1411.027
-1411.027
-1411.027
-1411.027
-1411.027
-1411.027
-1411.027
-1411.027
-1411.027
-1411.027
-1411.027
-1410.743
-1410.743
-1411.085
-1411.085
-1411.085
-1411.085
-1411.085
-1411.085
-1411.085
-1411.085
-1411.085
-1411.085
-1411.085
-1411.085
-1411.085
-1411.085
-1411.085
-1411.085
-1411.085
-1411.085
-1411.085
-1411.085
-1411.085
-1411.085
-1411.085
-1411.085
-1411.085
-1411.085
-1411.085
-1411.085
-1411.085
-1411.085
-1411.085
-1411.085
-1411.085
-1411.085
-1411.085
-1411.085
-1411.085
-1411.085
-1411.085
-1411.085
-1411.085
-1411.085
-1411.085
-1411.085
-1411.085
-1412.01
-1412.01
-1411.463
-1410.525
-1410.525
-1410.525
-1410.525
-1410.525
-1410.841
-1410.841
-1410.841
-1410.841
-1410.841
-1410.841
-1410.805
-1410.805
-1410.805
-1410.805
-1410.805
-1410.805
-1410.805
-1410.805
-1410.805
-1410.805
-1410.805
-1411.17
-1411.17
-1411.17
-1411.17
-1411.17
-1411.17
-1411.17
-1411.411
-1411.411
-1411.411
-1411.411
-1411.411
-1411.411
-1411.411
