-0.386294 -0.600302 0.260894 -0.272481 0.587954
0.257741 -0.136663 0.015686 -0.192894 0.052494
0.207732 -0.101659 0.010956 -0.129794 0.06947
0.207732 -0.101659 0.010956 -0.129794 0.06947
0.133619 -0.097521 0.000996 0.015346 0.221331
0.174118 -0.125935 0.051704 -0.124245 -0.137612
0.285268 -0.036259 0.073865 -0.128641 -0.043372
0.285268 -0.036259 0.073865 -0.128641 -0.043372
0.196794 -0.045247 0.095596 -0.168953 -0.221035
0.08009 -0.22037 -0.00488 -0.022888 0.173756
0.123384 -0.128334 0.036818 0.13659 0.182684
0.123384 -0.128334 0.036818 0.13659 0.182684
0.141941 -0.213446 0.054339 0.439436 0.267677
0.178163 -0.175569 0.056831 -0.122513 -0.209935
0.146559 -0.175054 0.076294 0.177096 0.087126
0.155669 -0.214542 0.043121 0.204824 0.279428
0.155669 -0.214542 0.043121 0.204824 0.279428
0.229431 -0.140851 0.00788 0.081454 0.463011
0.229431 -0.140851 0.00788 0.081454 0.463011
0.154053 -0.266483 0.00056 0.46492 0.644701
0.154053 -0.266483 0.00056 0.46492 0.644701
0.154053 -0.266483 0.00056 0.46492 0.644701
0.154053 -0.266483 0.00056 0.46492 0.644701
0.154053 -0.266483 0.00056 0.46492 0.644701
0.363805 0.053164 0.174956 -0.065205 -0.197722
0.363805 0.053164 0.174956 -0.065205 -0.197722
0.115022 -0.294449 0.023219 0.167932 0.073592
0.269495 -0.076354 0.094926 0.111619 0.068335
0.296211 -0.059635 0.087877 -0.047798 0.017252
0.270771 -0.087328 0.04447 -0.139573 -0.068765
0.322809 -0.042263 0.158075 -0.055023 -0.300018
0.296712 -0.19787 0.049095 0.008619 -0.004695
0.315806 -0.01266 0.12644 0.154271 0.039656
0.191684 -0.152055 -0.012303 -0.082715 0.160958
0.191957 -0.147035 0.017051 -0.133629 -0.008966
0.191957 -0.147035 0.017051 -0.133629 -0.008966
0.223852 -0.159634 0.027835 -0.151041 0.046948
0.120944 -0.309802 -0.060128 -0.130637 0.152005
0.232681 -0.228097 -0.019922 -0.275642 -0.020612
0.232681 -0.228097 -0.019922 -0.275642 -0.020612
0.06137 -0.454282 -0.104209 -0.240525 0.13948
0.06787 -0.438649 -0.137045 -0.250879 0.232869
0.06787 -0.438649 -0.137045 -0.250879 0.232869
0.06787 -0.438649 -0.137045 -0.250879 0.232869
0.038203 -0.409876 -0.086297 -0.287031 0.02369
0.13749 -0.35707 -0.054687 -0.15092 0.098049
0.101913 -0.30898 -0.075936 -0.216565 0.01546
0.101913 -0.30898 -0.075936 -0.216565 0.01546
0.101913 -0.30898 -0.075936 -0.216565 0.01546
0.0753 -0.287761 -0.045494 -0.180999 -0.00595
0.0753 -0.287761 -0.045494 -0.180999 -0.00595
0.0753 -0.287761 -0.045494 -0.180999 -0.00595
0.0753 -0.287761 -0.045494 -0.180999 -0.00595
0.0753 -0.287761 -0.045494 -0.180999 -0.00595
0.0753 -0.287761 -0.045494 -0.180999 -0.00595
0.117138 -0.282111 -0.001888 -0.134092 -0.068585
0.068479 -0.313884 -0.071561 -0.272434 -0.038194
0.068479 -0.313884 -0.071561 -0.272434 -0.038194
0.068479 -0.313884 -0.071561 -0.272434 -0.038194
0.129969 -0.229006 0.010697 0.01515 0.022503
0.149541 -0.242642 0.008039 -0.059424 0.054701
0.171787 -0.128419 0.049786 -0.151491 -0.203566
0.154498 -0.15609 0.049543 -0.068656 -0.045578
0.154498 -0.15609 0.049543 -0.068656 -0.045578
0.16563 -0.116152 0.023578 -0.271032 -0.181321
0.16563 -0.116152 0.023578 -0.271032 -0.181321
0.16563 -0.116152 0.023578 -0.271032 -0.181321
0.16563 -0.116152 0.023578 -0.271032 -0.181321
0.234999 -0.139251 0.070303 -0.267976 -0.348427
0.289883 0.006703 0.160882 -0.09236 -0.359138
0.186819 -0.143697 0.038275 -0.221247 -0.243897
0.186819 -0.143697 0.038275 -0.221247 -0.243897
0.212078 -0.217172 -0.008081 -0.318188 -0.155649
0.21526 -0.208835 -0.002903 -0.325549 -0.147103
0.21526 -0.208835 -0.002903 -0.325549 -0.147103
0.16809 -0.252832 -0.01334 -0.102968 -0.082958
0.186733 -0.24225 -0.00887 -0.156612 -0.057656
0.186733 -0.24225 -0.00887 -0.156612 -0.057656
0.274453 -0.027941 0.141826 0.038947 -0.075023
0.274453 -0.027941 0.141826 0.038947 -0.075023
0.220302 -0.093147 0.057331 -0.303592 -0.213288
0.220302 -0.093147 0.057331 -0.303592 -0.213288
0.218098 0.00497 0.057162 -0.342382 -0.222847
0.218098 0.00497 0.057162 -0.342382 -0.222847
0.218522 -0.051352 0.015137 -0.505423 -0.175823
0.218522 -0.051352 0.015137 -0.505423 -0.175823
0.218522 -0.051352 0.015137 -0.505423 -0.175823
0.262773 0.063969 0.163519 0.035202 -0.145957
0.262773 0.063969 0.163519 0.035202 -0.145957
0.204043 0.012551 0.061372 -0.071737 0.005239
0.204043 0.012551 0.061372 -0.071737 0.005239
0.156722 -0.037357 0.070554 -0.184216 -0.15562
0.181676 -0.169112 0.011247 -0.002461 0.059736
0.182687 -0.176458 0.038319 -0.046185 0.001098
0.159211 -0.178252 -0.006728 -0.140084 0.064586
0.159211 -0.178252 -0.006728 -0.140084 0.064586
0.260133 -0.055289 0.08118 0.059319 0.112174
0.202206 -0.172955 -0.014511 -0.058749 0.185091
0.140381 -0.210291 -0.028005 0.073134 0.268867
0.108901 -0.201592 -0.064807 -0.187022 0.132267
0.087603 -0.220647 -0.029275 0.05075 0.212715
0.0663 -0.235807 -0.098746 -0.26473 0.073284
0.180264 -0.049786 0.112762 0.047689 -0.041904
0.153214 -0.232013 0.022796 0.02814 0.130051
0.093137 -0.313099 -0.019253 0.069923 0.243606
0.030974 -0.400413 -0.121995 0.030213 0.268852
0.124069 -0.298917 -0.101297 -0.294934 0.08461
0.061478 -0.408351 -0.127972 -0.350016 0.10589
0.061478 -0.408351 -0.127972 -0.350016 0.10589
0.061478 -0.408351 -0.127972 -0.350016 0.10589
0.098876 -0.260216 -0.039721 -0.112335 0.01041
0.134166 -0.07976 -0.037169 -0.311845 0.035844
0.006247 -0.377875 -0.151951 -0.053628 0.378641
0.006247 -0.377875 -0.151951 -0.053628 0.378641
0.052955 -0.350083 -0.069812 0.020016 0.172909
0.052955 -0.350083 -0.069812 0.020016 0.172909
0.128074 -0.276046 -0.007841 0.140266 0.175342
0.057166 -0.284504 -0.092259 -0.066969 0.255962
0.057166 -0.284504 -0.092259 -0.066969 0.255962
0.074793 -0.212772 -0.012009 0.032742 -0.012185
0.179686 -0.083884 0.07124 0.269087 0.181683
0.162051 -0.139932 -0.012775 -0.26298 -0.02054
0.164755 -0.168567 -0.028438 -0.248588 0.034358
0.283127 -0.039203 0.112924 -0.10617 -0.228049
0.175029 -0.18245 0.004087 -0.251795 -0.117291
0.175029 -0.18245 0.004087 -0.251795 -0.117291
0.126212 -0.261737 -0.07241 -0.394848 -0.006328
0.160574 -0.19641 -0.00591 -0.35792 -0.1694
0.160574 -0.19641 -0.00591 -0.35792 -0.1694
0.229243 -0.098878 0.080685 -0.065225 -0.083735
0.229243 -0.098878 0.080685 -0.065225 -0.083735
0.138715 -0.16468 -0.004788 -0.210082 0.038477
0.186385 -0.134313 -0.054829 -0.443824 0.013348
0.113114 -0.185847 -0.033939 -0.264601 -0.06124
0.064319 -0.284905 -0.124794 -0.202553 0.254839
0.115883 -0.265338 -0.084932 -0.074715 0.227258
0.196885 -0.1671 0.022645 0.193993 0.243435
0.196885 -0.1671 0.022645 0.193993 0.243435
0.063144 -0.261 -0.059203 0.14074 0.346318
0.057223 -0.232314 -0.080704 -0.063361 0.209264
0.166816 -0.117761 0.019424 -0.091373 -0.061791
0.109644 -0.119836 0.016261 -0.165486 -0.1185
0.080956 -0.192352 -0.065202 -0.297575 0.08177
0.080956 -0.192352 -0.065202 -0.297575 0.08177
0.04651 -0.27581 -0.058854 -0.274065 -0.004069
0.144587 -0.129193 0.081009 0.144557 -0.013025
0.126119 -0.244452 0.037321 0.365528 0.281833
0.126119 -0.244452 0.037321 0.365528 0.281833
0.126119 -0.244452 0.037321 0.365528 0.281833
0.077626 -0.264466 -0.023281 -0.139399 0.029337
0.13719 -0.215267 0.019412 -0.18738 -0.101452
0.135686 -0.221258 0.006853 -0.248608 -0.149392
0.135686 -0.221258 0.006853 -0.248608 -0.149392
0.135686 -0.221258 0.006853 -0.248608 -0.149392
0.224566 -0.048397 0.105915 -0.233546 -0.320375
0.224566 -0.048397 0.105915 -0.233546 -0.320375
0.131832 -0.254659 0.030818 0.079182 0.004562
0.188099 -0.176865 0.069842 -0.096958 -0.183773
0.188099 -0.176865 0.069842 -0.096958 -0.183773
0.319307 -0.081694 0.158281 -0.167662 -0.440848
0.215969 -0.15621 0.104341 0.317443 0.103108
0.247439 -0.124843 0.093146 0.009531 -0.066781
0.247439 -0.124843 0.093146 0.009531 -0.066781
0.247439 -0.124843 0.093146 0.009531 -0.066781
0.247439 -0.124843 0.093146 0.009531 -0.066781
0.388645 -0.005711 0.180598 -0.200979 -0.424909
0.314089 -0.021836 0.158014 -0.044026 -0.3143
0.314089 -0.021836 0.158014 -0.044026 -0.3143
0.232688 -0.068616 0.062704 -0.392073 -0.293274
0.123189 -0.205714 -0.034862 -0.522207 -0.300822
0.123189 -0.205714 -0.034862 -0.522207 -0.300822
0.123189 -0.205714 -0.034862 -0.522207 -0.300822
0.123189 -0.205714 -0.034862 -0.522207 -0.300822
0.123189 -0.205714 -0.034862 -0.522207 -0.300822
0.125497 -0.265413 0.000127 -0.27838 -0.158727
0.125497 -0.265413 0.000127 -0.27838 -0.158727
0.105126 -0.195938 -0.052924 -0.31877 -0.075916
0.069993 -0.217825 -0.109921 -0.304545 0.10351
0.08559 -0.22782 -0.104549 -0.085864 0.244985
0.128072 -0.223013 -0.103166 -0.230037 0.186042
0.128072 -0.223013 -0.103166 -0.230037 0.186042
0.128072 -0.223013 -0.103166 -0.230037 0.186042
0.118612 -0.317528 -0.081819 -0.136672 0.182785
0.117045 -0.329823 -0.075064 -0.382589 -0.019794
0.117045 -0.329823 -0.075064 -0.382589 -0.019794
0.117045 -0.329823 -0.075064 -0.382589 -0.019794
0.117045 -0.329823 -0.075064 -0.382589 -0.019794
0.21075 -0.142261 0.012725 -0.193991 -0.102861
0.21075 -0.142261 0.012725 -0.193991 -0.102861
0.145828 -0.187981 -0.018742 -0.209765 -0.155729
0.133134 -0.113631 -0.03015 -0.356468 -0.300652
0.133134 -0.113631 -0.03015 -0.356468 -0.300652
0.10897 -0.281394 -0.083438 -0.197397 -0.013043
0.131138 -0.225104 -0.02676 -0.00578 0.158189
0.131138 -0.225104 -0.02676 -0.00578 0.158189
0.131138 -0.225104 -0.02676 -0.00578 0.158189
0.071746 -0.291265 -0.034576 -0.098205 -0.007306
0.050845 -0.311492 -0.042973 -0.176399 -0.052274
0.223386 -0.128364 0.038098 0.070555 0.181261
0.223386 -0.128364 0.038098 0.070555 0.181261
0.13996 -0.231686 -0.045511 -0.113604 0.180602
0.241244 -0.142586 0.050349 -0.223951 -0.043188
0.254598 -0.125212 0.122734 0.117512 0.07127
0.18618 -0.195956 0.064796 0.249566 0.293266
0.18618 -0.195956 0.064796 0.249566 0.293266
0.122491 -0.236046 -0.021471 -0.11295 0.05607
0.203019 -0.122194 0.040656 -0.029114 -0.032834
0.308655 -0.053475 0.074195 -0.173282 -0.125916
0.308655 -0.053475 0.074195 -0.173282 -0.125916
0.177226 -0.205056 0.029819 -0.084659 0.055554
0.190609 -0.160566 0.076091 0.159654 0.122642
0.190609 -0.160566 0.076091 0.159654 0.122642
0.054873 -0.323318 -0.040474 -0.033121 0.208952
0.068269 -0.329665 -0.037677 -0.21308 -0.159374
0.158904 -0.210913 0.054123 0.026635 -0.021087
0.161465 -0.261366 0.029149 0.073836 0.028639
0.240611 -0.176052 0.01412 -0.125382 0.062648
0.088411 -0.259036 -0.108986 -0.308691 0.147686
0.088411 -0.259036 -0.108986 -0.308691 0.147686
0.088411 -0.259036 -0.108986 -0.308691 0.147686
0.088411 -0.259036 -0.108986 -0.308691 0.147686
0.088411 -0.259036 -0.108986 -0.308691 0.147686
0.088411 -0.259036 -0.108986 -0.308691 0.147686
0.140663 -0.11558 0.033307 -0.037448 0.054182
0.067817 -0.279423 -0.075272 -0.208357 0.077077
0.265317 -0.084333 0.056729 -0.260344 -0.171491
0.265317 -0.084333 0.056729 -0.260344 -0.171491
0.240489 -0.120457 0.054705 -0.177415 -0.152388
0.200676 -0.143746 0.060891 -0.042038 -0.061191
0.200676 -0.143746 0.060891 -0.042038 -0.061191
0.201478 -0.142786 0.061684 -0.041371 -0.060498
0.167307 -0.226923 -0.041738 -0.312613 -0.007267
0.056715 -0.337198 -0.04195 -0.147365 0.028574
0.097083 -0.256503 0.032167 0.195231 0.166835
0.097083 -0.256503 0.032167 0.195231 0.166835
0.143274 -0.111262 -0.019683 -0.05338 0.186731
0.143274 -0.111262 -0.019683 -0.05338 0.186731
0.140063 -0.138802 0.059161 -0.336807 -0.467954
0.085783 -0.234841 -0.078066 -0.544117 -0.176813
0.03581 -0.351219 -0.125568 -0.339083 0.137384
0.128413 -0.2807 -0.032328 -0.230734 -0.014033
0.030805 -0.31183 -0.113554 -0.097203 0.288484
0.133185 -0.251812 -0.020444 0.014764 0.174595
0.047752 -0.421829 -0.128434 0.054063 0.42628
0.047752 -0.421829 -0.128434 0.054063 0.42628
0.047752 -0.421829 -0.128434 0.054063 0.42628
0.155617 -0.33335 -0.061726 -0.105279 0.149559
0.286949 -0.098277 0.044103 -0.00946 0.063812
0.286949 -0.098277 0.044103 -0.00946 0.063812
0.097222 -0.308172 -0.132131 -0.214143 0.262548
0.097222 -0.308172 -0.132131 -0.214143 0.262548
0.097222 -0.308172 -0.132131 -0.214143 0.262548
0.038373 -0.376598 -0.177835 -0.36619 0.24342
0.038373 -0.376598 -0.177835 -0.36619 0.24342
0.046816 -0.365957 -0.138856 -0.292115 0.180937
0.046816 -0.365957 -0.138856 -0.292115 0.180937
0.046816 -0.365957 -0.138856 -0.292115 0.180937
0.118219 -0.169325 0.031865 0.362785 0.297256
0.118219 -0.169325 0.031865 0.362785 0.297256
0.146198 -0.206747 0.018049 0.00771 0.117103
0.106835 -0.320051 -0.048862 0.141595 0.37636
0.106835 -0.320051 -0.048862 0.141595 0.37636
0.106835 -0.320051 -0.048862 0.141595 0.37636
0.160362 -0.245265 0.001304 0.074368 0.092337
0.153323 -0.215325 0.028287 -0.01601 -0.115973
0.184144 -0.157591 0.025859 -0.085397 -0.139506
0.185353 -0.115243 0.006821 -0.128862 0.040127
0.185353 -0.115243 0.006821 -0.128862 0.040127
0.203475 -0.141319 0.044702 0.079962 0.089758
0.127795 -0.292732 0.07238 0.267703 0.091213
0.169404 -0.062902 0.107757 0.226403 0.028596
0.196815 -0.022261 0.156747 0.297133 -0.03664
0.213111 -0.05824 0.105267 -0.020182 -0.174581
0.221538 -0.046897 0.096727 -0.135893 -0.211413
0.170701 -0.137524 0.030369 -0.188104 -0.015875
0.041312 -0.287428 -0.056918 -0.108305 0.135162
0.052617 -0.311858 0.004658 -0.169738 -0.189329
0.052617 -0.311858 0.004658 -0.169738 -0.189329
0.18508 -0.154112 0.06625 0.03085 0.084434
0.174232 -0.124481 0.022564 0.001541 0.192153
0.271901 -0.046915 0.109119 -0.212088 -0.230004
0.213949 -0.168737 0.01754 -0.312196 -0.129372
0.178071 -0.219448 0.014616 -0.053296 0.052222
0.219651 -0.119161 0.056796 0.112836 0.182274
0.150889 -0.1218 0.0769 0.198167 0.101184
0.182412 -0.113354 0.077515 0.103615 0.099627
0.182412 -0.113354 0.077515 0.103615 0.099627
0.091929 -0.269825 -0.010383 0.065138 0.202721
0.027541 -0.495655 -0.09436 -0.045108 0.329211
-0.002161 -0.511921 -0.115875 -0.164281 0.194475
0.030458 -0.55861 -0.071847 0.09322 0.308594
0.010204 -0.522019 -0.056125 -0.084932 0.036727
0.05856 -0.567866 -0.081881 -0.006095 0.189607
0.099168 -0.469268 -0.029527 -0.049758 0.055025
0.099168 -0.469268 -0.029527 -0.049758 0.055025
0.075677 -0.455499 -0.043971 -0.068186 0.026993
0.152688 -0.36133 0.042383 -0.004959 -0.126929
0.228891 -0.252815 0.071746 0.031533 0.016549
0.295794 -0.137798 0.100505 -0.027053 -0.028695
0.295794 -0.137798 0.100505 -0.027053 -0.028695
0.295794 -0.137798 0.100505 -0.027053 -0.028695
0.295794 -0.137798 0.100505 -0.027053 -0.028695
0.30252 -0.122531 0.106807 0.108274 0.006965
0.299392 -0.129283 0.102993 -0.05009 -0.139927
0.222907 -0.235825 0.048216 0.097303 0.064093
0.221816 -0.235483 0.030823 -0.049635 -0.04501
0.173115 -0.270574 -0.010748 -0.244212 -0.093002
0.173115 -0.270574 -0.010748 -0.244212 -0.093002
0.173115 -0.270574 -0.010748 -0.244212 -0.093002
0.264919 -0.134733 0.012772 -0.497071 -0.207983
0.228477 -0.105029 0.062794 -0.132172 -0.032962
0.334188 0.035924 0.119975 -0.300773 -0.246411
0.170423 -0.039011 0.048805 -0.025335 0.138865
-0.001936 -0.244441 -0.058642 0.073289 0.298108
-0.080038 -0.396504 -0.167286 -0.119076 0.367609
0.099828 -0.20916 -0.019425 -0.141512 0.110339
0.099828 -0.20916 -0.019425 -0.141512 0.110339
0.149452 -0.159895 0.038083 -0.134766 -0.078808
0.227371 -0.079943 0.110597 0.014766 -0.13473
0.133554 -0.269058 -0.035984 -0.043567 0.134556
0.124759 -0.224487 -0.04052 -0.369262 -0.148362
0.124759 -0.224487 -0.04052 -0.369262 -0.148362
0.286422 -0.188723 0.068393 0.094007 0.121954
0.30782 -0.080719 0.141101 0.281953 0.097118
0.139727 -0.249894 0.012336 0.236674 0.358214
0.256374 -0.101406 0.108162 0.295392 0.23357
0.256374 -0.101406 0.108162 0.295392 0.23357
0.256374 -0.101406 0.108162 0.295392 0.23357
0.256374 -0.101406 0.108162 0.295392 0.23357
0.250849 -0.069702 0.135245 0.078025 -0.151548
0.180387 -0.009492 0.077909 -0.09325 -0.099188
0.174199 -0.076682 0.153639 0.269639 -0.04472
0.311292 0.04874 0.255022 0.19738 -0.203954
0.191921 -0.146429 0.070907 0.013828 0.114956
0.184492 -0.137612 0.070387 -0.129556 -0.049046
0.154076 -0.269482 0.030366 -0.033728 0.02974
0.154076 -0.269482 0.030366 -0.033728 0.02974
0.154076 -0.269482 0.030366 -0.033728 0.02974
0.006505 -0.506125 -0.08672 -0.148634 0.023386
0.183905 -0.289305 0.044082 -0.04623 -0.075782
0.362881 -0.056333 0.208499 0.175915 -0.141967
0.362881 -0.056333 0.208499 0.175915 -0.141967
0.304776 -0.116674 0.167005 0.077428 -0.252103
0.26303 -0.044674 0.084786 0.055812 -0.073113
0.26303 -0.044674 0.084786 0.055812 -0.073113
0.237907 -0.082134 0.04907 -0.091405 -0.118905
0.217778 -0.136809 -0.022921 -0.327764 -0.162559
0.08863 -0.286327 -0.068514 -0.352065 -0.083971
0.206855 -0.14774 0.07107 -0.037451 -0.076499
0.190331 -0.157497 0.040201 -0.096024 -0.08569
0.199712 -0.171043 0.025647 -0.517551 -0.355129
0.199712 -0.171043 0.025647 -0.517551 -0.355129
0.199712 -0.171043 0.025647 -0.517551 -0.355129
0.194284 -0.21095 0.019485 -0.412348 -0.208561
0.194284 -0.21095 0.019485 -0.412348 -0.208561
0.194284 -0.21095 0.019485 -0.412348 -0.208561
0.194284 -0.21095 0.019485 -0.412348 -0.208561
0.194284 -0.21095 0.019485 -0.412348 -0.208561
0.115719 -0.23208 0.046105 -0.098189 -0.093479
0.172088 -0.308383 0.021513 0.087192 0.173605
0.172088 -0.308383 0.021513 0.087192 0.173605
0.155656 -0.274491 -0.025443 -0.236029 -0.028059
0.201556 -0.290203 0.014726 -0.158954 -0.083817
0.228704 -0.277457 0.064618 -0.007594 -0.06813
0.206365 -0.272145 0.077779 0.30889 0.168717
0.206365 -0.272145 0.077779 0.30889 0.168717
0.14318 -0.390487 -0.060149 -0.120673 0.164125
0.14318 -0.390487 -0.060149 -0.120673 0.164125
0.176584 -0.240667 -0.038087 -0.621385 -0.181323
0.147983 -0.231824 -0.022718 -0.362234 -0.038382
0.121525 -0.179673 0.03181 -0.192985 -0.181389
0.121525 -0.179673 0.03181 -0.192985 -0.181389
0.163693 -0.30774 0.022242 0.075108 0.125775
0.163693 -0.30774 0.022242 0.075108 0.125775
0.183486 -0.259481 0.015539 -0.127181 -0.019219
0.233112 -0.194912 -0.017711 -0.361098 -0.033692
0.194399 -0.259022 -0.020564 -0.267014 -0.083571
0.194399 -0.259022 -0.020564 -0.267014 -0.083571
0.264517 -0.124412 0.102705 0.039123 -0.065203
0.295794 0.002611 0.06955 -0.073845 0.067138
0.245731 -0.106612 -0.018238 -0.367505 0.023576
0.258079 -0.07162 0.004965 -0.291996 0.02762
0.18232 -0.193983 0.02513 0.149222 0.193693
0.18232 -0.193983 0.02513 0.149222 0.193693
0.18232 -0.193983 0.02513 0.149222 0.193693
0.18232 -0.193983 0.02513 0.149222 0.193693
0.158564 -0.263979 -0.033492 0.03812 0.277001
0.156526 -0.270621 -0.058451 -0.247718 0.13869
0.156526 -0.270621 -0.058451 -0.247718 0.13869
0.156526 -0.270621 -0.058451 -0.247718 0.13869
0.080236 -0.297854 -0.106961 -0.336658 0.081485
0.090721 -0.209414 -0.014505 -0.228207 -0.039175
0.113524 -0.207245 -0.017123 -0.287987 -0.129081
0.111277 -0.238972 -0.042656 -0.411728 -0.109365
0.111277 -0.238972 -0.042656 -0.411728 -0.109365
0.111277 -0.238972 -0.042656 -0.411728 -0.109365
0.111277 -0.238972 -0.042656 -0.411728 -0.109365
0.101036 -0.305034 -0.054139 -0.304653 -0.047125
0.01739 -0.449999 -0.083089 0.005078 0.155432
0.050283 -0.384771 -0.045918 0.033358 0.090877
0.081405 -0.322214 -0.059533 -0.419529 -0.174812
0.081405 -0.322214 -0.059533 -0.419529 -0.174812
0.081405 -0.322214 -0.059533 -0.419529 -0.174812
0.143645 -0.292046 -0.004527 -0.013047 0.109304
0.143091 -0.194619 -0.009466 -0.044223 0.193975
0.049005 -0.357476 -0.099917 -0.136601 0.125362
0.111219 -0.243259 0.012007 0.098229 0.100494
0.111219 -0.243259 0.012007 0.098229 0.100494
0.103109 -0.254891 -0.047007 0.094186 0.273152
0.114238 -0.195322 -0.037186 -0.106656 0.085263
0.114238 -0.195322 -0.037186 -0.106656 0.085263
0.113033 -0.197322 -0.056916 -0.186501 0.066842
0.113033 -0.197322 -0.056916 -0.186501 0.066842
0.092178 -0.284892 -0.010855 0.034571 0.137939
0.075003 -0.334703 -0.045553 -0.174185 0.017953
-0.0364 -0.41015 -0.18886 -0.559507 0.096674
-0.0364 -0.41015 -0.18886 -0.559507 0.096674
0.078153 -0.203047 -0.017215 -0.265565 0.007865
0.068962 -0.267715 -0.023653 -0.193114 -0.087286
0.010032 -0.378603 -0.072685 -0.115123 -0.071171
-0.016512 -0.449042 -0.098878 -0.008551 0.182274
0.016653 -0.289477 -0.060651 -0.202558 0.035763
0.11009 -0.273041 -0.019938 -0.266362 -0.034179
0.089712 -0.288784 0.040534 0.09845 -0.033326
0.272457 -0.178713 0.168111 0.139203 -0.223366
0.272457 -0.178713 0.168111 0.139203 -0.223366
0.140038 -0.257655 -0.005259 -0.254302 -0.106473
0.140038 -0.257655 -0.005259 -0.254302 -0.106473
0.140038 -0.257655 -0.005259 -0.254302 -0.106473
0.134951 -0.206508 0.018468 -0.354132 -0.339887
0.134951 -0.206508 0.018468 -0.354132 -0.339887
0.134951 -0.206508 0.018468 -0.354132 -0.339887
0.186698 -0.114382 0.040131 -0.127986 -0.104809
0.186698 -0.114382 0.040131 -0.127986 -0.104809
0.186698 -0.114382 0.040131 -0.127986 -0.104809
0.097617 -0.222501 0.020436 -0.023151 -0.086353
0.097617 -0.222501 0.020436 -0.023151 -0.086353
0.132895 -0.226972 0.045863 0.270052 0.157165
0.264818 -0.096716 0.113741 0.077108 -0.033538
0.243846 -0.177109 0.062407 -0.081626 -0.066934
0.210592 -0.287318 0.059928 0.037751 0.004583
0.207711 -0.225914 0.048564 -0.154441 -0.194802
0.217826 -0.13565 0.074512 -0.149728 -0.200185
0.178381 -0.206974 0.056195 -0.086407 -0.145143
0.135682 -0.298918 -0.04222 -0.20317 -0.067161
0.121337 -0.21353 0.035662 -0.049818 -0.128296
0.109344 -0.309289 0.001178 -0.183035 -0.083155
0.308213 -0.044416 0.161408 0.061094 -0.210168
0.241002 -0.133843 0.098047 -0.142208 -0.221068
0.13325 -0.276383 -0.020043 -0.143791 0.01357
0.119313 -0.294406 -0.022537 -0.083061 0.055777
0.119313 -0.294406 -0.022537 -0.083061 0.055777
0.299397 -0.191049 0.038235 -0.243253 -0.015237
0.322008 -0.033941 0.145555 0.257193 0.231076
0.291334 -0.064015 0.130183 0.251773 0.236116
0.188103 -0.130194 0.007621 -0.274416 0.000926
0.188103 -0.130194 0.007621 -0.274416 0.000926
0.095298 -0.187282 -0.035999 0.037399 0.341878
0.095298 -0.187282 -0.035999 0.037399 0.341878
0.182152 -0.130879 0.048151 -0.176978 -0.055533
0.248708 -0.062839 0.074128 -0.108491 -0.08114
0.248708 -0.062839 0.074128 -0.108491 -0.08114
0.204941 -0.138548 -0.007251 -0.192421 0.004378
0.204941 -0.138548 -0.007251 -0.192421 0.004378
0.204941 -0.138548 -0.007251 -0.192421 0.004378
0.161829 -0.281328 -0.031624 -0.059055 0.122131
0.210612 -0.110066 0.097726 0.236367 0.044501
0.189752 -0.103248 0.086394 0.343257 0.235795
0.189752 -0.103248 0.086394 0.343257 0.235795
0.189752 -0.103248 0.086394 0.343257 0.235795
0.164213 -0.112905 0.0762 0.219438 0.103967
0.164213 -0.112905 0.0762 0.219438 0.103967
0.179355 -0.176956 0.031445 0.094864 0.093275
0.224124 -0.173694 0.081261 -0.112951 -0.17424
0.224124 -0.173694 0.081261 -0.112951 -0.17424
0.22001 -0.236244 0.077903 -0.062199 -0.109535
0.302765 -0.052055 0.078312 -0.177462 -0.101194
0.302765 -0.052055 0.078312 -0.177462 -0.101194
0.312248 -0.054495 0.092422 0.052755 0.01884
0.124676 -0.245843 -0.089002 -0.264323 0.075997
0.174957 -0.214326 -0.085967 -0.391599 0.065421
0.148355 -0.209497 -0.033536 -0.054489 0.170341
0.148355 -0.209497 -0.033536 -0.054489 0.170341
0.0983 -0.272935 -0.016973 -0.121214 -0.006011
0.0983 -0.272935 -0.016973 -0.121214 -0.006011
0.166408 -0.227279 0.054246 -0.007169 -0.083999
0.166408 -0.227279 0.054246 -0.007169 -0.083999
0.094147 -0.164097 0.012388 0.143266 0.227288
0.160227 -0.076927 0.05656 -0.117124 -0.026704
0.177384 -0.075886 0.05509 -0.210906 -0.129506
0.177384 -0.075886 0.05509 -0.210906 -0.129506
0.218297 -0.11912 0.114706 -0.119249 -0.258459
0.233187 -0.082347 0.154569 0.166699 -0.10558
0.233187 -0.082347 0.154569 0.166699 -0.10558
0.09808 -0.168949 -0.005893 0.031971 0.11712
0.117341 -0.240368 -0.007328 -0.001942 -0.039173
0.117341 -0.240368 -0.007328 -0.001942 -0.039173
0.139962 -0.231474 -0.049837 0.069671 0.211421
0.273955 -0.024928 0.071376 -0.207953 -0.225428
0.248038 -0.094968 0.021618 -0.085859 0.011762
0.248038 -0.094968 0.021618 -0.085859 0.011762
0.182729 -0.12304 -0.019978 -0.101117 0.099538
0.272159 -0.010106 0.091011 -0.145522 -0.143021
0.218782 -0.119779 -0.028065 -0.383213 0.027014
0.218377 -0.157757 -0.014623 -0.60892 -0.227917
0.218377 -0.157757 -0.014623 -0.60892 -0.227917
0.218377 -0.157757 -0.014623 -0.60892 -0.227917
0.218377 -0.157757 -0.014623 -0.60892 -0.227917
0.230688 -0.049246 0.069901 -0.225034 -0.135936
0.066781 -0.282878 -0.108727 -0.28999 0.155267
0.130249 -0.256011 -0.064839 -0.379542 -0.002437
0.249648 -0.121646 0.021121 -0.240672 -0.07589
0.135692 -0.261423 -0.062656 -0.158811 0.115577
0.135692 -0.261423 -0.062656 -0.158811 0.115577
0.138599 -0.226161 -0.021033 -0.135319 -0.034518
0.104363 -0.265751 -0.062408 -0.240762 -0.046934
0.204119 -0.219966 0.025132 -0.035628 0.006343
0.145027 -0.322177 0.019246 0.135596 0.091108
0.277689 -0.133827 0.086081 -0.028007 -0.131568
0.329746 -0.079123 0.120112 -0.086873 -0.149345
0.270701 -0.180546 0.113383 0.050041 -0.1115
0.264714 -0.183613 0.103795 -0.032306 -0.193454
0.172575 -0.255114 0.026046 -0.174447 -0.205739
0.225491 -0.15721 0.054194 -0.159645 -0.168939
0.183562 -0.13941 0.02541 -0.10026 -0.029853
0.168517 -0.250362 -0.028158 0.137206 0.34526
0.168517 -0.250362 -0.028158 0.137206 0.34526
0.168517 -0.250362 -0.028158 0.137206 0.34526
0.168517 -0.250362 -0.028158 0.137206 0.34526
0.168517 -0.250362 -0.028158 0.137206 0.34526
0.079238 -0.260981 -0.009074 -0.054982 -0.074843
0.05595 -0.409727 -0.083215 0.049941 0.178914
0.07862 -0.398771 -0.045125 0.124815 0.244255
0.126758 -0.202192 0.044694 0.030604 0.012712
0.265296 -0.056646 0.001621 -0.58245 -0.204491
0.170311 -0.14198 -0.05579 -0.418241 -0.004968
0.170311 -0.14198 -0.05579 -0.418241 -0.004968
0.170311 -0.14198 -0.05579 -0.418241 -0.004968
0.102585 -0.212003 -0.052767 -0.347608 -0.043271
0.102585 -0.212003 -0.052767 -0.347608 -0.043271
0.102585 -0.212003 -0.052767 -0.347608 -0.043271
0.092123 -0.158598 -0.044561 -0.444344 -0.079558
0.079033 -0.194589 -0.053202 -0.357775 0.002463
0.079033 -0.194589 -0.053202 -0.357775 0.002463
0.203823 -0.165924 0.028535 0.054059 0.072566
0.116289 -0.236524 -0.007789 0.203306 0.283937
0.140833 -0.213763 0.002586 0.132885 0.226777
0.188471 -0.148782 0.052666 0.131587 0.108079
0.162182 -0.145718 0.076406 0.10546 0.030588
0.162182 -0.145718 0.076406 0.10546 0.030588
0.162182 -0.145718 0.076406 0.10546 0.030588
0.176743 -0.196633 0.032601 -0.103716 -0.084008
0.247339 -0.069027 0.100895 0.004177 -0.053974
0.206603 -0.022178 0.117075 0.09847 -0.03096
0.279927 0.036181 0.159394 0.161711 -0.051518
0.279927 0.036181 0.159394 0.161711 -0.051518
0.278898 -0.059622 0.129328 0.084364 -0.04522
0.22777 -0.119709 0.074015 0.120283 0.116577
0.22777 -0.119709 0.074015 0.120283 0.116577
0.22777 -0.119709 0.074015 0.120283 0.116577
0.151234 -0.148646 0.065344 0.022137 -0.01532
0.224299 -0.183227 0.069647 0.23026 0.209218
0.258732 -0.050469 0.132362 0.221289 0.040832
0.258732 -0.050469 0.132362 0.221289 0.040832
0.090403 -0.178343 -0.033074 -0.150961 0.119599
0.162266 -0.149881 0.060516 0.043736 0.087869
0.17283 -0.173726 0.050902 -0.131545 -0.032092
0.148677 -0.205783 0.012317 -0.01613 0.167541
0.148677 -0.205783 0.012317 -0.01613 0.167541
0.144639 -0.232359 0.013355 -0.185301 -0.077289
0.132702 -0.297983 -0.058069 -0.29773 0.005231
0.169487 -0.337749 -0.061208 -0.091967 0.273759
0.138354 -0.293212 -0.079787 -0.217753 0.197647
0.138354 -0.293212 -0.079787 -0.217753 0.197647
0.122869 -0.28048 -0.079909 -0.178922 0.190735
0.127419 -0.268111 -0.000404 -0.056445 0.010773
0.168651 -0.239676 -0.005788 -0.335902 -0.149627
0.168651 -0.239676 -0.005788 -0.335902 -0.149627
0.257094 -0.088176 0.08483 -0.333378 -0.288094
0.260164 -0.051004 0.084366 -0.394977 -0.325296
0.260164 -0.051004 0.084366 -0.394977 -0.325296
0.260164 -0.051004 0.084366 -0.394977 -0.325296
0.260164 -0.051004 0.084366 -0.394977 -0.325296
0.260164 -0.051004 0.084366 -0.394977 -0.325296
0.260164 -0.051004 0.084366 -0.394977 -0.325296
0.260164 -0.051004 0.084366 -0.394977 -0.325296
0.260164 -0.051004 0.084366 -0.394977 -0.325296
0.260164 -0.051004 0.084366 -0.394977 -0.325296
0.242857 -0.082888 0.084638 -0.2731 -0.271766
0.242857 -0.082888 0.084638 -0.2731 -0.271766
0.242857 -0.082888 0.084638 -0.2731 -0.271766
0.189408 -0.219595 -0.043621 -0.177572 0.238231
0.070103 -0.406328 -0.124837 -0.197192 0.321173
0.083889 -0.401423 -0.10436 -0.050978 0.301915
0.083889 -0.401423 -0.10436 -0.050978 0.301915
0.099792 -0.346291 -0.091427 -0.040324 0.290406
0.109284 -0.311564 -0.011255 0.213952 0.289205
0.109284 -0.311564 -0.011255 0.213952 0.289205
0.109284 -0.311564 -0.011255 0.213952 0.289205
0.154622 -0.252846 0.014685 0.199321 0.263032
0.154622 -0.252846 0.014685 0.199321 0.263032
0.154622 -0.252846 0.014685 0.199321 0.263032
0.175708 -0.179608 -0.008502 -0.321706 -0.131224
0.212504 -0.054739 0.105008 -0.138666 -0.280966
0.212504 -0.054739 0.105008 -0.138666 -0.280966
0.212504 -0.054739 0.105008 -0.138666 -0.280966
0.212504 -0.054739 0.105008 -0.138666 -0.280966
0.262655 -0.018899 0.100869 -0.275129 -0.314465
0.262655 -0.018899 0.100869 -0.275129 -0.314465
0.262655 -0.018899 0.100869 -0.275129 -0.314465
0.262655 -0.018899 0.100869 -0.275129 -0.314465
0.235396 -0.046136 0.09174 0.000321 -0.005931
0.153355 -0.263233 -0.041774 -0.157371 0.099817
0.153355 -0.263233 -0.041774 -0.157371 0.099817
0.153355 -0.263233 -0.041774 -0.157371 0.099817
0.153355 -0.263233 -0.041774 -0.157371 0.099817
0.153355 -0.263233 -0.041774 -0.157371 0.099817
0.101585 -0.214559 -0.037699 -0.099249 0.12383
0.164134 -0.180338 0.039903 -0.180261 -0.090315
0.158386 -0.242342 -0.002242 0.114068 0.324633
0.158386 -0.242342 -0.002242 0.114068 0.324633
0.132744 -0.274225 -0.045489 -0.232703 -0.0363
0.132744 -0.274225 -0.045489 -0.232703 -0.0363
0.246228 -0.284377 0.075029 -0.077817 -0.176067
0.102972 -0.484042 -0.048724 -0.118288 0.027715
0.102972 -0.484042 -0.048724 -0.118288 0.027715
0.102972 -0.484042 -0.048724 -0.118288 0.027715
0.079858 -0.393684 -0.04752 -0.180682 -0.053507
0.079858 -0.393684 -0.04752 -0.180682 -0.053507
0.178961 -0.293143 0.009269 -0.021575 -0.062091
0.140173 -0.32328 0.023435 0.238963 0.253285
0.140173 -0.32328 0.023435 0.238963 0.253285
0.140173 -0.32328 0.023435 0.238963 0.253285
0.140173 -0.32328 0.023435 0.238963 0.253285
0.140173 -0.32328 0.023435 0.238963 0.253285
0.119019 -0.288387 -0.05004 0.054523 0.225185
0.135664 -0.271337 -0.073003 -0.280129 0.019253
0.1329 -0.241415 -0.005572 -0.239597 -0.181074
0.1329 -0.241415 -0.005572 -0.239597 -0.181074
0.15939 -0.285616 -0.013842 -0.384025 -0.29753
0.160216 -0.165979 -0.038383 -0.256866 0.040719
0.193684 -0.182532 -0.015987 -0.023472 0.166229
0.193684 -0.182532 -0.015987 -0.023472 0.166229
0.067516 -0.43274 -0.119286 -0.098667 0.323092
0.087853 -0.372256 -0.10588 -0.141731 0.233359
0.087853 -0.372256 -0.10588 -0.141731 0.233359
0.004644 -0.262631 -0.057688 -0.265458 -0.069922
0.004644 -0.262631 -0.057688 -0.265458 -0.069922
0.211649 -0.144504 0.129727 0.097769 -0.135468
0.249864 -0.072271 0.151423 0.218199 -0.030886
0.249864 -0.072271 0.151423 0.218199 -0.030886
0.234311 -0.055304 0.136222 0.23232 0.046592
0.234311 -0.055304 0.136222 0.23232 0.046592
0.289994 0.017846 0.174575 0.023127 -0.185801
0.201762 -0.168641 0.079933 -0.09537 -0.156363
0.298627 -0.042306 0.145137 0.10104 -0.098608
0.298627 -0.042306 0.145137 0.10104 -0.098608
0.259492 -0.103801 0.107417 0.203892 0.100943
0.259492 -0.103801 0.107417 0.203892 0.100943
0.259492 -0.103801 0.107417 0.203892 0.100943
0.281708 -0.147292 0.126421 0.050116 -0.100914
0.224572 -0.205654 0.072117 -0.01892 -0.027606
0.234197 -0.18958 0.052981 -0.073504 0.060408
0.161582 -0.256248 -0.060403 -0.429659 -0.010019
0.104163 -0.2464 -0.072778 -0.303324 0.029738
0.104163 -0.2464 -0.072778 -0.303324 0.029738
0.137007 -0.163462 0.035751 0.043553 0.115849
0.137007 -0.163462 0.035751 0.043553 0.115849
0.137007 -0.163462 0.035751 0.043553 0.115849
0.118166 -0.210833 -0.011069 -0.214073 -0.037541
0.118166 -0.210833 -0.011069 -0.214073 -0.037541
0.118166 -0.210833 -0.011069 -0.214073 -0.037541
0.118166 -0.210833 -0.011069 -0.214073 -0.037541
0.118166 -0.210833 -0.011069 -0.214073 -0.037541
0.163977 -0.110437 0.075332 0.043925 -0.109688
0.236411 -0.044521 0.14665 0.155866 -0.083122
0.23883 -0.029989 0.128793 0.168788 0.015852
0.23883 -0.029989 0.128793 0.168788 0.015852
0.148155 -0.148706 -0.021019 -0.247166 0.014124
0.15552 -0.197138 0.054007 -0.048675 -0.073407
0.196213 -0.219573 0.038543 0.047115 0.131927
0.144442 -0.271387 -0.038563 0.01791 0.291779
0.148918 -0.293287 -0.016905 0.030693 0.227694
0.148918 -0.293287 -0.016905 0.030693 0.227694
0.113676 -0.224716 -0.010366 0.066372 0.109037
0.181274 -0.197597 0.081144 0.178447 0.032515
0.116206 -0.269604 -0.011716 -0.094388 0.037046
0.116206 -0.269604 -0.011716 -0.094388 0.037046
0.116206 -0.269604 -0.011716 -0.094388 0.037046
0.116206 -0.269604 -0.011716 -0.094388 0.037046
0.136646 -0.142697 -0.017051 -0.103966 0.168072
0.127914 -0.153709 0.005978 -0.037536 0.138598
0.127914 -0.153709 0.005978 -0.037536 0.138598
0.122209 -0.223779 0.04664 0.251551 0.161904
0.189706 -0.144101 0.076416 0.216667 0.163617
0.112171 -0.210877 0.04846 0.214931 0.174942
0.03087 -0.376546 -0.00316 0.314374 0.242945
0.03087 -0.376546 -0.00316 0.314374 0.242945
0.03087 -0.376546 -0.00316 0.314374 0.242945
0.03087 -0.376546 -0.00316 0.314374 0.242945
0.241727 -0.14884 0.07592 0.066583 0.011683
0.167908 -0.171631 -0.026338 -0.082581 0.126528
0.186098 -0.093142 0.024653 -0.106336 -0.053686
0.186098 -0.093142 0.024653 -0.106336 -0.053686
0.20557 -0.115269 -0.007367 -0.359595 -0.127702
0.177239 -0.203386 0.008306 -0.030981 0.054466
0.177239 -0.203386 0.008306 -0.030981 0.054466
0.20959 -0.201976 0.041344 0.075735 0.227613
0.20959 -0.201976 0.041344 0.075735 0.227613
0.230976 -0.180831 0.023429 -0.146776 0.13762
0.19483 -0.243091 -0.03139 -0.425744 -0.107998
0.152182 -0.314376 -0.01314 -0.142873 0.107163
0.115885 -0.249487 -0.0335 -0.419737 -0.15461
0.115885 -0.249487 -0.0335 -0.419737 -0.15461
0.225107 -0.128579 0.036509 -0.219791 -0.04633
0.21002 -0.075108 0.013302 -0.364287 -0.072484
0.21002 -0.075108 0.013302 -0.364287 -0.072484
0.21002 -0.075108 0.013302 -0.364287 -0.072484
0.21002 -0.075108 0.013302 -0.364287 -0.072484
0.21002 -0.075108 0.013302 -0.364287 -0.072484
0.21002 -0.075108 0.013302 -0.364287 -0.072484
0.159427 -0.122881 0.015604 -0.24947 -0.066743
0.159427 -0.122881 0.015604 -0.24947 -0.066743
0.219364 -0.089168 0.059858 -0.144554 -0.069434
0.103196 -0.275919 -0.039929 -0.234138 -0.045095
0.179658 -0.210187 0.037147 -0.095443 -0.097376
0.127945 -0.231677 0.019135 0.058629 0.049255
0.321551 -0.04367 0.125037 0.019847 0.011276
0.124127 -0.333908 -0.04736 -0.130251 0.161508
0.126644 -0.325482 -0.086444 -0.332267 0.044017
0.126644 -0.325482 -0.086444 -0.332267 0.044017
0.126644 -0.325482 -0.086444 -0.332267 0.044017
0.129579 -0.29026 -0.064354 -0.22857 0.075335
0.084893 -0.281692 -0.03262 0.210811 0.364439
0.10067 -0.329103 -0.06166 0.102354 0.391466
0.10067 -0.329103 -0.06166 0.102354 0.391466
0.117421 -0.233128 -0.054509 -0.34745 -0.021686
0.117421 -0.233128 -0.054509 -0.34745 -0.021686
0.236308 -0.188656 0.054621 -0.128434 -0.057776
0.235233 -0.188583 0.05101 -0.153117 -0.069525
0.235233 -0.188583 0.05101 -0.153117 -0.069525
0.134713 -0.286038 -0.042223 -0.01538 0.230962
0.134713 -0.286038 -0.042223 -0.01538 0.230962
0.134713 -0.286038 -0.042223 -0.01538 0.230962
0.169844 -0.159563 0.032821 0.113589 0.179974
0.188626 -0.142343 0.037231 0.217789 0.301019
0.188626 -0.142343 0.037231 0.217789 0.301019
0.188626 -0.142343 0.037231 0.217789 0.301019
0.150557 -0.17712 0.0197 0.04619 0.186878
0.147252 -0.142113 -0.035168 0.137065 0.355067
0.099048 -0.240003 -0.128947 -0.176622 0.304596
0.154741 -0.106681 -0.048618 -0.370251 -0.076097
0.154741 -0.106681 -0.048618 -0.370251 -0.076097
0.154741 -0.106681 -0.048618 -0.370251 -0.076097
0.294602 -0.007533 0.120591 0.061457 -0.000995
0.294602 -0.007533 0.120591 0.061457 -0.000995
0.294602 -0.007533 0.120591 0.061457 -0.000995
0.268582 0.047383 0.155939 0.017521 -0.141771
0.20891 -0.01065 0.065707 -0.065984 -0.008724
0.22157 -0.070954 0.014979 -0.235581 0.009005
0.20507 -0.066102 0.001674 -0.382617 -0.101191
0.19614 -0.044523 0.066037 -0.028208 -0.042715
0.259532 0.026953 0.113828 -0.238836 -0.398226
0.21945 -0.118031 0.055055 -0.073156 -0.15405
0.21945 -0.118031 0.055055 -0.073156 -0.15405
0.21945 -0.118031 0.055055 -0.073156 -0.15405
0.251821 -0.047749 0.067102 -0.194162 -0.16083
0.22839 -0.085442 0.075368 -0.198366 -0.244534
0.22839 -0.085442 0.075368 -0.198366 -0.244534
0.22839 -0.085442 0.075368 -0.198366 -0.244534
0.22839 -0.085442 0.075368 -0.198366 -0.244534
0.211423 -0.094819 0.053678 -0.302842 -0.28374
0.209098 -0.110073 0.029998 -0.195223 -0.01075
0.209098 -0.110073 0.029998 -0.195223 -0.01075
0.305104 0.027018 0.121316 0.0973 -0.032655
0.305104 0.027018 0.121316 0.0973 -0.032655
0.219218 -0.065216 0.075183 0.26249 0.239298
0.219218 -0.065216 0.075183 0.26249 0.239298
0.231025 -0.055465 0.023115 -0.020639 0.122242
0.081997 -0.221269 -0.140041 -0.349045 0.181216
0.142634 -0.120167 -0.058798 -0.48143 -0.078143
0.142634 -0.120167 -0.058798 -0.48143 -0.078143
0.142634 -0.120167 -0.058798 -0.48143 -0.078143
0.142634 -0.120167 -0.058798 -0.48143 -0.078143
0.190459 -0.026942 0.015502 -0.354139 -0.073562
0.190459 -0.026942 0.015502 -0.354139 -0.073562
0.158901 -0.139033 -0.006795 -0.362292 -0.142758
0.158901 -0.139033 -0.006795 -0.362292 -0.142758
0.2028 -0.199412 0.024503 -0.415098 -0.342089
0.16536 -0.221337 -0.012427 -0.410604 -0.200298
0.199795 -0.207057 -0.007447 -0.344394 -0.134093
0.199795 -0.207057 -0.007447 -0.344394 -0.134093
0.199795 -0.207057 -0.007447 -0.344394 -0.134093
0.199795 -0.207057 -0.007447 -0.344394 -0.134093
0.199795 -0.207057 -0.007447 -0.344394 -0.134093
0.199795 -0.207057 -0.007447 -0.344394 -0.134093
0.231014 -0.196482 0.047674 -0.142918 -0.113569
0.133037 -0.388422 -0.028873 -0.029697 0.095975
0.204251 -0.165958 0.094163 0.036857 -0.116731
0.204251 -0.165958 0.094163 0.036857 -0.116731
0.111282 -0.220742 -0.014772 -0.232557 -0.160609
0.111282 -0.220742 -0.014772 -0.232557 -0.160609
0.111282 -0.220742 -0.014772 -0.232557 -0.160609
0.086992 -0.274129 -0.035849 -0.268874 -0.111796
0.022417 -0.316762 -0.109323 -0.291664 0.008632
0.022417 -0.316762 -0.109323 -0.291664 0.008632
0.198169 -0.129955 0.031391 -0.375525 -0.241375
0.246754 -0.134043 0.080921 0.006926 -0.042195
0.246754 -0.134043 0.080921 0.006926 -0.042195
0.154364 -0.264362 -0.007161 -0.033558 0.064029
0.154364 -0.264362 -0.007161 -0.033558 0.064029
0.154364 -0.264362 -0.007161 -0.033558 0.064029
0.20673 -0.183508 0.055762 0.049974 0.073977
0.20673 -0.183508 0.055762 0.049974 0.073977
0.13471 -0.136919 0.006188 -0.041218 0.158033
0.13471 -0.136919 0.006188 -0.041218 0.158033
0.026244 -0.194716 -0.053282 -0.010868 0.265748
0.101683 -0.083137 -0.006402 -0.028178 0.177373
0.101683 -0.083137 -0.006402 -0.028178 0.177373
0.077416 -0.174444 -0.030124 -0.019582 0.237691
0.032928 -0.21371 -0.081904 -0.22149 0.015991
0.031308 -0.160319 -0.033556 0.00294 0.199422
0.023654 -0.227094 -0.06895 -0.20452 0.067441
0.140002 -0.060227 0.083764 0.248012 0.197101
0.150708 -0.088879 0.059971 0.14489 0.09506
0.077423 -0.230661 -0.02383 0.123592 0.175908
0.077423 -0.230661 -0.02383 0.123592 0.175908
0.077423 -0.230661 -0.02383 0.123592 0.175908
0.077423 -0.230661 -0.02383 0.123592 0.175908
0.057065 -0.279006 -0.072763 0.126958 0.247384
0.028857 -0.260166 -0.100182 -0.038812 0.316371
0.028857 -0.260166 -0.100182 -0.038812 0.316371
0.225207 -0.105342 0.051686 0.069972 0.050219
0.225207 -0.105342 0.051686 0.069972 0.050219
0.109169 -0.345161 0.006945 0.155818 0.206121
0.24362 -0.115284 0.084404 0.103917 0.102734
0.14451 -0.053606 0.021702 0.084033 0.181363
0.294132 0.04413 0.140048 0.093564 0.013029
0.199001 -0.197451 -0.012438 -0.248254 0.074196
0.199001 -0.197451 -0.012438 -0.248254 0.074196
0.206926 -0.189121 0.084832 -0.187321 -0.276011
0.206926 -0.189121 0.084832 -0.187321 -0.276011
0.226692 -0.07524 0.108463 -0.09608 -0.325908
0.226692 -0.07524 0.108463 -0.09608 -0.325908
0.17973 -0.124358 0.071985 -0.003547 -0.182901
0.167194 -0.165205 -0.006409 -0.319242 -0.141353
0.167194 -0.165205 -0.006409 -0.319242 -0.141353
0.253101 -0.192646 0.084289 -0.002747 -0.09358
0.249366 -0.185325 0.053915 -0.230204 -0.168332
0.228135 -0.195391 0.03138 -0.310963 -0.246011
0.231245 -0.027268 0.141937 -0.052609 -0.293782
0.26794 -0.029188 0.133488 -0.256425 -0.332566
0.20699 -0.137325 0.110734 0.063319 -0.103783
0.286249 -0.066167 0.204446 0.150604 -0.168479
0.315682 -0.094017 0.206039 0.244691 -0.116188
0.256439 -0.159057 0.091643 0.23763 0.063499
0.154574 -0.295645 -0.024801 -0.004887 0.118424
0.154574 -0.295645 -0.024801 -0.004887 0.118424
0.130193 -0.314089 -0.05341 -0.181601 0.08486
0.176892 -0.218308 0.016956 0.150982 0.275672
0.176892 -0.218308 0.016956 0.150982 0.275672
0.176892 -0.218308 0.016956 0.150982 0.275672
0.184049 -0.212274 0.058463 0.045736 0.082905
0.221643 -0.158976 0.1063 0.183599 0.077436
0.262317 -0.081495 0.081101 -0.031976 0.054791
0.262283 -0.076811 0.067917 -0.013822 -0.014661
0.201226 -0.192434 0.044146 0.019717 0.008908
0.291335 -0.060095 0.151057 -0.098469 -0.296565
0.290268 -0.078222 0.101957 -0.142407 -0.16396
0.255857 -0.119592 0.044617 -0.217686 -0.055312
0.205679 -0.184558 -0.033929 -0.422228 -0.120813
0.164077 -0.223755 -0.025889 0.087908 0.193178
0.164077 -0.223755 -0.025889 0.087908 0.193178
0.134485 -0.285194 -0.050522 0.063066 0.22998
0.185292 -0.197834 0.001325 -0.100168 -0.01874
0.195534 -0.16362 0.033009 -0.171471 -0.143275
0.240092 -0.161359 0.046663 -0.026417 0.050601
0.171687 -0.133766 -0.040564 -0.271555 0.096177
0.113875 -0.254796 -0.051236 -0.060417 0.183687
0.143987 -0.184088 -0.009737 -0.058296 0.106411
0.245634 -0.060711 0.080522 -0.009611 0.008005
0.17673 -0.19324 0.002241 0.078392 0.224516
0.280035 -0.022854 0.145243 0.030447 -0.18967
0.234263 -0.120734 0.054082 -0.129741 -0.168313
0.234263 -0.120734 0.054082 -0.129741 -0.168313
0.234263 -0.120734 0.054082 -0.129741 -0.168313
0.234263 -0.120734 0.054082 -0.129741 -0.168313
0.185819 -0.249683 -0.028068 -0.365882 -0.12063
0.185819 -0.249683 -0.028068 -0.365882 -0.12063
0.226522 -0.216177 0.069412 -0.133722 -0.144834
0.226522 -0.216177 0.069412 -0.133722 -0.144834
0.156238 -0.306255 -0.01813 0.170982 0.322235
0.137243 -0.296688 0.00973 0.065404 0.074568
0.221699 -0.057683 0.097774 0.211814 0.084834
0.221699 -0.057683 0.097774 0.211814 0.084834
0.165252 -0.15556 -0.003592 0.15864 0.320479
0.165252 -0.15556 -0.003592 0.15864 0.320479
0.233702 -0.08188 0.049218 0.126385 0.187165
0.233702 -0.08188 0.049218 0.126385 0.187165
0.233702 -0.08188 0.049218 0.126385 0.187165
0.180847 -0.043871 0.031951 -0.097499 0.018076
0.171351 -0.146987 -0.018735 -0.254113 0.042291
0.171351 -0.146987 -0.018735 -0.254113 0.042291
0.230147 -0.236038 0.009519 -0.27276 -0.005238
0.230147 -0.236038 0.009519 -0.27276 -0.005238
0.230147 -0.236038 0.009519 -0.27276 -0.005238
0.13898 -0.239934 -0.068912 -0.468532 -0.059373
0.13898 -0.239934 -0.068912 -0.468532 -0.059373
0.174583 -0.171262 -0.014738 -0.108375 0.152563
0.240231 -0.181904 -0.023277 -0.20413 0.099295
0.253074 0.026356 0.082144 -0.136938 -0.097277
0.225783 -0.070155 0.068959 -0.318674 -0.240797
0.233404 -0.057682 0.026642 -0.300895 -0.09198
0.233404 -0.057682 0.026642 -0.300895 -0.09198
0.23422 -0.128175 0.054968 -0.099758 -7.9e-05
0.23422 -0.128175 0.054968 -0.099758 -7.9e-05
0.158354 -0.162731 0.006802 -0.236859 -0.078386
0.158354 -0.162731 0.006802 -0.236859 -0.078386
0.158354 -0.162731 0.006802 -0.236859 -0.078386
0.158354 -0.162731 0.006802 -0.236859 -0.078386
0.202304 -0.189409 0.054522 0.074175 0.048495
0.12472 -0.299574 -0.04234 -0.076221 0.125757
0.113268 -0.275774 -0.047901 0.059399 0.357312
0.177026 -0.119763 0.059759 0.167307 0.156398
0.233213 -0.073596 0.097942 0.094862 0.030917
0.157704 -0.217328 -0.021059 0.00899 0.22254
0.197278 -0.227474 -0.019223 -0.20346 0.114676
0.154769 -0.181213 -0.024241 -0.13937 0.13715
0.154769 -0.181213 -0.024241 -0.13937 0.13715
0.195517 -0.147997 0.007327 -0.180323 0.062959
0.195517 -0.147997 0.007327 -0.180323 0.062959
0.145106 -0.167991 -0.011839 -0.056547 0.083656
0.119756 -0.184294 -0.021097 -0.024004 0.132002
0.119756 -0.184294 -0.021097 -0.024004 0.132002
0.119756 -0.184294 -0.021097 -0.024004 0.132002
0.18358 -0.078137 0.031058 -0.037225 -0.068173
0.149601 -0.243516 0.001286 0.294856 0.267167
0.245549 -0.069345 0.06259 0.026205 0.181493
0.306025 -0.077073 0.126125 -0.07614 -0.14084
0.24223 -0.151526 0.065824 -0.133263 -0.093446
0.24223 -0.151526 0.065824 -0.133263 -0.093446
0.053701 -0.463138 -0.116897 -0.270358 0.0635
0.085108 -0.378414 -0.085203 -0.054487 0.312657
0.020846 -0.439259 -0.086496 0.091478 0.374914
0.020846 -0.439259 -0.086496 0.091478 0.374914
0.110459 -0.348515 -0.010813 -0.029642 0.087148
0.096056 -0.315319 -0.033887 -0.169533 -0.009201
0.13797 -0.235417 0.026264 -0.105137 -0.104989
0.139553 -0.216239 0.051622 -0.079851 -0.14176
0.139553 -0.216239 0.051622 -0.079851 -0.14176
0.135774 -0.225007 0.010725 0.012896 0.03479
0.149432 -0.243852 -0.009253 -0.134125 0.034219
0.149432 -0.243852 -0.009253 -0.134125 0.034219
0.110916 -0.318396 -0.048555 -0.124495 0.026062
0.054381 -0.332827 -0.099535 -0.197113 0.155458
0.163276 -0.160388 -0.015474 -0.388471 -0.149684
0.163276 -0.160388 -0.015474 -0.388471 -0.149684
0.110697 -0.268446 -0.051455 -0.348716 -0.043066
0.077506 -0.397363 -0.024415 0.247533 0.242532
0.113108 -0.244531 0.03575 0.133344 0.086741
0.090338 -0.283257 0.002789 0.298628 0.166301
0.090338 -0.283257 0.002789 0.298628 0.166301
0.20387 -0.369765 -0.022228 -0.102821 0.060581
0.20387 -0.369765 -0.022228 -0.102821 0.060581
0.201179 -0.274201 -0.008111 -0.04753 0.188197
0.170871 -0.275707 0.02906 0.298167 0.379884
0.170871 -0.275707 0.02906 0.298167 0.379884
0.15606 -0.283187 -0.008412 0.164869 0.293505
0.190692 -0.130293 0.044226 -0.083733 -0.093814
0.22075 -0.094492 0.0882 0.15699 0.09931
0.22075 -0.094492 0.0882 0.15699 0.09931
0.245761 -0.070012 0.088636 -0.183599 -0.198755
0.198933 -0.152075 0.031849 -0.227253 -0.13344
0.198933 -0.152075 0.031849 -0.227253 -0.13344
0.164683 -0.198712 0.0436 0.011591 0.020893
0.231681 -0.031106 0.150145 0.159557 -0.014601
0.314544 -0.009958 0.174227 0.154679 -0.04402
0.284142 -0.188291 0.128983 0.162831 -0.042381
0.284142 -0.188291 0.128983 0.162831 -0.042381
0.349729 -0.05522 0.181499 0.234172 -0.102534
0.200582 -0.297801 0.055751 0.120635 -0.06973
0.249499 -0.203556 0.131749 0.370664 0.050347
0.280141 -0.154032 0.199103 0.242415 -0.265763
0.244278 -0.178743 0.163822 0.003323 -0.363502
0.147106 -0.254365 0.077128 0.140006 -0.065776
0.127666 -0.233538 0.056388 0.258008 0.188531
0.127666 -0.233538 0.056388 0.258008 0.188531
0.127666 -0.233538 0.056388 0.258008 0.188531
0.09596 -0.285739 0.001613 0.247391 0.348733
0.09596 -0.285739 0.001613 0.247391 0.348733
0.09596 -0.285739 0.001613 0.247391 0.348733
0.09596 -0.285739 0.001613 0.247391 0.348733
0.09596 -0.285739 0.001613 0.247391 0.348733
0.09596 -0.285739 0.001613 0.247391 0.348733
0.09596 -0.285739 0.001613 0.247391 0.348733
0.09596 -0.285739 0.001613 0.247391 0.348733
0.09596 -0.285739 0.001613 0.247391 0.348733
0.09596 -0.285739 0.001613 0.247391 0.348733
0.09596 -0.285739 0.001613 0.247391 0.348733
0.09596 -0.285739 0.001613 0.247391 0.348733
0.128914 -0.251041 0.031464 0.140849 0.185875
0.148754 -0.161844 0.054075 -0.0048 -0.005815
0.207877 -0.15207 0.086427 0.183808 0.111682
0.207877 -0.15207 0.086427 0.183808 0.111682
0.230271 -0.03937 0.095965 -0.033777 -0.101913
0.206918 -0.120931 0.053211 -0.038443 0.070819
0.17111 -0.179258 0.036323 0.149758 0.192769
0.211575 -0.158933 0.030847 0.136713 0.291206
0.211575 -0.158933 0.030847 0.136713 0.291206
0.211575 -0.158933 0.030847 0.136713 0.291206
0.211575 -0.158933 0.030847 0.136713 0.291206
0.211575 -0.158933 0.030847 0.136713 0.291206
0.211575 -0.158933 0.030847 0.136713 0.291206
0.223576 -0.162113 0.056785 0.03993 0.073145
0.207064 -0.236407 0.044823 -0.032436 -0.059312
0.292842 -0.053003 0.17426 0.03638 -0.189212
0.349429 -0.056013 0.125534 0.038502 -0.028353
0.349429 -0.056013 0.125534 0.038502 -0.028353
0.328857 0.007268 0.130194 0.066703 -0.035602
0.315893 0.050734 0.164677 -0.10603 -0.269703
0.252694 -0.157832 0.08832 -0.008096 -0.037123
0.241705 -0.143825 0.130604 0.048274 -0.143018
0.161964 -0.21014 0.012439 -0.206787 0.032847
0.201276 -0.221213 0.018127 -0.174528 0.075599
0.144519 -0.272756 -0.045758 -0.245986 0.150713
0.218235 -0.141033 0.042176 -0.236651 -0.060315
0.218235 -0.141033 0.042176 -0.236651 -0.060315
0.286064 -0.095389 0.128073 -0.070391 -0.165861
0.286064 -0.095389 0.128073 -0.070391 -0.165861
0.282046 -0.092111 0.1118 -0.105467 -0.185219
0.267657 -0.192648 0.097094 0.010549 -0.087522
0.272345 -0.153193 0.123004 -0.116478 -0.259644
0.25302 -0.152776 0.103456 -0.159875 -0.244777
0.239433 -0.147183 0.074388 -0.277116 -0.196794
0.239433 -0.147183 0.074388 -0.277116 -0.196794
0.239433 -0.147183 0.074388 -0.277116 -0.196794
0.111005 -0.207822 -0.056955 -0.08242 0.23767
0.179088 -0.137781 -0.013162 -0.03744 0.168368
0.348206 0.024885 0.141817 -0.45364 -0.336725
0.348206 0.024885 0.141817 -0.45364 -0.336725
0.275393 -0.011977 0.09309 -0.303164 -0.1415
0.209959 -0.101868 0.010634 -0.434273 -0.134604
0.209959 -0.101868 0.010634 -0.434273 -0.134604
0.209959 -0.101868 0.010634 -0.434273 -0.134604
0.209959 -0.101868 0.010634 -0.434273 -0.134604
0.292953 -0.030899 0.094514 -0.257221 -0.172293
0.263832 -0.037336 0.054108 -0.271824 -0.049572
0.263832 -0.037336 0.054108 -0.271824 -0.049572
0.263832 -0.037336 0.054108 -0.271824 -0.049572
0.263832 -0.037336 0.054108 -0.271824 -0.049572
0.263832 -0.037336 0.054108 -0.271824 -0.049572
0.139127 -0.074606 0.019146 -0.020076 0.108604
0.186516 -0.032575 0.030873 -0.170804 -0.012273
0.247675 -0.062914 0.028778 -0.416158 -0.193651
0.184867 -0.128272 -0.012232 -0.321158 -0.095645
0.150995 -0.187913 -0.033994 -0.170448 0.096762
0.171657 -0.16498 0.037364 -0.065818 -0.129617
0.087717 -0.320734 -0.059852 0.110927 0.297251
0.135365 -0.223625 0.006186 0.052508 0.013125
0.135365 -0.223625 0.006186 0.052508 0.013125
0.073942 -0.282607 -0.082976 -0.134051 0.047658
0.073942 -0.282607 -0.082976 -0.134051 0.047658
0.073942 -0.282607 -0.082976 -0.134051 0.047658
0.087651 -0.258598 -0.042683 -0.021651 0.053666
0.087651 -0.258598 -0.042683 -0.021651 0.053666
0.082014 -0.149583 0.001977 0.0378 0.077184
0.186513 -0.099922 0.00856 0.05732 0.134783
0.186513 -0.099922 0.00856 0.05732 0.134783
0.153831 -0.133736 -0.028954 -0.036569 0.166164
0.139225 -0.173259 -0.028261 -0.133961 0.021809
0.139225 -0.173259 -0.028261 -0.133961 0.021809
0.201819 -0.109195 -0.015149 -0.280575 -0.008714
0.097908 -0.152434 -0.056413 -0.096465 0.101148
0.049493 -0.161573 -0.075347 -0.219188 0.10736
0.065388 -0.153531 -0.011193 0.148712 0.249473
0.045168 -0.193794 -0.041719 0.106877 0.311453
0.045168 -0.193794 -0.041719 0.106877 0.311453
0.045168 -0.193794 -0.041719 0.106877 0.311453
0.045168 -0.193794 -0.041719 0.106877 0.311453
0.167382 -0.077347 0.032441 -0.479147 -0.329394
0.153703 -0.168515 0.043668 -0.261574 -0.273705
0.090971 -0.298769 -0.052684 -0.082537 0.131152
0.160972 -0.214661 -0.062093 -0.381261 -0.063478
0.229656 -0.097759 0.031502 -0.370279 -0.198381
0.229656 -0.097759 0.031502 -0.370279 -0.198381
0.198907 -0.127277 0.002478 -0.301848 -0.02086
0.198907 -0.127277 0.002478 -0.301848 -0.02086
0.149155 -0.206527 -0.015165 -0.46297 -0.226434
0.25637 -0.202015 0.010491 -0.087703 0.116171
0.275351 -0.130689 0.093359 -0.042551 -0.046795
0.194149 -0.323496 0.019847 0.117627 0.159126
0.194149 -0.323496 0.019847 0.117627 0.159126
0.267356 -0.138202 0.109814 -0.050031 -0.171213
0.0741 -0.321461 -0.08226 -0.202434 0.056644
0.138339 -0.175084 0.009838 -0.338749 -0.232396
0.175417 -0.198039 0.040883 -0.332458 -0.221267
0.178326 -0.140019 0.046018 -0.374446 -0.298704
0.178326 -0.140019 0.046018 -0.374446 -0.298704
0.178326 -0.140019 0.046018 -0.374446 -0.298704
0.178326 -0.140019 0.046018 -0.374446 -0.298704
0.057027 -0.303981 -0.056365 -0.277184 -0.042239
0.153834 -0.184283 0.044336 -0.117436 -0.190388
0.153834 -0.184283 0.044336 -0.117436 -0.190388
0.222497 -0.070926 0.058082 -0.038346 0.048321
0.122914 -0.220424 -0.025404 0.017639 0.189938
0.122914 -0.220424 -0.025404 0.017639 0.189938
0.122914 -0.220424 -0.025404 0.017639 0.189938
0.174911 -0.203 -0.01296 -0.384416 -0.130043
0.245255 -0.105125 0.049041 -0.372111 -0.210349
0.245255 -0.105125 0.049041 -0.372111 -0.210349
0.235943 -0.112925 0.042778 -0.401009 -0.326043
0.235943 -0.112925 0.042778 -0.401009 -0.326043
0.169607 -0.162338 0.028407 0.094909 0.103048
0.221515 -0.14038 0.07027 -0.204944 -0.18938
0.195756 -0.120022 0.032426 -0.29831 -0.131074
0.195756 -0.120022 0.032426 -0.29831 -0.131074
0.195756 -0.120022 0.032426 -0.29831 -0.131074
0.229299 -0.093143 0.046934 -0.058568 0.096033
0.161651 -0.179595 0.003386 -0.149289 0.028866
0.185305 -0.122316 0.015978 -0.285864 -0.105115
0.14129 -0.123306 -0.004826 -0.462593 -0.214059
0.1064 -0.121082 -0.030391 -0.272682 -0.05308
0.13913 -0.139521 -0.005983 -0.288365 -0.101354
0.13913 -0.139521 -0.005983 -0.288365 -0.101354
0.13913 -0.139521 -0.005983 -0.288365 -0.101354
0.13913 -0.139521 -0.005983 -0.288365 -0.101354
0.081466 -0.259444 -0.08103 -0.043198 0.295149
0.09423 -0.264895 -0.078134 -0.208516 0.14189
0.09423 -0.264895 -0.078134 -0.208516 0.14189
0.178795 -0.140852 0.039996 0.157776 0.211565
0.209488 -0.06594 0.038566 -0.015041 0.154707
0.096575 -0.226356 0.017818 0.113713 0.175264
0.12667 -0.272974 0.039495 0.204354 0.194047
0.191867 -0.23746 0.04607 -0.277811 -0.228897
0.191867 -0.23746 0.04607 -0.277811 -0.228897
0.219298 -0.154796 0.034088 -0.099346 0.000951
0.214013 -0.190462 0.033948 0.146389 0.165833
0.214013 -0.190462 0.033948 0.146389 0.165833
0.201931 -0.207133 -0.025641 -0.173062 -0.011526
0.201931 -0.207133 -0.025641 -0.173062 -0.011526
0.179248 -0.295568 0.000231 -0.013954 0.043322
0.179248 -0.295568 0.000231 -0.013954 0.043322
0.083319 -0.388672 -0.051923 -0.136291 -0.116639
0.10552 -0.362034 -0.037643 -0.255977 -0.16438
-0.01824 -0.413339 -0.104254 0.047145 0.230727
-0.07425 -0.380641 -0.117082 -0.044627 0.251626
0.234572 -0.206708 0.064288 -0.114274 -0.169936
0.158177 -0.27169 0.012926 -0.008024 0.112743
0.159872 -0.317479 -0.014276 0.213603 0.342408
0.159872 -0.317479 -0.014276 0.213603 0.342408
0.159872 -0.317479 -0.014276 0.213603 0.342408
0.077146 -0.484876 -0.08496 0.183536 0.425355
0.077146 -0.484876 -0.08496 0.183536 0.425355
0.154175 -0.26579 -0.014251 0.033263 0.093061
0.154175 -0.26579 -0.014251 0.033263 0.093061
0.135929 -0.261509 0.019439 -0.036912 -0.033739
0.227378 -0.176368 0.033747 -0.296819 -0.217727
0.219122 -0.086125 0.040738 -0.037729 -0.038711
0.156958 -0.227126 0.005872 0.01886 0.011877
0.097081 -0.294746 -0.045374 -0.039694 0.118891
0.074128 -0.218009 -0.026237 0.04846 0.240753
0.074128 -0.218009 -0.026237 0.04846 0.240753
0.040314 -0.298389 -0.063429 -0.026921 0.211258
0.039808 -0.258547 -0.037775 -0.157204 -0.048247
0.095352 -0.320305 -0.055081 0.169408 0.390446
0.154688 -0.290886 -0.04817 -0.063105 0.196466
0.154688 -0.290886 -0.04817 -0.063105 0.196466
0.154688 -0.290886 -0.04817 -0.063105 0.196466
0.150148 -0.206298 -0.008879 -0.149274 -0.013464
0.150148 -0.206298 -0.008879 -0.149274 -0.013464
0.150148 -0.206298 -0.008879 -0.149274 -0.013464
0.150148 -0.206298 -0.008879 -0.149274 -0.013464
0.150148 -0.206298 -0.008879 -0.149274 -0.013464
0.150148 -0.206298 -0.008879 -0.149274 -0.013464
0.27902 -0.051593 0.162323 0.009625 -0.34877
0.27902 -0.051593 0.162323 0.009625 -0.34877
0.107415 -0.291844 0.015635 -0.191064 -0.207718
0.107415 -0.291844 0.015635 -0.191064 -0.207718
0.121663 -0.279618 -0.042206 -0.461337 -0.241462
0.147309 -0.288387 -0.052113 -0.398902 -0.03861
0.069387 -0.269869 -0.031952 -0.060205 0.036951
0.15569 -0.249669 -0.013804 -0.097775 0.051612
0.171193 -0.30605 0.000749 -0.019738 0.018307
0.144729 -0.280315 -0.01481 0.066351 0.086258
0.144729 -0.280315 -0.01481 0.066351 0.086258
0.085383 -0.286299 -0.090361 -0.108935 0.129584
0.147611 -0.196073 -0.017113 -0.01848 0.134238
0.147611 -0.196073 -0.017113 -0.01848 0.134238
0.147611 -0.196073 -0.017113 -0.01848 0.134238
0.166276 -0.06701 0.081044 0.016136 -0.066902
0.068675 -0.130279 -0.022584 -0.13557 -0.138157
0.084338 -0.194445 -0.049663 -0.129294 -0.113726
0.221266 -0.114753 0.118025 -0.186729 -0.494539
0.176373 -0.202917 0.036212 -0.22144 -0.358575
0.208429 -0.14481 0.038859 -0.193186 -0.176067
0.208429 -0.14481 0.038859 -0.193186 -0.176067
0.208429 -0.14481 0.038859 -0.193186 -0.176067
0.219423 -0.181591 0.104324 0.037625 -0.198519
0.219423 -0.181591 0.104324 0.037625 -0.198519
0.166919 -0.323637 0.026156 -0.087243 -0.086612
0.215911 -0.187221 0.073689 -0.146401 -0.133463
0.139743 -0.31033 -0.030877 -0.207392 0.034437
0.087041 -0.347082 -0.095613 -0.227532 0.139913
0.087041 -0.347082 -0.095613 -0.227532 0.139913
0.087041 -0.347082 -0.095613 -0.227532 0.139913
0.050835 -0.33479 -0.049186 -0.067692 0.167778
0.174217 -0.197036 0.039315 0.077292 0.151747
0.174217 -0.197036 0.039315 0.077292 0.151747
0.202982 -0.088294 0.091622 -0.037015 -0.046876
0.141849 -0.193793 0.02715 0.110645 0.140547
0.104676 -0.216803 -0.014567 0.009655 0.128467
0.104676 -0.216803 -0.014567 0.009655 0.128467
0.104676 -0.216803 -0.014567 0.009655 0.128467
0.104676 -0.216803 -0.014567 0.009655 0.128467
0.104676 -0.216803 -0.014567 0.009655 0.128467
0.101308 -0.155599 0.010664 -0.090587 -0.065812
0.101308 -0.155599 0.010664 -0.090587 -0.065812
0.154695 -0.101805 0.051661 -0.000755 -0.043932
0.13205 -0.131244 0.002513 0.008903 0.164493
0.150253 -0.140408 0.034722 -0.226552 -0.1854
0.035228 -0.267213 -0.086562 -0.068267 0.318194
0.014348 -0.248707 -0.104427 -0.045426 0.250855
-0.031048 -0.347242 -0.130713 -0.034442 0.299893
0.157514 -0.186799 -0.065864 -0.058213 0.285547
0.269204 -0.068163 0.010458 -0.030033 0.12168
0.133141 -0.167456 -0.059955 -0.254489 0.120934
0.144375 -0.121465 -0.036377 -0.296793 0.074442
0.209048 -0.151443 0.055415 0.050437 0.008362
0.209048 -0.151443 0.055415 0.050437 0.008362
0.235362 -0.053847 0.090344 -0.15688 -0.209815
0.228212 -0.082253 0.067721 -0.388647 -0.363495
0.228212 -0.082253 0.067721 -0.388647 -0.363495
0.228238 -0.093652 0.080399 -0.197824 -0.21495
0.228238 -0.093652 0.080399 -0.197824 -0.21495
0.188707 -0.221787 0.011559 -0.081636 0.119196
0.292254 -0.052182 0.080617 -0.235583 -0.205051
0.207911 -0.131059 0.05305 -0.06293 -0.078148
0.272811 -0.063931 0.121891 -0.000231 -0.190488
0.171657 -0.229642 0.012846 0.093332 0.245515
0.167896 -0.233046 0.003079 -0.100195 -0.021208
0.144534 -0.385592 -0.111113 -0.219043 0.23532
0.171111 -0.373313 -0.042626 -0.044706 0.235387
0.171111 -0.373313 -0.042626 -0.044706 0.235387
0.109163 -0.398868 -0.018169 -0.088205 0.019337
0.154304 -0.222687 0.073526 0.123618 -0.05285
0.154304 -0.222687 0.073526 0.123618 -0.05285
0.263749 -0.150871 0.068798 -0.375407 -0.300471
0.263749 -0.150871 0.068798 -0.375407 -0.300471
0.263749 -0.150871 0.068798 -0.375407 -0.300471
0.141435 -0.237788 -0.047994 -0.24288 0.122303
0.141435 -0.237788 -0.047994 -0.24288 0.122303
0.141435 -0.237788 -0.047994 -0.24288 0.122303
