0.037289 0.322096 -0.80713 -0.137236 0.143475
0.158084 -0.18664 -0.016137 -0.174336 0.060111
0.14983 -0.241329 0.000454 -0.130915 -0.040343
0.14983 -0.241329 0.000454 -0.130915 -0.040343
0.14983 -0.241329 0.000454 -0.130915 -0.040343
0.198221 -0.209309 0.021745 -0.179885 -0.070766
0.219138 -0.323734 -0.002275 -0.124546 0.061859
0.219138 -0.323734 -0.002275 -0.124546 0.061859
0.20104 -0.269978 -0.027701 -0.410164 -0.151257
0.109715 -0.31548 -0.062732 -0.289999 0.025449
0.109715 -0.31548 -0.062732 -0.289999 0.025449
0.109715 -0.31548 -0.062732 -0.289999 0.025449
0.117855 -0.278261 -0.043458 -0.231557 0.017289
0.092853 -0.270471 -0.056359 0.107026 0.371257
0.092853 -0.270471 -0.056359 0.107026 0.371257
0.211927 -0.14443 0.060118 -0.063143 0.042523
0.090065 -0.345209 -0.097656 -0.110064 0.17181
0.090065 -0.345209 -0.097656 -0.110064 0.17181
0.062348 -0.43962 -0.106926 -0.022398 0.196551
0.087729 -0.385748 -0.089785 -0.357256 -0.023281
0.09533 -0.371302 -0.070147 -0.079931 0.107912
0.09533 -0.371302 -0.070147 -0.079931 0.107912
0.126604 -0.282985 -0.024096 0.007344 0.129272
0.126604 -0.282985 -0.024096 0.007344 0.129272
0.126604 -0.282985 -0.024096 0.007344 0.129272
0.08582 -0.205294 -0.05397 -0.03688 0.051803
0.03641 -0.199304 -0.023085 0.003036 0.021465
0.024421 -0.1829 -0.017798 0.030379 0.105216
-0.047931 -0.30632 -0.101498 -0.491164 -0.125313
0.073977 -0.149624 -0.015591 -0.197225 -0.173124
0.151693 -0.137974 0.035438 -0.151147 -0.233044
0.10862 -0.293359 0.008404 -0.005429 0.035319
0.10862 -0.293359 0.008404 -0.005429 0.035319
0.119116 -0.386034 -0.026798 0.177199 0.272201
0.119116 -0.386034 -0.026798 0.177199 0.272201
0.119116 -0.386034 -0.026798 0.177199 0.272201
0.058369 -0.374613 -0.074742 -0.243156 -0.049946
0.12592 -0.258317 -0.015253 -0.275583 -0.100094
0.12592 -0.258317 -0.015253 -0.275583 -0.100094
0.054895 -0.315461 -0.041443 -0.065978 0.078767
0.026244 -0.39883 -0.164462 -0.447798 0.091966
0.026244 -0.39883 -0.164462 -0.447798 0.091966
0.026244 -0.39883 -0.164462 -0.447798 0.091966
0.024449 -0.352494 -0.135376 -0.364174 0.082601
0.056808 -0.240686 -0.096241 -0.314636 0.026832
0.158148 -0.175403 -0.016013 -0.475495 -0.170153
0.158148 -0.175403 -0.016013 -0.475495 -0.170153
0.158148 -0.175403 -0.016013 -0.475495 -0.170153
0.158148 -0.175403 -0.016013 -0.475495 -0.170153
0.158148 -0.175403 -0.016013 -0.475495 -0.170153
0.158148 -0.175403 -0.016013 -0.475495 -0.170153
0.158148 -0.175403 -0.016013 -0.475495 -0.170153
0.158148 -0.175403 -0.016013 -0.475495 -0.170153
0.225887 -0.148987 0.067808 -0.010683 0.016656
0.226688 -0.109593 0.044061 -0.239488 -0.075664
0.226688 -0.109593 0.044061 -0.239488 -0.075664
0.226688 -0.109593 0.044061 -0.239488 -0.075664
0.226688 -0.109593 0.044061 -0.239488 -0.075664
0.227708 -0.1318 0.062823 -0.065429 0.029366
0.255857 -0.07527 0.082429 -0.268445 -0.222744
0.181826 -0.141625 0.020573 -0.146722 0.002079
0.186068 -0.180738 0.007818 -0.157227 0.038442
0.158439 -0.082541 0.051324 0.042247 0.019307
0.225001 -0.121572 0.015014 -0.160898 0.08323
0.242792 -0.160339 -0.020558 -0.120361 0.272255
0.207711 -0.204001 -0.031277 -0.270843 0.132999
0.231803 -0.264309 0.017633 -0.059056 0.137359
0.188607 -0.310225 -0.031717 -0.316955 -0.024509
0.188607 -0.310225 -0.031717 -0.316955 -0.024509
0.169367 -0.32129 0.002681 -0.037187 0.113772
0.176526 -0.301306 -0.031503 -0.286298 0.00273
0.176526 -0.301306 -0.031503 -0.286298 0.00273
0.176526 -0.301306 -0.031503 -0.286298 0.00273
0.176526 -0.301306 -0.031503 -0.286298 0.00273
0.176526 -0.301306 -0.031503 -0.286298 0.00273
0.176791 -0.179454 0.047576 -0.000308 -0.00955
0.191941 -0.124564 0.047582 -0.156655 -0.096834
0.191941 -0.124564 0.047582 -0.156655 -0.096834
0.191941 -0.124564 0.047582 -0.156655 -0.096834
0.191941 -0.124564 0.047582 -0.156655 -0.096834
0.191941 -0.124564 0.047582 -0.156655 -0.096834
0.248915 -0.1084 0.13599 0.063731 -0.163615
0.217121 -0.16364 0.113711 0.161032 -0.050442
0.319122 -0.080906 0.120723 0.115066 -0.041519
0.088452 -0.384458 -0.077994 0.069119 0.308534
0.186854 -0.249549 0.012226 -0.159229 -0.080181
0.153252 -0.289323 -0.083575 -0.0622 0.304047
0.153252 -0.289323 -0.083575 -0.0622 0.304047
0.208548 -0.230319 -0.006664 0.132211 0.37852
0.126407 -0.250155 -0.049157 -0.239984 -0.011645
0.126407 -0.250155 -0.049157 -0.239984 -0.011645
0.126407 -0.250155 -0.049157 -0.239984 -0.011645
0.126407 -0.250155 -0.049157 -0.239984 -0.011645
0.126407 -0.250155 -0.049157 -0.239984 -0.011645
0.126407 -0.250155 -0.049157 -0.239984 -0.011645
0.111946 -0.229776 -0.012905 -0.184003 -0.088307
0.111946 -0.229776 -0.012905 -0.184003 -0.088307
0.181172 -0.203216 0.031955 -0.01892 0.007746
0.191562 -0.174143 0.069285 0.211815 0.163296
0.138225 -0.219453 -0.038319 -0.204831 0.145285
0.138225 -0.219453 -0.038319 -0.204831 0.145285
0.120807 -0.258991 -0.034646 -0.193114 0.10726
0.185871 -0.213352 -0.023912 -0.27608 0.00423
0.185871 -0.213352 -0.023912 -0.27608 0.00423
0.184848 -0.194635 5.7e-05 -0.289842 -0.144719
0.184848 -0.194635 5.7e-05 -0.289842 -0.144719
0.234537 -0.117692 0.052796 -0.084782 0.028024
0.322051 -0.113652 0.142159 0.111032 -0.037685
0.178574 -0.290946 0.00641 -0.103472 -0.180543
0.127102 -0.328912 0.000991 0.027292 0.053544
0.148247 -0.175981 -0.017457 -0.220946 -0.060082
0.183364 -0.153501 0.017334 -0.27678 -0.117374
0.117912 -0.266737 -0.016515 -0.215072 -0.067603
0.117912 -0.266737 -0.016515 -0.215072 -0.067603
0.117912 -0.266737 -0.016515 -0.215072 -0.067603
0.209345 -0.255229 0.018437 -0.130986 0.027964
0.209345 -0.255229 0.018437 -0.130986 0.027964
0.209345 -0.255229 0.018437 -0.130986 0.027964
0.277895 -0.040078 0.093876 -0.104333 -0.04641
0.281252 -0.012525 0.085548 -0.16527 -0.045162
0.224624 -0.011189 0.051593 -0.06188 0.081894
0.075668 -0.279662 -0.073477 0.071621 0.417958
0.061337 -0.240707 -0.048248 0.063373 0.252793
0.061337 -0.240707 -0.048248 0.063373 0.252793
0.061337 -0.240707 -0.048248 0.063373 0.252793
0.061337 -0.240707 -0.048248 0.063373 0.252793
0.045978 -0.270429 -0.040412 0.005273 0.079673
0.004434 -0.309039 -0.071767 0.200528 0.36176
0.035127 -0.2954 -0.031392 0.170938 0.223727
0.035127 -0.2954 -0.031392 0.170938 0.223727
0.190776 -0.146994 -0.003723 -0.378379 -0.163081
0.190776 -0.146994 -0.003723 -0.378379 -0.163081
0.190776 -0.146994 -0.003723 -0.378379 -0.163081
0.210363 -0.147242 0.014194 -0.363609 -0.148204
0.210363 -0.147242 0.014194 -0.363609 -0.148204
0.210363 -0.147242 0.014194 -0.363609 -0.148204
0.210363 -0.147242 0.014194 -0.363609 -0.148204
0.210363 -0.147242 0.014194 -0.363609 -0.148204
0.143355 -0.216511 -0.035142 -0.141361 0.141265
0.162385 -0.179285 -0.020666 -0.122553 0.156863
0.194893 -0.099453 0.069566 0.107364 0.120039
0.154692 -0.296102 0.022206 -0.030117 0.002961
0.151021 -0.152008 0.056729 -0.067129 -0.239368
0.135845 -0.14934 0.01006 0.155601 0.184433
0.114205 -0.186176 0.01183 0.209322 0.251934
0.105808 -0.155018 0.005486 0.290206 0.41411
0.105808 -0.155018 0.005486 0.290206 0.41411
0.115036 -0.265791 0.011738 0.089135 0.177633
0.1282 -0.244709 0.034605 0.057191 0.106944
0.191787 -0.007994 0.15374 0.162471 -0.05826
0.191787 -0.007994 0.15374 0.162471 -0.05826
0.188565 -0.031127 0.133385 -0.000396 -0.178112
0.023623 -0.335921 -0.093656 -0.002618 0.22136
0.164205 -0.25149 -0.017033 0.087929 0.249703
0.209756 -0.197539 0.058118 0.196915 0.215464
0.284553 -0.129951 0.101015 0.161887 0.118746
0.261265 -0.062402 0.099228 0.081012 0.090846
0.24662 -0.069396 0.02874 -0.254567 -0.02961
0.264132 -0.000463 0.014759 -0.325645 -0.038273
0.194893 -0.180088 -0.039173 0.085756 0.330853
0.194893 -0.180088 -0.039173 0.085756 0.330853
0.170653 -0.199971 0.003166 0.153462 0.234643
0.170653 -0.199971 0.003166 0.153462 0.234643
0.170653 -0.199971 0.003166 0.153462 0.234643
0.170653 -0.199971 0.003166 0.153462 0.234643
0.186267 -0.123304 0.00191 -0.163849 0.010269
0.22092 -0.134923 0.051908 -0.094455 0.014949
0.22092 -0.134923 0.051908 -0.094455 0.014949
0.19012 -0.165101 0.028801 0.038866 0.160103
0.150189 -0.144958 0.049663 -0.034507 0.010639
0.064385 -0.322335 -0.038028 0.00981 0.137455
0.087416 -0.415118 -0.093672 -0.120275 0.258229
0.188024 -0.217043 0.044615 -0.20497 -0.136812
0.248531 -0.179969 0.074983 0.164514 0.208667
0.204123 -0.246973 0.08309 0.322245 0.210697
0.17242 -0.195153 0.063128 0.303999 0.212207
0.17242 -0.195153 0.063128 0.303999 0.212207
0.17242 -0.195153 0.063128 0.303999 0.212207
0.17242 -0.195153 0.063128 0.303999 0.212207
0.236454 -0.129938 0.043742 0.179752 0.204716
0.159966 -0.265875 -0.009333 0.233275 0.257735
0.159966 -0.265875 -0.009333 0.233275 0.257735
0.159966 -0.265875 -0.009333 0.233275 0.257735
0.182115 -0.272155 -0.021065 0.007418 0.089648
0.179314 -0.297415 -0.060742 -0.236839 0.03902
0.275618 -0.099023 0.080895 -0.062133 -0.134875
0.225112 -0.113515 0.076945 0.001658 -0.111994
0.236752 -0.068827 0.095157 -0.284184 -0.514157
0.236752 -0.068827 0.095157 -0.284184 -0.514157
0.240839 -0.075108 0.054937 -0.419366 -0.388676
0.240839 -0.075108 0.054937 -0.419366 -0.388676
0.240839 -0.075108 0.054937 -0.419366 -0.388676
0.240839 -0.075108 0.054937 -0.419366 -0.388676
0.240839 -0.075108 0.054937 -0.419366 -0.388676
0.240839 -0.075108 0.054937 -0.419366 -0.388676
0.240839 -0.075108 0.054937 -0.419366 -0.388676
0.240839 -0.075108 0.054937 -0.419366 -0.388676
0.240839 -0.075108 0.054937 -0.419366 -0.388676
0.240839 -0.075108 0.054937 -0.419366 -0.388676
0.19816 -0.149568 0.012273 -0.485512 -0.246293
0.19816 -0.149568 0.012273 -0.485512 -0.246293
0.19816 -0.149568 0.012273 -0.485512 -0.246293
0.19816 -0.149568 0.012273 -0.485512 -0.246293
0.19816 -0.149568 0.012273 -0.485512 -0.246293
0.204479 -0.146249 0.05077 -0.051301 0.073713
0.204479 -0.146249 0.05077 -0.051301 0.073713
0.191139 -0.208688 0.061282 0.023369 0.089924
0.219045 -0.097366 0.041154 -0.304845 -0.119231
0.256711 -0.105624 0.075392 -0.167615 -0.058207
0.263935 -0.211429 0.051758 -0.130087 -0.000112
0.292726 -0.129829 0.090863 0.020867 0.058926
0.292726 -0.129829 0.090863 0.020867 0.058926
0.292726 -0.129829 0.090863 0.020867 0.058926
0.127831 -0.279331 -0.009872 0.141863 0.217555
0.127831 -0.279331 -0.009872 0.141863 0.217555
0.127831 -0.279331 -0.009872 0.141863 0.217555
0.127831 -0.279331 -0.009872 0.141863 0.217555
0.062463 -0.304866 -0.075225 -0.299505 -0.007077
0.062463 -0.304866 -0.075225 -0.299505 -0.007077
0.16436 -0.131564 -0.020331 -0.438445 -0.11424
0.181662 -0.068239 -0.003931 -0.22664 0.053387
0.201684 -0.077886 0.041527 -0.044463 0.068971
0.172999 -0.185091 0.016158 -0.057942 0.087104
0.172999 -0.185091 0.016158 -0.057942 0.087104
0.247117 -0.071659 0.048112 -0.206432 -0.027147
0.23341 -0.109632 0.049707 0.068715 0.127467
0.206886 -0.020914 0.039568 -0.223087 -0.051948
0.161915 -0.18319 0.011996 -0.308031 -0.262315
0.161915 -0.18319 0.011996 -0.308031 -0.262315
0.161915 -0.18319 0.011996 -0.308031 -0.262315
0.201893 -0.172237 0.059895 -0.225743 -0.335089
0.185662 -0.12227 0.073927 -0.101376 -0.274889
0.185662 -0.12227 0.073927 -0.101376 -0.274889
0.185662 -0.12227 0.073927 -0.101376 -0.274889
0.231652 -0.130929 0.139277 0.082785 -0.116332
0.182666 -0.261982 0.082005 0.047822 -0.086265
0.202316 -0.255417 0.07153 0.080927 -0.021515
0.242358 -0.150462 0.076917 -0.16259 -0.239573
0.242358 -0.150462 0.076917 -0.16259 -0.239573
0.242358 -0.150462 0.076917 -0.16259 -0.239573
0.242358 -0.150462 0.076917 -0.16259 -0.239573
0.184895 -0.148639 0.050652 0.08427 0.074809
0.184895 -0.148639 0.050652 0.08427 0.074809
0.205878 -0.093916 0.094666 -0.027042 -0.211407
0.205878 -0.093916 0.094666 -0.027042 -0.211407
0.156848 -0.194237 0.025205 -0.062649 -0.156883
0.120566 -0.209934 0.004232 -0.235918 -0.263483
0.25345 -0.045977 0.128662 -0.128301 -0.355517
0.305321 0.000107 0.157042 -0.064887 -0.303027
0.186999 -0.203652 0.042988 0.041594 0.065683
0.190549 -0.112826 0.027649 -0.049938 0.027178
0.190549 -0.112826 0.027649 -0.049938 0.027178
0.174099 -0.202871 0.031137 -0.066498 -0.017607
0.174099 -0.202871 0.031137 -0.066498 -0.017607
0.16734 -0.228141 0.037107 -0.034548 -0.025955
0.084049 -0.201428 -0.001928 0.123619 0.069714
0.166634 -0.194096 0.049457 0.245394 0.104937
0.214119 -0.087788 0.082025 -0.204589 -0.167577
0.218502 -0.137304 0.090293 0.037772 -0.008653
0.247319 -0.157679 0.080896 0.021965 -0.023048
0.247319 -0.157679 0.080896 0.021965 -0.023048
0.146599 -0.180179 0.03161 0.253007 0.311066
0.146599 -0.180179 0.03161 0.253007 0.311066
0.231576 -0.055187 0.126647 0.088631 -0.042006
0.231576 -0.055187 0.126647 0.088631 -0.042006
0.231576 -0.055187 0.126647 0.088631 -0.042006
0.179817 -0.207045 0.020624 0.040062 0.109123
0.275631 -0.090305 0.085084 -0.063997 -0.016045
0.294967 -0.018933 0.141738 -0.143387 -0.271809
0.326211 0.039181 0.142519 -0.151022 -0.205485
0.284064 -0.068096 0.126674 0.020498 -0.040972
0.288449 -0.017785 0.134885 -0.026763 -0.110896
0.213872 -0.087798 0.129327 0.199677 -0.002833
0.213872 -0.087798 0.129327 0.199677 -0.002833
0.088686 -0.175896 0.077619 0.057138 -0.077458
0.202542 -0.099112 0.050695 -0.256686 -0.124394
0.255335 -0.141479 0.080351 -0.106697 -0.089617
0.255335 -0.141479 0.080351 -0.106697 -0.089617
0.198291 -0.108946 0.059586 -0.266608 -0.285347
0.142974 -0.120939 0.021093 0.070571 0.096824
0.12468 -0.158141 -0.048678 -0.065744 0.199092
0.150643 -0.150862 -0.024352 0.018272 0.25489
0.126568 -0.164105 -0.03387 0.009052 0.237727
0.203524 -0.056219 0.044076 -0.047919 -0.031723
0.203524 -0.056219 0.044076 -0.047919 -0.031723
0.195019 -0.151414 0.029712 0.177363 0.20195
0.217325 -0.037002 0.087881 0.022031 0.009527
0.144402 -0.176011 -0.007741 -0.141032 0.06958
0.144402 -0.176011 -0.007741 -0.141032 0.06958
0.144402 -0.176011 -0.007741 -0.141032 0.06958
0.144402 -0.176011 -0.007741 -0.141032 0.06958
0.02123 -0.299624 -0.104905 -0.117311 0.204409
0.02123 -0.299624 -0.104905 -0.117311 0.204409
0.082648 -0.167163 -0.08233 -0.346501 -0.094907
0.082648 -0.167163 -0.08233 -0.346501 -0.094907
0.164929 -0.136448 0.006055 -0.226827 -0.168688
0.164929 -0.136448 0.006055 -0.226827 -0.168688
0.155107 -0.161372 0.001174 -0.08608 0.116844
0.237386 -0.055223 0.111213 -0.038187 -0.128396
0.282225 -0.086614 0.157653 0.260647 0.117091
0.282225 -0.086614 0.157653 0.260647 0.117091
0.282225 -0.086614 0.157653 0.260647 0.117091
0.245759 -0.20309 0.062428 0.172217 0.245758
0.206623 -0.262132 0.013819 -0.070438 0.078955
0.142055 -0.25196 0.051728 0.296021 0.34064
0.142055 -0.25196 0.051728 0.296021 0.34064
0.183362 -0.180095 0.087439 0.152833 0.132024
0.195761 -0.176644 0.082496 0.138217 0.156008
0.176829 -0.14705 0.115301 0.234282 0.075619
0.123627 -0.213041 -0.032868 -0.16577 0.162523
0.123627 -0.213041 -0.032868 -0.16577 0.162523
0.233264 -0.067399 0.089468 0.000606 0.093558
0.233264 -0.067399 0.089468 0.000606 0.093558
0.203039 -0.128488 0.083615 -0.13001 -0.107029
0.279416 -0.09731 0.098263 -0.018654 -0.032057
0.179676 -0.211202 -0.022904 -0.265488 0.043992
0.179676 -0.211202 -0.022904 -0.265488 0.043992
0.175421 -0.132733 0.035165 -0.216403 -0.069055
0.214498 -0.124965 0.054806 -0.131086 -0.100182
0.13244 -0.216868 -0.017231 -0.183047 -0.028059
0.188149 -0.102539 -0.020786 -0.32938 -0.02442
0.237095 -0.026891 0.068814 -0.131899 -0.03489
0.233729 -0.030097 0.085525 0.066171 0.113451
0.233729 -0.030097 0.085525 0.066171 0.113451
0.233729 -0.030097 0.085525 0.066171 0.113451
0.186364 -0.148421 0.026901 -0.122599 0.025109
0.121034 -0.263649 -0.045319 -0.40346 -0.067051
0.121034 -0.263649 -0.045319 -0.40346 -0.067051
0.15607 -0.195467 -0.013381 -0.38817 -0.153934
0.15607 -0.195467 -0.013381 -0.38817 -0.153934
0.15607 -0.195467 -0.013381 -0.38817 -0.153934
0.15607 -0.195467 -0.013381 -0.38817 -0.153934
0.15607 -0.195467 -0.013381 -0.38817 -0.153934
0.088122 -0.358714 -0.087998 -0.200737 0.177161
0.08719 -0.372529 -0.070731 -0.135975 0.096143
0.134247 -0.28912 -0.008497 -0.145247 -0.035393
0.101575 -0.202322 -0.042588 -0.26264 -0.004079
0.135339 -0.174548 0.028415 -0.035259 -0.038077
0.135339 -0.174548 0.028415 -0.035259 -0.038077
0.154269 -0.131008 0.01092 -0.226806 -0.192973
0.192853 -0.056735 0.010221 -0.394309 -0.190672
0.192853 -0.056735 0.010221 -0.394309 -0.190672
0.192853 -0.056735 0.010221 -0.394309 -0.190672
0.192853 -0.056735 0.010221 -0.394309 -0.190672
0.092061 -0.177317 0.01554 0.211252 0.199195
0.011035 -0.378922 -0.095593 0.043117 0.288753
0.011035 -0.378922 -0.095593 0.043117 0.288753
0.011035 -0.378922 -0.095593 0.043117 0.288753
0.055893 -0.307274 -0.017584 -0.180956 -0.161929
0.07158 -0.354539 -0.02676 -0.105624 -0.000968
0.155505 -0.216506 0.036939 0.089692 0.186162
0.155505 -0.216506 0.036939 0.089692 0.186162
0.24554 -0.111695 0.108114 0.056372 0.040146
0.293892 -0.102443 0.091402 -0.386467 -0.31075
0.221523 -0.158817 0.077681 -0.107234 -0.13691
0.197013 -0.114308 0.069762 -0.183074 -0.379109
0.206549 -0.081725 0.123134 -0.047277 -0.278092
0.206549 -0.081725 0.123134 -0.047277 -0.278092
0.225716 -0.037569 0.104499 -0.200665 -0.320402
0.212885 -0.225254 -0.002264 -0.228824 -0.04311
0.212885 -0.225254 -0.002264 -0.228824 -0.04311
0.279581 -0.05882 0.101967 -0.118392 -0.069485
0.166978 -0.248427 -0.015288 -0.096161 0.208668
0.166978 -0.248427 -0.015288 -0.096161 0.208668
0.137347 -0.247189 -0.008639 -0.270607 -0.0771
0.137347 -0.247189 -0.008639 -0.270607 -0.0771
0.109137 -0.269991 -0.052752 -0.273806 0.021507
0.109137 -0.269991 -0.052752 -0.273806 0.021507
0.286226 -0.046907 0.086355 -0.262907 -0.176805
0.181931 -0.232591 -0.003954 -0.31153 -0.041678
0.170971 -0.218925 -0.044538 -0.500786 -0.005946
0.170971 -0.218925 -0.044538 -0.500786 -0.005946
0.170971 -0.218925 -0.044538 -0.500786 -0.005946
0.132756 -0.263288 -0.087503 -0.524638 0.002775
0.132756 -0.263288 -0.087503 -0.524638 0.002775
0.175857 -0.228658 -0.015186 -0.651185 -0.297168
0.175857 -0.228658 -0.015186 -0.651185 -0.297168
0.175857 -0.228658 -0.015186 -0.651185 -0.297168
0.175857 -0.228658 -0.015186 -0.651185 -0.297168
0.175857 -0.228658 -0.015186 -0.651185 -0.297168
0.175857 -0.228658 -0.015186 -0.651185 -0.297168
0.137886 -0.198254 0.032417 -0.048782 0.019179
0.137886 -0.198254 0.032417 -0.048782 0.019179
0.176629 -0.100587 0.08756 0.222321 0.174945
0.083251 -0.204491 0.004382 -0.052615 0.016389
0.16524 -0.196717 0.01374 -0.087002 0.052269
0.222573 -0.191023 0.119403 0.018712 -0.196967
0.270062 -0.159596 0.101107 0.029484 0.002655
0.213955 -0.167156 0.042609 0.111202 0.280269
0.213955 -0.167156 0.042609 0.111202 0.280269
0.327838 0.09032 0.160523 0.022571 -0.042877
0.228187 0.017096 0.08595 -0.183119 -0.126373
0.203384 -0.114319 0.075323 0.085984 0.114127
0.185434 -0.196723 0.042184 0.161465 0.251693
0.185434 -0.196723 0.042184 0.161465 0.251693
0.192844 -0.114496 -0.043457 -0.155053 0.29976
0.120019 -0.277987 -0.047662 -0.186654 0.159668
0.14334 -0.298178 -0.005108 -0.062019 0.045661
0.268435 -0.068512 0.103056 0.160548 0.021905
0.268435 -0.068512 0.103056 0.160548 0.021905
0.268435 -0.068512 0.103056 0.160548 0.021905
0.149782 -0.180075 -0.021797 -0.330732 -0.149693
0.184701 -0.152387 0.046892 -0.016267 0.000163
0.163804 -0.180168 0.025965 -0.131395 -0.045576
0.163804 -0.180168 0.025965 -0.131395 -0.045576
0.240837 -0.056049 0.087201 -0.281275 -0.261468
0.136811 -0.239878 -0.013742 -0.390152 -0.194725
0.136811 -0.239878 -0.013742 -0.390152 -0.194725
0.136811 -0.239878 -0.013742 -0.390152 -0.194725
0.193666 -0.133015 0.01907 -0.277786 -0.147793
0.32477 -0.074018 0.11443 -0.224699 -0.345608
0.32477 -0.074018 0.11443 -0.224699 -0.345608
0.257701 -0.058706 0.085167 0.072753 -0.060976
0.229747 -0.106069 0.072677 0.053764 -0.005952
0.206952 -0.10842 0.052273 -0.179018 -0.235583
0.255916 -0.040119 0.178303 0.21018 -0.144309
0.247732 0.027366 0.145501 -0.05183 -0.203396
0.192434 -0.044274 0.048118 -0.234048 -0.082668
0.177845 -0.107304 0.051457 0.016792 0.158738
0.202772 -0.04963 0.115561 0.131388 0.127018
0.246795 0.004807 0.146658 0.02375 -0.149965
0.246795 0.004807 0.146658 0.02375 -0.149965
0.246795 0.004807 0.146658 0.02375 -0.149965
0.087468 -0.161228 -0.043429 -0.194811 0.067784
0.175384 -0.092658 0.085155 0.178068 0.125954
0.145562 -0.018981 0.143211 0.122371 -0.025222
0.141415 -0.006518 0.110869 0.191233 0.034196
0.160022 -0.063641 0.061134 0.267649 0.308102
0.160022 -0.063641 0.061134 0.267649 0.308102
0.111336 -0.224082 0.00996 0.036454 0.19627
0.102046 -0.208056 -0.035826 -0.10533 0.169016
0.102046 -0.208056 -0.035826 -0.10533 0.169016
0.102046 -0.208056 -0.035826 -0.10533 0.169016
0.102046 -0.208056 -0.035826 -0.10533 0.169016
0.102046 -0.208056 -0.035826 -0.10533 0.169016
0.101492 -0.213974 -0.013798 0.038711 0.1638
0.101492 -0.213974 -0.013798 0.038711 0.1638
0.101492 -0.213974 -0.013798 0.038711 0.1638
0.101492 -0.213974 -0.013798 0.038711 0.1638
0.16946 -0.125131 -0.009768 -0.142654 0.031431
0.108061 -0.225949 -0.07038 -0.173707 0.110594
0.108061 -0.225949 -0.07038 -0.173707 0.110594
0.108061 -0.225949 -0.07038 -0.173707 0.110594
0.325817 -0.015155 0.159196 -0.103916 -0.244797
0.27125 -0.061408 0.093046 -0.228441 -0.115789
0.129736 -0.14317 -0.044014 -0.256511 0.15136
0.133307 -0.170722 0.025107 0.042342 0.158077
0.192621 -0.20957 0.009684 -0.279944 -0.096033
0.192621 -0.20957 0.009684 -0.279944 -0.096033
0.192621 -0.20957 0.009684 -0.279944 -0.096033
0.189257 -0.158017 0.074738 0.043891 0.018875
0.106962 -0.229055 -0.003003 0.033925 0.229747
0.145565 -0.307723 -0.044353 -0.268306 -0.047086
0.145565 -0.307723 -0.044353 -0.268306 -0.047086
0.18642 -0.190535 0.004199 -0.194192 -0.047844
0.19775 -0.202015 -0.008524 -0.033451 0.100629
0.19775 -0.202015 -0.008524 -0.033451 0.100629
0.19775 -0.202015 -0.008524 -0.033451 0.100629
0.100989 -0.238282 -0.130334 -0.607733 -0.111976
0.083109 -0.20786 -0.047347 -0.258854 -0.107519
0.162853 -0.140958 0.034665 -0.043769 -0.066295
0.162853 -0.140958 0.034665 -0.043769 -0.066295
0.131531 -0.112913 -0.013483 -0.01531 0.120153
0.121371 -0.097363 -0.033084 -0.219083 -0.017665
0.113414 -0.17861 -0.090339 -0.250868 0.076095
0.078998 -0.211856 -0.057252 -0.061733 0.110827
0.235715 -0.022186 0.132268 0.111226 -0.000248
0.098913 -0.166374 -0.029389 -0.012339 0.133807
0.15268 -0.10291 0.069875 0.092203 -0.003579
0.071693 -0.116111 -0.033462 -0.21103 0.059363
0.186593 0.037626 0.116184 -0.15567 -0.258646
0.186259 0.00355 0.13119 0.11637 0.034316
0.186259 0.00355 0.13119 0.11637 0.034316
0.061225 -0.264919 -0.034944 -0.07884 0.143226
0.106155 -0.24545 -0.024389 -0.155032 0.098683
0.161859 -0.191998 -0.03352 -0.245002 0.061318
0.161859 -0.191998 -0.03352 -0.245002 0.061318
0.183825 -0.191861 0.027322 -0.086123 0.040116
0.254556 -0.05544 0.07671 -0.230579 -0.162741
0.301905 -0.049134 0.102008 0.01501 -0.029588
0.294075 -0.11197 0.032891 0.054559 0.20996
0.289977 -0.097362 0.015231 -0.211909 0.013942
0.276757 -0.064982 0.114065 -0.159433 -0.198542
0.276757 -0.064982 0.114065 -0.159433 -0.198542
0.276757 -0.064982 0.114065 -0.159433 -0.198542
0.238227 -0.101366 0.119954 -0.072972 -0.223195
0.278791 -0.112027 0.149162 -0.039357 -0.270141
0.188185 -0.189828 0.024271 -0.334387 -0.300092
0.188185 -0.189828 0.024271 -0.334387 -0.300092
0.141353 -0.151093 0.039371 -0.082021 -0.085825
0.198559 -0.072533 0.030827 -0.051261 0.066096
0.138016 -0.193301 -0.062463 -0.047814 0.33483
0.163185 -0.211199 -0.016541 0.271625 0.409476
0.228483 -0.178903 0.040785 0.149091 0.157017
0.222546 -0.097231 0.088921 -0.008698 -0.138529
0.222546 -0.097231 0.088921 -0.008698 -0.138529
0.222546 -0.097231 0.088921 -0.008698 -0.138529
0.222546 -0.097231 0.088921 -0.008698 -0.138529
0.222546 -0.097231 0.088921 -0.008698 -0.138529
0.222546 -0.097231 0.088921 -0.008698 -0.138529
0.222546 -0.097231 0.088921 -0.008698 -0.138529
0.110328 -0.150929 -0.013251 -0.123063 -0.004323
0.181252 -0.132703 -0.00922 -0.288544 0.037657
0.172852 -0.122331 0.005482 -0.080808 0.179106
0.100599 -0.200051 0.007498 0.152706 0.259618
0.100599 -0.200051 0.007498 0.152706 0.259618
0.13071 -0.178673 -0.004617 0.018947 0.21524
0.13071 -0.178673 -0.004617 0.018947 0.21524
0.12182 -0.195926 -0.049885 -0.160046 0.138549
0.207856 -0.100633 0.037192 -0.254427 -0.128421
0.207856 -0.100633 0.037192 -0.254427 -0.128421
0.207856 -0.100633 0.037192 -0.254427 -0.128421
0.207856 -0.100633 0.037192 -0.254427 -0.128421
0.207856 -0.100633 0.037192 -0.254427 -0.128421
0.207856 -0.100633 0.037192 -0.254427 -0.128421
0.207856 -0.100633 0.037192 -0.254427 -0.128421
0.160288 -0.177036 0.009497 -0.140459 0.004789
0.267309 -0.078237 0.09854 -0.010367 -0.085991
0.307641 0.010397 0.172655 0.027843 -0.245187
0.287758 0.018972 0.104625 -0.172922 0.005362
0.314541 -0.040892 0.072937 -0.270745 -0.049461
0.305813 -0.003719 0.092472 -0.275699 -0.133844
0.251605 0.021987 0.102867 -0.12893 -0.064156
0.164341 -0.092121 -0.010098 -0.252833 0.065984
0.103058 -0.220025 -0.062079 -0.252447 0.088131
0.199876 -0.081978 0.02801 -0.241904 -0.107479
0.149923 -0.193949 -0.088273 -0.189014 0.224434
0.277053 -0.064251 0.057384 -0.247996 -0.117999
0.318788 -0.03811 0.11234 -0.276878 -0.320367
0.318788 -0.03811 0.11234 -0.276878 -0.320367
0.318788 -0.03811 0.11234 -0.276878 -0.320367
0.17118 -0.176678 0.048687 -0.074459 -0.084386
0.158695 -0.188777 0.062447 -0.13571 -0.267634
0.180885 -0.161665 0.055371 -0.319278 -0.358857
0.180885 -0.161665 0.055371 -0.319278 -0.358857
0.180885 -0.161665 0.055371 -0.319278 -0.358857
0.180885 -0.161665 0.055371 -0.319278 -0.358857
0.101506 -0.316893 -0.02685 -0.183713 0.019742
0.101506 -0.316893 -0.02685 -0.183713 0.019742
0.015208 -0.462034 -0.057344 -0.011517 0.099773
0.065142 -0.422816 -0.137129 -0.394174 -0.00262
0.065142 -0.422816 -0.137129 -0.394174 -0.00262
0.167719 -0.149801 -0.0569 -0.451216 0.033384
0.167719 -0.149801 -0.0569 -0.451216 0.033384
0.167719 -0.149801 -0.0569 -0.451216 0.033384
0.167719 -0.149801 -0.0569 -0.451216 0.033384
0.167719 -0.149801 -0.0569 -0.451216 0.033384
0.167719 -0.149801 -0.0569 -0.451216 0.033384
0.167719 -0.149801 -0.0569 -0.451216 0.033384
0.167719 -0.149801 -0.0569 -0.451216 0.033384
0.167719 -0.149801 -0.0569 -0.451216 0.033384
0.167719 -0.149801 -0.0569 -0.451216 0.033384
0.167719 -0.149801 -0.0569 -0.451216 0.033384
0.137663 -0.245633 -0.052304 -0.245971 0.060416
0.137663 -0.245633 -0.052304 -0.245971 0.060416
0.137663 -0.245633 -0.052304 -0.245971 0.060416
0.173355 -0.218 0.020548 -0.173769 -0.099213
0.158367 -0.262611 0.031469 -0.232137 -0.287503
0.198677 -0.168963 0.064133 -0.168655 -0.258606
0.266853 -0.100304 0.104948 -0.026416 -0.185499
0.21577 -0.123047 0.063718 -0.107716 -0.151216
0.17586 -0.188765 0.050685 -0.059914 -0.139179
0.248417 -0.146895 0.118444 0.12997 -0.036566
0.247838 -0.184002 0.056062 0.069887 0.17472
0.192889 -0.202216 0.017282 0.026142 0.082088
0.147426 -0.160914 0.0164 -0.021843 -0.065518
0.118396 -0.091138 0.004065 0.138081 0.209746
0.066701 -0.173131 -0.070935 -0.363525 -0.099749
0.015987 -0.302548 -0.159643 -0.424802 0.117955
0.015987 -0.302548 -0.159643 -0.424802 0.117955
0.015987 -0.302548 -0.159643 -0.424802 0.117955
-0.041302 -0.370452 -0.175344 -0.383652 0.151026
-0.063655 -0.377724 -0.162746 -0.534054 -0.065965
0.126082 -0.274197 -0.026208 0.060934 0.246134
0.131442 -0.240879 -0.050189 -0.33355 -0.009648
0.131442 -0.240879 -0.050189 -0.33355 -0.009648
0.108361 -0.346373 -0.064287 -0.260166 0.04386
0.108361 -0.346373 -0.064287 -0.260166 0.04386
0.108361 -0.346373 -0.064287 -0.260166 0.04386
0.130382 -0.325366 -0.022342 0.012836 0.11654
0.130382 -0.325366 -0.022342 0.012836 0.11654
0.130382 -0.325366 -0.022342 0.012836 0.11654
0.193735 -0.18492 0.046959 0.024723 0.008735
0.179049 -0.169984 0.010474 -0.000735 0.088442
0.179049 -0.169984 0.010474 -0.000735 0.088442
0.184584 -0.219131 -0.003957 -0.054225 0.097622
0.155827 -0.232763 0.023126 0.089659 0.119124
0.151714 -0.20666 0.033231 0.134858 0.158293
0.186769 -0.190318 0.066519 0.108136 0.127742
0.186769 -0.190318 0.066519 0.108136 0.127742
0.170509 -0.177168 0.049992 0.135659 0.028892
0.082919 -0.278009 -0.019888 0.023613 0.063887
0.082919 -0.278009 -0.019888 0.023613 0.063887
0.183885 -0.133833 0.059831 -0.187138 -0.129052
0.121881 -0.20502 -0.013739 0.228955 0.313282
0.121881 -0.20502 -0.013739 0.228955 0.313282
0.188611 -0.118882 0.007473 -0.232095 -0.046553
0.188611 -0.118882 0.007473 -0.232095 -0.046553
0.190808 -0.14385 0.049632 -0.019464 -0.025141
0.190808 -0.14385 0.049632 -0.019464 -0.025141
0.146515 -0.290362 -0.003963 0.030659 0.146678
0.145749 -0.23132 0.020843 0.056819 0.167873
0.069355 -0.181897 -0.040054 -0.198593 0.019299
0.088793 -0.150498 -0.013972 -0.233078 -0.022308
0.183116 -0.140964 0.046978 0.023414 0.166225
0.241352 -0.184367 0.041528 -0.172767 -0.038463
0.259509 -0.092694 0.101565 -0.142033 -0.164992
0.259509 -0.092694 0.101565 -0.142033 -0.164992
0.259509 -0.092694 0.101565 -0.142033 -0.164992
0.179146 -0.130556 0.043935 -0.101041 -0.086381
0.245233 -0.049378 0.162335 0.105248 -0.17831
0.199638 -0.092803 0.066806 -0.277799 -0.26188
0.199638 -0.092803 0.066806 -0.277799 -0.26188
0.199638 -0.092803 0.066806 -0.277799 -0.26188
0.223305 -0.112437 0.110764 -0.118246 -0.236924
0.234393 -0.050876 0.126286 -0.139028 -0.265858
0.26828 -0.019182 0.155936 0.084688 -0.098421
0.269524 -0.018911 0.161809 0.120559 -0.11607
0.280297 -0.003052 0.124226 -0.065359 -0.079497
0.184962 -0.164579 -0.017703 -0.363229 -0.16378
0.184962 -0.164579 -0.017703 -0.363229 -0.16378
0.184962 -0.164579 -0.017703 -0.363229 -0.16378
0.184962 -0.164579 -0.017703 -0.363229 -0.16378
0.184962 -0.164579 -0.017703 -0.363229 -0.16378
0.184962 -0.164579 -0.017703 -0.363229 -0.16378
0.113896 -0.189253 0.049786 0.286694 0.162926
0.113896 -0.189253 0.049786 0.286694 0.162926
0.180023 -0.107062 0.019182 -0.14688 0.010706
0.082767 -0.288755 -0.036304 -0.023922 0.178329
0.082767 -0.288755 -0.036304 -0.023922 0.178329
0.249215 -0.159779 0.067244 -0.09834 -0.113035
0.249215 -0.159779 0.067244 -0.09834 -0.113035
0.275344 -0.04212 0.189458 0.095708 -0.211187
0.275344 -0.04212 0.189458 0.095708 -0.211187
0.2326 -0.023671 0.151805 0.027514 -0.13629
0.254753 -0.001617 0.139943 0.001959 -0.109117
0.219748 -0.184871 0.059213 -0.122603 -0.025229
0.219748 -0.184871 0.059213 -0.122603 -0.025229
0.23714 -0.165235 0.025315 -0.309895 -0.137586
0.23714 -0.165235 0.025315 -0.309895 -0.137586
0.23714 -0.165235 0.025315 -0.309895 -0.137586
0.23714 -0.165235 0.025315 -0.309895 -0.137586
0.269446 -0.158398 0.087084 -0.042614 -0.039676
0.272403 -0.085721 0.08103 -0.129232 -0.049037
0.272403 -0.085721 0.08103 -0.129232 -0.049037
0.197153 -0.112149 4.7e-05 -0.415006 -0.064605
0.197153 -0.112149 4.7e-05 -0.415006 -0.064605
0.197153 -0.112149 4.7e-05 -0.415006 -0.064605
0.197153 -0.112149 4.7e-05 -0.415006 -0.064605
0.197153 -0.112149 4.7e-05 -0.415006 -0.064605
0.160653 -0.183232 -0.038482 -0.149211 0.121324
0.160653 -0.183232 -0.038482 -0.149211 0.121324
0.160653 -0.183232 -0.038482 -0.149211 0.121324
0.124126 -0.214074 -0.045649 -0.082809 0.179219
0.133621 -0.198087 -0.008583 0.149793 0.255038
0.248968 -0.097491 0.094738 0.20372 0.167472
0.205951 -0.169467 0.020305 -0.143041 0.015272
0.205951 -0.169467 0.020305 -0.143041 0.015272
0.216876 -0.157251 0.058479 -0.085185 -0.039822
0.211205 -0.135782 0.071441 -0.098868 -0.073891
0.240136 -0.130826 0.085878 -0.047171 -0.047696
0.275218 -0.038687 0.14325 0.193451 0.090138
0.175249 -0.155866 0.055632 0.152244 0.234874
0.175249 -0.155866 0.055632 0.152244 0.234874
0.164229 -0.089045 0.031819 -0.021995 0.150748
0.164215 -0.12336 0.055421 0.077434 0.086076
0.164215 -0.12336 0.055421 0.077434 0.086076
0.164215 -0.12336 0.055421 0.077434 0.086076
0.242913 -0.077574 0.106284 0.02029 -0.041468
0.172323 -0.118669 0.018307 -0.158095 0.052519
0.129083 -0.221446 -0.008988 -0.022946 0.101554
0.17625 -0.160742 0.038663 -0.115705 -0.120092
0.131086 -0.294543 -0.003725 -0.284487 -0.125247
0.236254 -0.127667 0.035354 -0.297568 -0.025113
0.219883 -0.073433 0.077195 0.134554 0.147395
0.144477 -0.111898 0.015731 0.144681 0.3294
0.144477 -0.111898 0.015731 0.144681 0.3294
0.144477 -0.111898 0.015731 0.144681 0.3294
0.073204 -0.233026 -0.036789 -0.038585 0.23294
-0.007578 -0.382672 -0.091226 0.081014 0.321615
0.163209 -0.233177 0.044501 -0.008418 -0.088384
0.107658 -0.425988 -0.096974 -0.095422 0.286048
0.165183 -0.377234 -0.040564 -0.256066 0.058356
0.165183 -0.377234 -0.040564 -0.256066 0.058356
0.137919 -0.399997 -0.099609 -0.290912 0.107288
0.063354 -0.46327 -0.140698 -0.343933 0.112256
0.012533 -0.492649 -0.148394 -0.306597 0.068854
0.004311 -0.427232 -0.149622 -0.400246 0.088352
0.106133 -0.344812 -0.029946 -0.352439 -0.141286
0.112978 -0.385884 -0.074953 -0.243219 0.078452
0.189448 -0.290187 -0.019126 -0.187327 0.115536
0.162376 -0.251551 -0.016834 0.020277 0.255264
0.168992 -0.192694 -0.019852 -0.111974 0.082957
0.192367 -0.17864 0.032626 0.183415 0.323066
0.192367 -0.17864 0.032626 0.183415 0.323066
0.192367 -0.17864 0.032626 0.183415 0.323066
0.143267 -0.217834 -0.042351 -0.359639 -0.067208
0.212653 -0.139821 -0.026358 -0.379267 -0.115085
0.209909 -0.101792 -0.000518 -0.114683 0.054868
0.209909 -0.101792 -0.000518 -0.114683 0.054868
0.183043 -0.312331 -0.021929 -0.023985 0.169862
0.327244 -0.125713 0.082163 -0.082182 -0.067613
0.250136 -0.197448 0.020338 -0.120932 0.094362
0.189087 -0.222247 -0.072124 -0.377256 0.060071
0.216967 -0.175357 -0.018156 -0.217003 0.059756
0.122932 -0.223922 -0.126691 -0.314168 0.229945
0.142757 -0.18279 -0.020947 0.060279 0.282989
0.237205 -0.107908 0.080311 -0.002959 0.041237
0.281318 -0.139122 0.007347 -0.261844 0.020103
0.323918 -0.058171 0.082478 -0.327394 -0.258037
0.323918 -0.058171 0.082478 -0.327394 -0.258037
0.334428 0.071088 0.082457 -0.255525 -0.149248
0.405383 0.072094 0.158238 -0.201445 -0.169708
0.405383 0.072094 0.158238 -0.201445 -0.169708
0.464412 0.088394 0.215133 -0.215509 -0.351004
0.413194 -0.038315 0.142392 -0.281177 -0.314021
0.413194 -0.038315 0.142392 -0.281177 -0.314021
0.384749 -0.0327 0.069383 -0.480391 -0.27372
0.384749 -0.0327 0.069383 -0.480391 -0.27372
0.349182 -0.017545 0.083652 -0.460761 -0.215511
0.349182 -0.017545 0.083652 -0.460761 -0.215511
0.349182 -0.017545 0.083652 -0.460761 -0.215511
0.349182 -0.017545 0.083652 -0.460761 -0.215511
0.296266 -0.006961 0.06088 -0.416678 -0.134291
0.258088 -0.097561 0.008971 -0.52826 -0.232058
0.258088 -0.097561 0.008971 -0.52826 -0.232058
0.258088 -0.097561 0.008971 -0.52826 -0.232058
0.258088 -0.097561 0.008971 -0.52826 -0.232058
0.258088 -0.097561 0.008971 -0.52826 -0.232058
0.258088 -0.097561 0.008971 -0.52826 -0.232058
0.23334 -0.117531 -0.016948 -0.334623 -0.012768
0.23334 -0.117531 -0.016948 -0.334623 -0.012768
0.220902 -0.057735 0.001465 -0.390996 -0.08296
0.220902 -0.057735 0.001465 -0.390996 -0.08296
0.220902 -0.057735 0.001465 -0.390996 -0.08296
0.04685 -0.292067 -0.072137 -0.076824 0.212278
0.087278 -0.295923 -0.036303 0.051964 0.185838
0.143904 -0.255441 0.025251 0.032999 -0.00625
0.148245 -0.198552 0.039792 -0.036176 -0.031506
0.148245 -0.198552 0.039792 -0.036176 -0.031506
0.111118 -0.215151 -0.04278 -0.04307 0.160713
0.111118 -0.215151 -0.04278 -0.04307 0.160713
0.072863 -0.263662 -0.0594 -0.09434 0.119405
0.098958 -0.24706 -0.047914 -0.149523 0.053983
0.132596 -0.070828 0.072282 0.115907 0.000632
0.159019 -0.0955 0.059307 -0.238326 -0.296369
0.183387 -0.106865 0.093873 0.030551 -0.156425
0.113504 -0.216564 0.030292 -0.126733 -0.20202
0.098692 -0.196549 -0.008655 -0.229419 -0.171358
0.142566 -0.193542 0.021994 -0.095215 -0.063716
0.143066 -0.204149 0.036082 0.185074 0.017841
0.143066 -0.204149 0.036082 0.185074 0.017841
0.143066 -0.204149 0.036082 0.185074 0.017841
0.123999 -0.319165 -0.069542 -0.28024 0.010723
0.123999 -0.319165 -0.069542 -0.28024 0.010723
0.123999 -0.319165 -0.069542 -0.28024 0.010723
0.16139 -0.127435 0.008578 -0.007849 0.133103
0.219292 0.007734 0.099865 0.021994 -0.140074
0.107642 -0.216433 -0.058862 -0.381174 -0.128503
0.158355 -0.198978 -0.016576 -0.266942 -0.090288
0.226796 -0.154176 0.039484 -0.051408 -0.046194
0.208473 -0.127914 0.047224 -0.099531 -0.084391
0.127228 -0.225324 -0.049789 -0.24647 -0.069171
0.267903 -0.070019 0.078887 0.137114 0.114248
0.267903 -0.070019 0.078887 0.137114 0.114248
0.23633 -0.122997 0.045994 -0.158117 -0.114158
0.203388 -0.150348 0.005367 -0.450096 -0.331607
0.203388 -0.150348 0.005367 -0.450096 -0.331607
0.111934 -0.208024 -0.040754 -0.047722 0.051358
0.14831 -0.115768 -0.015222 -0.257546 -0.021096
0.14831 -0.115768 -0.015222 -0.257546 -0.021096
0.089953 -0.346218 -0.08555 -0.246236 0.108734
0.152907 -0.205935 0.012392 -0.176434 -0.13326
0.109189 -0.245483 0.001679 -0.12591 -0.065989
0.159013 -0.171588 0.030875 -0.303232 -0.28708
0.159013 -0.171588 0.030875 -0.303232 -0.28708
0.159013 -0.171588 0.030875 -0.303232 -0.28708
0.132502 -0.259345 0.020969 -0.112528 -0.005636
0.162766 -0.143711 0.008416 -0.493611 -0.188141
0.162766 -0.143711 0.008416 -0.493611 -0.188141
0.162766 -0.143711 0.008416 -0.493611 -0.188141
0.177393 -0.131447 -0.014038 -0.555588 -0.21351
0.172957 -0.206241 -0.039697 -0.364063 -0.014107
0.172957 -0.206241 -0.039697 -0.364063 -0.014107
0.172957 -0.206241 -0.039697 -0.364063 -0.014107
0.172957 -0.206241 -0.039697 -0.364063 -0.014107
0.19023 -0.192789 -0.025966 -0.170401 0.039553
0.197102 -0.205315 -0.040698 -0.204976 0.043765
0.2386 -0.201157 0.001895 -0.202615 -0.011048
0.158502 -0.239708 0.001067 -0.134938 -0.122177
0.216077 -0.155987 0.028704 -0.167764 -0.125694
0.216077 -0.155987 0.028704 -0.167764 -0.125694
0.216077 -0.155987 0.028704 -0.167764 -0.125694
0.227661 -0.129049 0.055213 -0.079586 -0.222228
0.293374 -0.134639 0.150677 0.164059 -0.150414
0.19216 -0.224787 0.104605 0.081844 -0.182943
0.19216 -0.224787 0.104605 0.081844 -0.182943
0.1858 -0.189049 0.0689 0.078021 -0.138604
0.18338 -0.148132 0.031883 -0.176611 -0.187317
0.18338 -0.148132 0.031883 -0.176611 -0.187317
0.18338 -0.148132 0.031883 -0.176611 -0.187317
0.18981 -0.133924 0.021767 -0.080973 -0.001308
0.18981 -0.133924 0.021767 -0.080973 -0.001308
0.149258 -0.228852 0.043996 0.279558 0.183051
0.208702 -0.192798 0.092806 0.119378 -0.060434
0.208702 -0.192798 0.092806 0.119378 -0.060434
0.208702 -0.192798 0.092806 0.119378 -0.060434
0.208702 -0.192798 0.092806 0.119378 -0.060434
0.23235 -0.068754 0.028427 -0.110954 0.0036
0.090996 -0.291603 -0.024148 -0.00871 0.095403
0.174128 -0.186147 0.007615 -0.072108 0.111498
0.146523 -0.160645 -0.085665 -0.430538 0.110371
0.146523 -0.160645 -0.085665 -0.430538 0.110371
0.146523 -0.160645 -0.085665 -0.430538 0.110371
0.213334 -0.033167 0.035038 -0.256376 -0.036707
0.127349 -0.167952 -0.012806 -0.215293 -0.003292
0.161 -0.179528 0.008373 -0.055531 -0.040741
0.111627 -0.184197 0.034468 0.126296 0.117309
0.273524 -0.055175 0.082792 -0.21078 -0.08182
0.178167 -0.250412 0.019168 -0.067969 0.095776
0.232343 -0.165855 0.110661 0.15913 -0.099776
0.23091 -0.160575 0.132029 0.069472 -0.222355
0.234048 -0.056769 0.150011 -0.035893 -0.371944
0.234048 -0.056769 0.150011 -0.035893 -0.371944
0.234048 -0.056769 0.150011 -0.035893 -0.371944
0.234048 -0.056769 0.150011 -0.035893 -0.371944
0.234048 -0.056769 0.150011 -0.035893 -0.371944
0.139276 -0.313603 -0.009617 0.068326 0.135113
0.2132 -0.157092 0.126942 0.273209 0.040462
0.2132 -0.157092 0.126942 0.273209 0.040462
0.16802 -0.227164 0.078759 0.300996 0.093811
0.168796 -0.095853 0.079819 0.167137 0.088771
0.186044 -0.207386 0.102374 0.16654 0.009711
0.195614 -0.181556 0.018126 -0.157913 -0.108943
0.195614 -0.181556 0.018126 -0.157913 -0.108943
0.195614 -0.181556 0.018126 -0.157913 -0.108943
0.221178 -0.131251 0.035481 -0.23093 -0.224223
0.184615 -0.165175 0.011921 -0.285233 -0.185815
0.184615 -0.165175 0.011921 -0.285233 -0.185815
0.184615 -0.165175 0.011921 -0.285233 -0.185815
0.201185 -0.082151 0.055592 0.132055 0.12028
0.201185 -0.082151 0.055592 0.132055 0.12028
0.188886 -0.093174 0.07533 -0.173047 -0.216909
0.218326 -0.092597 0.114026 -0.107887 -0.37322
0.16027 -0.160319 0.084755 -0.007853 -0.25473
0.157894 -0.187627 0.05102 -0.158898 -0.236341
0.12716 -0.29782 -0.03426 -0.417479 -0.217625
0.12716 -0.29782 -0.03426 -0.417479 -0.217625
0.12716 -0.29782 -0.03426 -0.417479 -0.217625
0.12716 -0.29782 -0.03426 -0.417479 -0.217625
0.12716 -0.29782 -0.03426 -0.417479 -0.217625
0.12716 -0.29782 -0.03426 -0.417479 -0.217625
0.12716 -0.29782 -0.03426 -0.417479 -0.217625
0.12716 -0.29782 -0.03426 -0.417479 -0.217625
0.131346 -0.244631 -0.036211 -0.421405 -0.246572
0.119313 -0.180753 -0.030343 -0.323963 -0.175514
0.108382 -0.187165 -0.016506 -0.227451 -0.167447
0.19647 -0.09352 0.042485 -0.183066 -0.181131
0.061056 -0.317649 -0.055799 -0.212325 0.003621
0.061056 -0.317649 -0.055799 -0.212325 0.003621
0.110399 -0.353318 -0.044748 -0.068107 0.301038
-0.02333 -0.506773 -0.167318 -0.264555 0.290396
-0.070642 -0.552769 -0.23979 -0.339239 0.46203
0.078727 -0.356289 -0.123735 -0.486163 -0.019968
0.078727 -0.356289 -0.123735 -0.486163 -0.019968
0.078727 -0.356289 -0.123735 -0.486163 -0.019968
0.078727 -0.356289 -0.123735 -0.486163 -0.019968
0.068038 -0.392358 -0.088634 -0.132846 0.168239
0.082214 -0.400515 -0.040837 -0.029637 0.121609
0.179395 -0.26138 0.015744 0.03054 0.10091
0.262342 -0.039365 0.097279 -0.156123 -0.101297
0.168314 -0.076779 0.092982 -0.064153 -0.038224
0.093387 -0.166243 0.020571 -0.316507 -0.179459
0.092143 -0.224631 0.009976 -0.404401 -0.264496
0.102138 -0.245146 0.023549 -0.210559 -0.167881
0.074264 -0.246118 0.014902 -0.032203 -0.039632
0.072435 -0.154465 0.006332 -0.012752 0.104536
0.110972 -0.175398 0.051396 0.067485 0.08979
0.125127 -0.117081 0.096992 0.106114 -0.014856
0.125127 -0.117081 0.096992 0.106114 -0.014856
-0.024486 -0.32647 -0.09387 -0.130102 0.207636
0.082909 -0.254209 -0.037596 -0.358796 -0.096371
0.042203 -0.356783 -0.101143 -0.351618 0.027248
0.042203 -0.356783 -0.101143 -0.351618 0.027248
0.215116 -0.178393 0.130442 0.136107 -0.110358
0.210699 -0.149127 0.055474 -0.331342 -0.286839
0.095975 -0.276233 -0.031909 -0.149419 0.112905
0.077147 -0.211853 -0.084454 -0.192585 0.178555
0.137004 -0.208916 -0.081797 -0.184348 0.268248
0.103795 -0.297157 -0.134493 -0.39259 0.168674
0.103795 -0.297157 -0.134493 -0.39259 0.168674
0.192616 -0.270979 -0.047918 -0.241605 0.03962
0.177184 -0.240764 0.016579 0.030271 0.155995
0.177184 -0.240764 0.016579 0.030271 0.155995
0.199347 -0.219044 0.050237 0.089765 0.049141
0.160942 -0.259829 0.013143 -0.061742 0.020207
0.230585 -0.227028 0.0734 -0.019226 -0.083162
0.297882 -0.096794 0.08098 -0.001232 0.096571
0.245061 -0.157214 0.124891 0.181877 0.075241
0.273006 -0.078919 0.164068 0.240778 -0.117671
0.248986 -0.152378 0.088223 0.012229 -0.141377
0.248986 -0.152378 0.088223 0.012229 -0.141377
0.190703 -0.371447 0.005107 -0.054481 0.060638
0.190703 -0.371447 0.005107 -0.054481 0.060638
0.218508 -0.210649 0.030531 -0.13761 0.006448
0.014213 -0.36548 -0.073793 -0.140342 -0.002144
0.25354 -0.124826 0.128645 0.05923 -0.168433
0.147037 -0.301307 -0.027934 -0.027703 0.086984
0.067547 -0.388461 -0.055843 -0.144744 0.050251
0.067547 -0.388461 -0.055843 -0.144744 0.050251
0.127215 -0.196227 -0.02188 -0.320077 -0.161163
0.127215 -0.196227 -0.02188 -0.320077 -0.161163
0.218312 -0.075565 0.021612 -0.157328 -0.047313
0.283102 -0.04631 0.136853 -0.05518 -0.248372
0.283102 -0.04631 0.136853 -0.05518 -0.248372
0.321995 -0.046229 0.077874 -0.284679 -0.180398
0.174016 -0.155893 -0.01204 -0.07244 0.199261
0.174016 -0.155893 -0.01204 -0.07244 0.199261
0.146752 -0.200598 -0.013666 -0.105116 0.149479
0.127976 -0.230074 -0.02982 -0.011827 0.215797
0.127976 -0.230074 -0.02982 -0.011827 0.215797
0.127976 -0.230074 -0.02982 -0.011827 0.215797
0.127976 -0.230074 -0.02982 -0.011827 0.215797
0.055737 -0.222933 -0.060919 -0.226663 0.044039
0.159191 -0.23947 -0.033822 -0.395817 -0.192853
0.159191 -0.23947 -0.033822 -0.395817 -0.192853
0.159191 -0.23947 -0.033822 -0.395817 -0.192853
0.159191 -0.23947 -0.033822 -0.395817 -0.192853
0.19924 -0.190005 0.031468 0.01195 0.045296
0.193473 -0.225048 -0.015545 -0.100874 0.130541
0.240368 -0.154405 0.050916 -0.08925 -0.00119
0.240368 -0.154405 0.050916 -0.08925 -0.00119
0.278021 -0.021767 0.09953 -0.13887 -0.092179
0.270081 0.044087 0.129561 -0.035172 -0.122158
0.172905 -0.056671 0.055334 -0.041421 0.032242
0.131026 -0.211966 0.02232 -0.021398 0.184683
0.160638 -0.104266 0.029581 0.009512 0.143096
0.160638 -0.104266 0.029581 0.009512 0.143096
0.131605 -0.130046 -0.007248 0.006148 0.238274
0.087781 -0.118435 -0.071774 -0.325184 0.03966
0.105023 -0.092769 -0.065067 -0.165662 0.232082
0.105023 -0.092769 -0.065067 -0.165662 0.232082
0.067354 -0.159134 -0.056669 -0.091128 0.177648
0.067354 -0.159134 -0.056669 -0.091128 0.177648
0.067354 -0.159134 -0.056669 -0.091128 0.177648
0.171799 -0.14806 -0.016997 0.0058 0.210433
0.171799 -0.14806 -0.016997 0.0058 0.210433
0.171799 -0.14806 -0.016997 0.0058 0.210433
0.171799 -0.14806 -0.016997 0.0058 0.210433
0.222156 -0.119325 0.071307 0.24079 0.230292
0.291558 -0.075671 0.144401 -0.041077 -0.336199
0.291558 -0.075671 0.144401 -0.041077 -0.336199
0.309764 0.004888 0.183409 -0.087706 -0.489715
0.309764 0.004888 0.183409 -0.087706 -0.489715
0.271523 -0.098523 0.106367 -0.12357 -0.318343
0.198135 -0.310507 -0.014392 -0.225083 -0.101573
0.190838 -0.311023 -0.0492 -0.385778 -0.083328
0.252684 -0.165512 0.026999 -0.42806 -0.222906
0.252684 -0.165512 0.026999 -0.42806 -0.222906
0.170378 -0.336437 -0.028061 -0.123078 0.098914
0.239387 -0.216147 0.040223 -0.147341 -0.106142
0.198756 -0.215486 -0.028896 -0.298354 -0.065243
0.133691 -0.289473 -0.089045 -0.277421 0.059223
0.231012 -0.044189 0.033704 -0.316461 -0.185559
0.165061 -0.185948 -0.017007 -0.195181 0.082868
0.165061 -0.185948 -0.017007 -0.195181 0.082868
0.212638 -0.140344 0.064638 -0.007586 0.065946
0.226006 -0.091642 0.035839 -0.319805 -0.139266
0.226006 -0.091642 0.035839 -0.319805 -0.139266
0.087403 -0.302677 0.017056 0.051732 0.053926
0.139674 -0.229603 0.036886 -0.064352 -0.208271
0.153072 -0.229981 0.038234 -0.015365 -0.122819
0.07064 -0.3273 -0.006991 -0.11662 -0.045694
0.109453 -0.403238 -0.018123 0.097302 0.193261
0.090903 -0.414412 -0.095274 -0.103914 0.184898
0.149694 -0.275972 -0.063876 -0.061058 0.201864
0.185364 -0.213273 0.000817 0.11641 0.261263
0.185364 -0.213273 0.000817 0.11641 0.261263
0.185364 -0.213273 0.000817 0.11641 0.261263
0.200356 -0.067779 0.055414 0.001776 -0.024881
0.200356 -0.067779 0.055414 0.001776 -0.024881
0.097548 -0.220088 -0.019943 -0.044764 0.053172
0.097548 -0.220088 -0.019943 -0.044764 0.053172
0.097548 -0.220088 -0.019943 -0.044764 0.053172
0.097548 -0.220088 -0.019943 -0.044764 0.053172
0.129691 -0.155944 0.025939 -0.155879 -0.158015
0.127555 -0.131567 0.020229 0.141228 0.232091
0.176859 -0.060449 0.059873 0.079806 0.120325
0.225679 -0.023703 0.107556 0.175519 0.148538
0.25214 0.020229 0.153682 0.184002 0.011407
0.239055 -0.08851 0.121864 0.202476 -0.014653
0.239055 -0.08851 0.121864 0.202476 -0.014653
0.239055 -0.08851 0.121864 0.202476 -0.014653
0.222728 -0.154361 0.134529 0.362318 0.079045
0.2559 -0.041238 0.124642 0.030071 -0.073253
0.2559 -0.041238 0.124642 0.030071 -0.073253
0.216909 -0.242026 0.041792 -0.016582 -0.004285
0.216909 -0.242026 0.041792 -0.016582 -0.004285
0.239127 -0.194892 0.069441 0.069777 0.137742
0.176598 -0.281176 -0.0021 -0.319736 -0.066332
0.176598 -0.281176 -0.0021 -0.319736 -0.066332
0.157593 -0.310697 -0.037116 -0.354215 -0.11828
0.092875 -0.332427 -0.059353 -0.146405 0.014447
0.148532 -0.320686 -0.009784 -0.108715 -0.119817
0.201408 -0.10344 0.076401 -0.27972 -0.429055
0.119838 -0.210679 0.000508 -0.241236 -0.188268
0.227271 -0.089374 0.04626 -0.306633 -0.272254
0.227271 -0.089374 0.04626 -0.306633 -0.272254
0.184556 -0.054687 0.091684 0.097855 -0.176064
0.307335 0.019979 0.19778 0.343676 -0.094478
0.309875 0.025034 0.183668 0.065158 -0.321329
0.309875 0.025034 0.183668 0.065158 -0.321329
0.301778 0.0137 0.170979 -0.1945 -0.489336
0.301778 0.0137 0.170979 -0.1945 -0.489336
0.301778 0.0137 0.170979 -0.1945 -0.489336
0.301778 0.0137 0.170979 -0.1945 -0.489336
0.301778 0.0137 0.170979 -0.1945 -0.489336
0.301778 0.0137 0.170979 -0.1945 -0.489336
0.275171 -0.050385 0.099566 -0.255144 -0.364053
0.275171 -0.050385 0.099566 -0.255144 -0.364053
0.275171 -0.050385 0.099566 -0.255144 -0.364053
0.205543 -0.109252 0.083971 -0.174014 -0.257589
0.205543 -0.109252 0.083971 -0.174014 -0.257589
0.205543 -0.109252 0.083971 -0.174014 -0.257589
0.227117 -0.132066 0.074852 -0.22377 -0.269575
0.227117 -0.132066 0.074852 -0.22377 -0.269575
0.233877 -0.140488 0.018742 -0.169797 0.045647
0.233877 -0.140488 0.018742 -0.169797 0.045647
0.20665 -0.10408 0.077872 -0.095841 -0.209744
0.20665 -0.10408 0.077872 -0.095841 -0.209744
0.20665 -0.10408 0.077872 -0.095841 -0.209744
0.133073 -0.134729 0.075248 0.141099 -0.109003
0.193962 -0.023828 0.093127 -0.108937 -0.259317
0.193962 -0.023828 0.093127 -0.108937 -0.259317
0.231219 -0.052404 0.026254 -0.428421 -0.300764
0.20415 -0.137945 0.044754 -0.312883 -0.324101
0.20415 -0.137945 0.044754 -0.312883 -0.324101
0.185325 -0.135914 0.059716 -0.087904 -0.205859
0.260144 -0.039974 0.106886 -0.226233 -0.276425
0.172412 -0.255584 0.01805 -0.218441 -0.076367
0.13221 -0.245493 0.02546 -0.003274 0.049866
0.133405 -0.254349 0.048761 0.007133 -0.088617
0.177481 -0.203781 0.073516 0.055921 -0.059538
0.177481 -0.203781 0.073516 0.055921 -0.059538
0.15137 -0.314499 -0.08383 -0.074921 0.333951
0.196815 -0.148264 0.028006 -0.179782 -0.158911
0.196815 -0.148264 0.028006 -0.179782 -0.158911
0.196815 -0.148264 0.028006 -0.179782 -0.158911
0.174738 -0.203494 -0.024575 -0.187924 0.015758
0.124997 -0.306355 0.016922 0.188279 0.114397
0.249113 -0.181002 0.113608 0.221126 0.097229
0.249113 -0.181002 0.113608 0.221126 0.097229
0.224181 -0.224229 0.108555 0.089253 -0.072588
0.224181 -0.224229 0.108555 0.089253 -0.072588
0.203259 -0.173113 0.038113 -0.145717 -0.132094
0.161008 -0.14092 -0.03459 -0.100788 0.212314
0.274251 0.014386 0.147095 0.110195 -0.024656
0.309601 0.016837 0.180674 0.082361 -0.208073
0.176085 -0.14159 0.120242 0.201193 -0.019866
0.20237 -0.150367 0.085169 -0.188042 -0.210909
0.20237 -0.150367 0.085169 -0.188042 -0.210909
0.20237 -0.150367 0.085169 -0.188042 -0.210909
0.136903 -0.158106 0.045511 -0.086106 -0.082791
0.204182 -0.209454 -0.001532 -0.174217 0.043967
0.133342 -0.273422 -0.032903 -0.111811 0.095652
0.133342 -0.273422 -0.032903 -0.111811 0.095652
0.133342 -0.273422 -0.032903 -0.111811 0.095652
0.179792 -0.185585 0.022597 -0.012204 0.028476
0.179792 -0.185585 0.022597 -0.012204 0.028476
0.179792 -0.185585 0.022597 -0.012204 0.028476
0.067247 -0.330546 -0.076441 -0.433562 -0.120358
0.131189 -0.292563 -0.046083 -0.457721 -0.041195
0.144835 -0.164993 -0.01998 -0.508569 -0.148787
0.144835 -0.164993 -0.01998 -0.508569 -0.148787
0.144835 -0.164993 -0.01998 -0.508569 -0.148787
0.144835 -0.164993 -0.01998 -0.508569 -0.148787
0.183023 -0.111516 0.016358 -0.468452 -0.249797
0.183023 -0.111516 0.016358 -0.468452 -0.249797
0.183023 -0.111516 0.016358 -0.468452 -0.249797
0.183023 -0.111516 0.016358 -0.468452 -0.249797
0.183023 -0.111516 0.016358 -0.468452 -0.249797
0.183023 -0.111516 0.016358 -0.468452 -0.249797
0.183023 -0.111516 0.016358 -0.468452 -0.249797
0.183023 -0.111516 0.016358 -0.468452 -0.249797
0.183023 -0.111516 0.016358 -0.468452 -0.249797
0.183023 -0.111516 0.016358 -0.468452 -0.249797
0.267641 -0.147988 0.048168 -0.41887 -0.184186
0.259371 -0.136943 0.087339 -0.127118 -0.09089
0.244094 -0.239479 0.044143 -0.041428 0.010906
0.312249 -0.103714 0.114142 -0.045781 -0.100507
0.300716 -0.109606 0.107517 -0.148803 -0.206202
0.216291 -0.262943 -0.004676 -0.114638 0.00877
0.177613 -0.23675 -0.057953 -0.146907 0.167143
0.222778 -0.2081 -0.026681 -0.063294 0.215094
0.196009 -0.186617 0.046916 -0.025335 -0.123998
0.181856 -0.132965 0.001347 -0.229112 -0.024599
0.203079 -0.083154 0.077473 -0.055828 -0.088154
0.106862 -0.194541 -0.031156 0.001337 0.185826
0.174734 -0.136419 0.076304 0.102585 -0.084527
0.166135 -0.192804 0.050122 0.242581 0.149278
0.268417 0.001977 0.172238 0.203037 -0.128979
0.268417 0.001977 0.172238 0.203037 -0.128979
0.268527 -0.025094 0.157831 -0.110595 -0.434891
0.268527 -0.025094 0.157831 -0.110595 -0.434891
0.268527 -0.025094 0.157831 -0.110595 -0.434891
0.247275 -0.07056 0.093254 -0.140778 -0.283587
0.247275 -0.07056 0.093254 -0.140778 -0.283587
0.091714 -0.272865 -0.042799 -0.24201 -0.092396
0.091714 -0.272865 -0.042799 -0.24201 -0.092396
0.091714 -0.272865 -0.042799 -0.24201 -0.092396
0.151264 -0.192687 0.028112 -0.10772 -0.028045
0.151264 -0.192687 0.028112 -0.10772 -0.028045
0.116201 -0.215977 0.002812 -0.185221 -0.056661
0.116201 -0.215977 0.002812 -0.185221 -0.056661
0.242451 -0.073269 0.034359 -0.160594 0.074321
0.184105 -0.117507 -0.004313 -0.222053 0.063133
0.184105 -0.117507 -0.004313 -0.222053 0.063133
0.184105 -0.117507 -0.004313 -0.222053 0.063133
0.166599 -0.130392 0.02374 -0.115992 0.054361
0.15876 -0.082572 0.032589 -0.368202 -0.286234
0.15244 -0.15758 -0.002317 -0.237845 -0.139998
0.201514 -0.189289 0.008165 -0.057702 0.015878
0.24559 -0.002575 0.090142 -0.017834 -0.036911
0.299245 -0.027603 0.089377 -0.189541 -0.200686
0.089818 -0.254759 -0.013252 -0.058363 0.077597
0.130682 -0.249518 0.004582 0.348981 0.399056
0.130682 -0.249518 0.004582 0.348981 0.399056
0.130682 -0.249518 0.004582 0.348981 0.399056
0.130682 -0.249518 0.004582 0.348981 0.399056
0.118692 -0.155442 0.050081 0.307876 0.30944
0.13703 -0.125968 0.049332 0.138268 0.202586
0.201683 -0.229212 0.050872 0.142617 0.05074
0.270959 -0.099021 0.076014 0.139905 0.11865
0.176317 -0.153644 0.03091 -0.166348 -0.127336
0.136742 -0.1552 -0.006117 0.070126 0.178484
0.136742 -0.1552 -0.006117 0.070126 0.178484
0.136742 -0.1552 -0.006117 0.070126 0.178484
0.171463 -0.130548 -0.024627 -0.153402 0.10603
0.200289 -0.103429 0.019065 -0.162604 0.083435
0.200289 -0.103429 0.019065 -0.162604 0.083435
0.197452 -0.171007 -0.026789 -0.381923 -0.045424
0.197452 -0.171007 -0.026789 -0.381923 -0.045424
0.14173 -0.181497 -0.034956 -0.598587 -0.23421
0.14173 -0.181497 -0.034956 -0.598587 -0.23421
0.14173 -0.181497 -0.034956 -0.598587 -0.23421
0.227884 -0.050355 0.040668 -0.582946 -0.401113
0.227884 -0.050355 0.040668 -0.582946 -0.401113
0.240629 -0.094969 0.020085 -0.173252 0.094304
0.242987 -0.065431 0.052043 -0.07195 0.007031
0.242987 -0.065431 0.052043 -0.07195 0.007031
0.242987 -0.065431 0.052043 -0.07195 0.007031
0.176821 -0.219478 0.024107 -0.169435 -0.072789
0.103669 -0.279089 -0.034246 -0.196733 -0.007553
0.091522 -0.264159 0.026169 0.045934 -0.025835
0.03686 -0.231463 -0.0259 -0.104916 -0.025384
0.03686 -0.231463 -0.0259 -0.104916 -0.025384
0.057844 -0.243104 -0.035151 -0.171011 -0.015408
0.128513 -0.143249 0.060409 -0.006442 -0.062484
0.259192 0.04017 0.087201 -0.683187 -0.615766
0.259192 0.04017 0.087201 -0.683187 -0.615766
0.259192 0.04017 0.087201 -0.683187 -0.615766
0.259192 0.04017 0.087201 -0.683187 -0.615766
0.259192 0.04017 0.087201 -0.683187 -0.615766
0.259192 0.04017 0.087201 -0.683187 -0.615766
0.259192 0.04017 0.087201 -0.683187 -0.615766
0.259192 0.04017 0.087201 -0.683187 -0.615766
0.259192 0.04017 0.087201 -0.683187 -0.615766
0.259192 0.04017 0.087201 -0.683187 -0.615766
0.259192 0.04017 0.087201 -0.683187 -0.615766
0.259192 0.04017 0.087201 -0.683187 -0.615766
0.259192 0.04017 0.087201 -0.683187 -0.615766
0.259192 0.04017 0.087201 -0.683187 -0.615766
0.259192 0.04017 0.087201 -0.683187 -0.615766
0.259192 0.04017 0.087201 -0.683187 -0.615766
0.259192 0.04017 0.087201 -0.683187 -0.615766
0.259192 0.04017 0.087201 -0.683187 -0.615766
0.259192 0.04017 0.087201 -0.683187 -0.615766
0.259192 0.04017 0.087201 -0.683187 -0.615766
0.259192 0.04017 0.087201 -0.683187 -0.615766
0.259192 0.04017 0.087201 -0.683187 -0.615766
0.259192 0.04017 0.087201 -0.683187 -0.615766
0.259192 0.04017 0.087201 -0.683187 -0.615766
0.259192 0.04017 0.087201 -0.683187 -0.615766
0.259192 0.04017 0.087201 -0.683187 -0.615766
0.259192 0.04017 0.087201 -0.683187 -0.615766
0.259192 0.04017 0.087201 -0.683187 -0.615766
0.259192 0.04017 0.087201 -0.683187 -0.615766
0.259192 0.04017 0.087201 -0.683187 -0.615766
0.259192 0.04017 0.087201 -0.683187 -0.615766
0.259192 0.04017 0.087201 -0.683187 -0.615766
0.259192 0.04017 0.087201 -0.683187 -0.615766
0.259192 0.04017 0.087201 -0.683187 -0.615766
0.259192 0.04017 0.087201 -0.683187 -0.615766
0.259192 0.04017 0.087201 -0.683187 -0.615766
0.259192 0.04017 0.087201 -0.683187 -0.615766
0.259192 0.04017 0.087201 -0.683187 -0.615766
0.259192 0.04017 0.087201 -0.683187 -0.615766
0.259192 0.04017 0.087201 -0.683187 -0.615766
0.259192 0.04017 0.087201 -0.683187 -0.615766
0.259192 0.04017 0.087201 -0.683187 -0.615766
0.259192 0.04017 0.087201 -0.683187 -0.615766
0.259192 0.04017 0.087201 -0.683187 -0.615766
0.259192 0.04017 0.087201 -0.683187 -0.615766
0.259192 0.04017 0.087201 -0.683187 -0.615766
0.259192 0.04017 0.087201 -0.683187 -0.615766
0.259192 0.04017 0.087201 -0.683187 -0.615766
0.259192 0.04017 0.087201 -0.683187 -0.615766
0.259192 0.04017 0.087201 -0.683187 -0.615766
0.259192 0.04017 0.087201 -0.683187 -0.615766
0.259192 0.04017 0.087201 -0.683187 -0.615766
0.129394 -0.275972 -0.10403 -0.362197 0.072431
0.104167 -0.321383 -0.112158 -0.383153 0.104357
0.120472 -0.26911 -0.038914 -0.188154 0.06106
0.142817 -0.201862 -0.023057 -0.155899 0.018573
0.142817 -0.201862 -0.023057 -0.155899 0.018573
0.142817 -0.201862 -0.023057 -0.155899 0.018573
0.154185 -0.232714 -0.019183 -0.353668 -0.077728
0.131417 -0.273725 -0.072122 -0.257396 0.029955
0.08604 -0.30597 -0.100811 -0.487744 -0.138275
0.08604 -0.30597 -0.100811 -0.487744 -0.138275
0.188132 -0.22557 -0.027462 -0.248517 -0.023256
0.145858 -0.240517 -0.064419 -0.320615 -0.059582
0.145858 -0.240517 -0.064419 -0.320615 -0.059582
0.255525 -0.18499 0.013568 -0.085856 0.012489
0.194285 -0.166186 -0.048158 -0.195274 0.114445
0.194285 -0.166186 -0.048158 -0.195274 0.114445
0.267422 -0.030848 0.02318 -0.266313 -0.075204
0.218947 -0.061636 0.053133 -0.02368 -0.018812
0.218947 -0.061636 0.053133 -0.02368 -0.018812
0.185688 -0.101476 -0.010642 -0.100547 0.117412
0.185688 -0.101476 -0.010642 -0.100547 0.117412
0.262944 -0.017872 0.054768 -0.049547 0.031517
0.286438 -0.027999 0.064498 -0.20293 -0.100827
0.286438 -0.027999 0.064498 -0.20293 -0.100827
0.261724 -0.019602 0.039623 -0.356401 -0.243848
0.183447 -0.165194 -0.026968 -0.17959 -0.095985
0.183447 -0.165194 -0.026968 -0.17959 -0.095985
0.178329 -0.211084 -0.044842 -0.15268 -0.015322
0.302199 -0.049568 0.034599 -0.036979 0.091078
0.256976 -0.214852 -0.067278 -0.270852 0.102632
0.244892 -0.234097 -0.008742 0.134571 0.22001
0.244892 -0.234097 -0.008742 0.134571 0.22001
0.244892 -0.234097 -0.008742 0.134571 0.22001
0.163443 -0.338454 -0.066343 -0.281803 -0.12251
0.163443 -0.338454 -0.066343 -0.281803 -0.12251
0.233854 -0.159914 0.03761 -0.212935 -0.122488
0.350087 -0.004444 0.085846 -0.340692 -0.234013
0.257249 -0.154432 0.033759 -0.244364 -0.066594
0.152458 -0.252252 -0.049911 0.051196 0.404565
0.149281 -0.280354 -0.101714 -0.189487 0.304401
0.249342 -0.137882 0.037182 0.012771 0.100492
0.132891 -0.34681 -0.124696 -0.505052 0.003036
