0.354731 -0.240286 -0.93076 0.128271 0.408226
0.205293 -0.143985 -0.033929 -0.358675 0.00048
0.310447 -0.008937 0.09136 -0.227723 -0.14576
0.319211 -0.058058 0.077848 -0.060189 -0.005748
0.300987 -0.00944 0.102207 -0.038819 -0.121458
0.116889 -0.189167 -0.069251 -0.257637 -0.047432
0.071014 -0.302977 -0.074757 0.034939 0.156162
0.116317 -0.22464 -0.047675 0.015169 0.139496
0.116317 -0.22464 -0.047675 0.015169 0.139496
0.140929 -0.18306 -0.040768 -0.007896 0.145934
0.140929 -0.18306 -0.040768 -0.007896 0.145934
0.185431 -0.17779 -0.02617 -0.148673 0.066702
0.165579 -0.178903 -0.00995 -0.070033 0.112393
0.165579 -0.178903 -0.00995 -0.070033 0.112393
0.20867 -0.195026 0.028027 0.133861 0.116883
0.3241 -0.01044 0.112177 -0.088511 -0.177054
0.198239 -0.149735 0.002455 0.028074 0.05975
0.198239 -0.149735 0.002455 0.028074 0.05975
0.121242 -0.190718 -0.012514 0.264118 0.316365
0.121242 -0.190718 -0.012514 0.264118 0.316365
0.065167 -0.218573 -0.052844 -0.183544 -0.058301
0.065167 -0.218573 -0.052844 -0.183544 -0.058301
0.159082 -0.101637 0.06133 0.074943 0.059482
0.053055 -0.276774 -0.016383 -0.012099 0.084224
0.057812 -0.289844 -0.019891 -0.093755 0.012008
0.225921 -0.109242 0.109846 -0.081447 -0.191012
0.225733 -0.096736 0.133705 -0.029546 -0.264655
0.225733 -0.096736 0.133705 -0.029546 -0.264655
0.225733 -0.096736 0.133705 -0.029546 -0.264655
0.225733 -0.096736 0.133705 -0.029546 -0.264655
0.225733 -0.096736 0.133705 -0.029546 -0.264655
0.188027 -0.167866 0.062659 -0.279585 -0.330393
0.188027 -0.167866 0.062659 -0.279585 -0.330393
0.188027 -0.167866 0.062659 -0.279585 -0.330393
0.188027 -0.167866 0.062659 -0.279585 -0.330393
0.183065 -0.224314 0.033235 -0.160094 -0.105322
0.108035 -0.269101 -0.038325 -0.257826 0.002386
0.108035 -0.269101 -0.038325 -0.257826 0.002386
0.149235 -0.193943 0.037353 0.223792 0.26475
0.171283 -0.074204 0.010767 -0.233964 -0.089742
0.171283 -0.074204 0.010767 -0.233964 -0.089742
0.038996 -0.223158 -0.113592 -0.219491 0.234963
0.038996 -0.223158 -0.113592 -0.219491 0.234963
0.145243 -0.114424 -0.005923 -0.002094 0.203366
0.251037 0.032904 0.078978 -0.321663 -0.275086
0.146882 -0.105696 -0.033221 -0.204018 0.038921
0.238501 0.031789 0.108146 0.134761 0.045783
0.246402 -0.130944 0.122611 0.322276 0.083062
0.184878 -0.234867 0.008524 -0.022702 0.045692
0.189653 -0.201565 0.057705 0.052978 0.06011
0.063609 -0.369064 -0.044875 0.156715 0.257545
0.008675 -0.406029 -0.108335 0.198179 0.467151
-0.032583 -0.376649 -0.099279 0.098087 0.363739
0.122105 -0.218345 -0.031876 -0.272862 -0.068473
0.019654 -0.311136 -0.09258 -0.182687 0.041892
0.141099 -0.156441 0.02686 0.224891 0.196821
0.217574 0.004107 0.0846 -0.042937 -0.032676
0.20627 -0.068095 0.066991 -0.018007 -0.027155
0.082574 -0.258768 -0.055922 0.02687 0.24171
0.182144 -0.120291 0.05336 0.171483 0.215724
0.182144 -0.120291 0.05336 0.171483 0.215724
0.182144 -0.120291 0.05336 0.171483 0.215724
0.114109 -0.246426 0.008987 0.380348 0.480935
0.114109 -0.246426 0.008987 0.380348 0.480935
0.114109 -0.246426 0.008987 0.380348 0.480935
0.114109 -0.246426 0.008987 0.380348 0.480935
0.114109 -0.246426 0.008987 0.380348 0.480935
0.114109 -0.246426 0.008987 0.380348 0.480935
0.114109 -0.246426 0.008987 0.380348 0.480935
0.114109 -0.246426 0.008987 0.380348 0.480935
0.114109 -0.246426 0.008987 0.380348 0.480935
0.114109 -0.246426 0.008987 0.380348 0.480935
0.114109 -0.246426 0.008987 0.380348 0.480935
0.114109 -0.246426 0.008987 0.380348 0.480935
0.114109 -0.246426 0.008987 0.380348 0.480935
0.167806 -0.288935 0.013033 0.121209 0.173218
0.167806 -0.288935 0.013033 0.121209 0.173218
0.119507 -0.295939 -0.072965 -0.188937 0.237341
0.16707 -0.168282 0.031973 0.001859 0.182938
0.167949 -0.273238 -0.039259 -0.224501 0.116722
0.161265 -0.265629 -0.043001 -0.353984 -0.040015
0.117575 -0.27369 -0.075335 -0.350874 0.005952
0.100599 -0.32917 -0.11072 -0.338978 0.029777
0.100599 -0.32917 -0.11072 -0.338978 0.029777
0.203115 -0.128398 0.030629 -0.180717 -0.098573
0.203115 -0.128398 0.030629 -0.180717 -0.098573
0.242425 -0.061127 0.109988 -0.119838 -0.306898
0.268045 -0.102378 0.081696 -0.064976 -0.131414
0.158832 -0.195142 0.014984 -0.076403 0.036729
0.224256 -0.075283 0.079633 -0.178395 -0.123956
0.224256 -0.075283 0.079633 -0.178395 -0.123956
0.266151 -0.136472 0.093161 0.099401 0.136514
0.183066 -0.133225 0.018089 -0.049053 0.014487
0.212828 -0.139299 0.012158 -0.247844 -0.071538
0.1985 -0.180253 0.02403 0.085914 0.106361
0.131571 -0.272534 -0.027851 -0.004489 0.192007
0.252473 -0.123876 0.096803 0.263198 0.269149
0.252473 -0.123876 0.096803 0.263198 0.269149
0.252473 -0.123876 0.096803 0.263198 0.269149
0.316431 -0.00443 0.170154 0.483998 0.314791
0.316431 -0.00443 0.170154 0.483998 0.314791
0.252097 -0.116298 0.122533 0.42957 0.399906
0.2811 -0.107382 0.045801 0.085538 0.323694
0.289311 0.042936 0.078486 0.138569 0.300092
0.289311 0.042936 0.078486 0.138569 0.300092
0.195989 -0.074746 0.068807 -0.05214 0.029725
0.192887 -0.024904 0.035439 0.022167 0.153842
0.311509 0.030375 0.14611 0.249643 0.179944
0.07514 -0.191297 0.040592 0.217516 0.186883
0.07514 -0.191297 0.040592 0.217516 0.186883
0.109178 -0.151412 0.052683 0.149268 0.161947
0.134474 -0.115786 0.087745 0.28531 0.111138
-0.015646 -0.413478 -0.116659 0.087546 0.310571
0.142574 -0.279976 0.005394 0.085103 0.156835
0.176172 -0.156485 0.067878 -0.058707 -0.172363
0.176172 -0.156485 0.067878 -0.058707 -0.172363
0.224301 -0.123566 0.05559 -0.087072 -0.171295
0.217315 -0.132228 0.035691 -0.019926 -0.081239
0.246817 -0.054788 0.075399 -0.162502 -0.252327
0.248439 0.003355 0.136478 0.128567 -0.150923
0.217734 -0.033475 0.063312 0.012144 -0.061759
0.224136 -0.174089 -0.020548 -0.339931 -0.037698
0.224136 -0.174089 -0.020548 -0.339931 -0.037698
0.224136 -0.174089 -0.020548 -0.339931 -0.037698
0.224136 -0.174089 -0.020548 -0.339931 -0.037698
0.224136 -0.174089 -0.020548 -0.339931 -0.037698
0.224136 -0.174089 -0.020548 -0.339931 -0.037698
0.224136 -0.174089 -0.020548 -0.339931 -0.037698
0.224136 -0.174089 -0.020548 -0.339931 -0.037698
0.129827 -0.213227 -0.013208 -0.121406 -0.016929
0.13768 -0.201119 -0.089014 -0.268042 0.124327
0.13768 -0.201119 -0.089014 -0.268042 0.124327
0.13768 -0.201119 -0.089014 -0.268042 0.124327
0.13768 -0.201119 -0.089014 -0.268042 0.124327
0.223339 -0.018192 0.035945 -0.108552 0.057306
0.162356 -0.095156 0.009717 -0.135296 0.146612
0.207288 0.006253 0.096308 0.163124 0.112609
0.346707 -0.033284 0.172309 0.43084 0.272335
0.260872 -0.121081 0.083239 0.236131 0.201413
0.240003 -0.115719 0.067399 0.023976 0.096357
0.141486 -0.257639 -0.017827 0.029408 0.105791
0.141486 -0.257639 -0.017827 0.029408 0.105791
0.125038 -0.225977 -0.037016 -0.52956 -0.32921
0.125038 -0.225977 -0.037016 -0.52956 -0.32921
0.125038 -0.225977 -0.037016 -0.52956 -0.32921
0.125038 -0.225977 -0.037016 -0.52956 -0.32921
0.131514 -0.217139 -0.02204 -0.445442 -0.285704
0.131514 -0.217139 -0.02204 -0.445442 -0.285704
0.044918 -0.419581 -0.114548 -0.296042 0.034647
0.112996 -0.29785 -0.080401 -0.301275 -0.052878
0.221159 -0.149399 0.005329 -0.428966 -0.205975
0.222006 -0.147627 0.023187 -0.09582 0.014058
0.192336 -0.152146 0.007623 -0.14347 -0.044114
0.203289 -0.002449 0.056436 -0.214897 -0.128665
0.199244 0.002636 0.097041 -0.052569 -0.16142
0.227781 0.032841 0.130684 0.057499 -0.132477
0.160009 -0.128749 0.070592 0.134335 0.017219
0.102999 -0.197608 -0.054675 -0.07767 0.13473
0.155356 -0.121948 -0.005591 -0.067439 -0.007833
0.080529 -0.294323 -0.072372 -0.075019 0.051006
0.080529 -0.294323 -0.072372 -0.075019 0.051006
0.106491 -0.296705 -0.040549 0.178115 0.204704
0.106491 -0.296705 -0.040549 0.178115 0.204704
0.106491 -0.296705 -0.040549 0.178115 0.204704
0.106491 -0.296705 -0.040549 0.178115 0.204704
0.113041 -0.321114 -0.08402 0.003124 0.281646
0.278363 -0.021288 0.075018 -0.285697 -0.286869
0.278363 -0.021288 0.075018 -0.285697 -0.286869
0.278363 -0.021288 0.075018 -0.285697 -0.286869
0.250214 -0.062189 0.111559 0.061519 -0.157899
0.250214 -0.062189 0.111559 0.061519 -0.157899
0.204875 -0.069682 0.114837 0.063622 -0.179752
0.106007 -0.324968 -0.00862 0.186362 0.259102
-0.001275 -0.444256 -0.153195 -0.177372 0.324651
0.080486 -0.320042 -0.054456 0.069856 0.316166
0.080486 -0.320042 -0.054456 0.069856 0.316166
0.080486 -0.320042 -0.054456 0.069856 0.316166
0.080486 -0.320042 -0.054456 0.069856 0.316166
0.147728 -0.233576 -0.020799 0.024871 0.251977
0.236375 -0.095572 0.046057 -0.186851 0.013244
0.159965 -0.258994 -0.016833 -0.281206 -0.101605
0.159965 -0.258994 -0.016833 -0.281206 -0.101605
0.159965 -0.258994 -0.016833 -0.281206 -0.101605
0.16685 -0.25428 -0.018331 -0.190359 0.00368
0.085078 -0.343049 -0.073323 -0.215898 0.028379
0.025701 -0.343014 -0.061629 -0.09725 0.080703
0.092868 -0.229979 -0.022327 -0.2889 -0.099916
0.1736 -0.149171 0.028975 -0.221853 -0.075689
0.222635 -0.076219 0.097169 0.143234 0.066283
0.234306 -0.13052 0.048941 0.140569 0.230702
0.136271 -0.307339 -0.031348 0.141567 0.36789
0.136271 -0.307339 -0.031348 0.141567 0.36789
0.23076 -0.10686 0.105302 -0.081172 -0.231166
0.23076 -0.10686 0.105302 -0.081172 -0.231166
0.382598 -0.046069 0.233337 0.030583 -0.301146
0.382598 -0.046069 0.233337 0.030583 -0.301146
0.419517 0.011979 0.2508 -0.197228 -0.606515
0.419517 0.011979 0.2508 -0.197228 -0.606515
0.419517 0.011979 0.2508 -0.197228 -0.606515
0.317604 -0.128713 0.17877 0.116579 -0.152486
0.293716 -0.083455 0.15855 0.019974 -0.114235
0.221205 -0.10156 0.131625 0.049508 -0.147758
0.16205 -0.120628 0.018632 -0.364567 -0.270458
0.16205 -0.120628 0.018632 -0.364567 -0.270458
0.16205 -0.120628 0.018632 -0.364567 -0.270458
0.16205 -0.120628 0.018632 -0.364567 -0.270458
0.233406 -0.159159 0.083642 0.169718 0.160249
0.19084 -0.210847 0.017821 -0.1355 -0.176192
0.19084 -0.210847 0.017821 -0.1355 -0.176192
0.19084 -0.210847 0.017821 -0.1355 -0.176192
0.22985 -0.154985 0.057311 -0.048153 -0.217855
0.22985 -0.154985 0.057311 -0.048153 -0.217855
0.22985 -0.154985 0.057311 -0.048153 -0.217855
0.304147 -0.088268 0.115408 -0.139418 -0.201528
0.304147 -0.088268 0.115408 -0.139418 -0.201528
0.290407 -0.051316 0.078082 -0.232023 -0.189197
0.220452 -0.17959 -0.026518 -0.394236 -0.061559
0.220452 -0.17959 -0.026518 -0.394236 -0.061559
0.224147 -0.093856 0.032787 -0.161407 0.047019
0.224147 -0.093856 0.032787 -0.161407 0.047019
0.127249 -0.137954 -0.01334 -0.286242 -0.095373
0.151976 -0.168118 -0.006142 -0.390018 -0.165935
0.139166 -0.3158 -0.041706 0.137816 0.271788
0.14353 -0.300977 -0.089771 -0.078975 0.315321
0.194702 -0.159226 0.031876 0.179296 0.18081
0.278565 -0.137261 0.097888 -0.121502 -0.195208
0.287599 -0.081243 0.084767 0.045955 0.029119
0.287599 -0.081243 0.084767 0.045955 0.029119
0.287599 -0.081243 0.084767 0.045955 0.029119
0.211478 -0.177009 0.035696 0.19065 0.160928
0.175452 -0.137385 0.027109 0.212943 0.254917
0.120761 -0.204382 -0.018798 0.001708 0.168488
0.154231 -0.191595 0.05445 0.074293 -0.011752
0.110882 -0.28193 -0.029577 -0.14096 0.011029
0.202565 -0.147084 0.098575 0.171337 0.079836
0.154087 -0.232257 0.038414 0.146629 0.137043
0.255372 -0.064901 0.135724 0.147715 -0.016339
0.157719 -0.250958 0.011883 0.007627 0.09977
0.157719 -0.250958 0.011883 0.007627 0.09977
0.211919 -0.147278 -0.006501 -0.294971 -0.054001
0.195559 -0.178116 0.004933 -0.110298 0.16097
0.14144 -0.229611 -0.000369 0.128743 0.283212
0.288585 -0.079754 0.135612 -0.021722 -0.245312
0.292569 0.045962 0.172888 -0.026015 -0.285492
0.253313 -0.13924 0.076337 -0.011118 -0.042488
0.2419 -0.172636 0.025502 -0.356287 -0.144164
0.218967 -0.096052 0.01705 -0.386247 -0.281225
0.218967 -0.096052 0.01705 -0.386247 -0.281225
0.218967 -0.096052 0.01705 -0.386247 -0.281225
0.218967 -0.096052 0.01705 -0.386247 -0.281225
0.218967 -0.096052 0.01705 -0.386247 -0.281225
0.229276 -0.142749 0.067784 -0.205321 -0.239966
0.229276 -0.142749 0.067784 -0.205321 -0.239966
0.110787 -0.290556 -0.015195 -0.253299 -0.220522
0.110787 -0.290556 -0.015195 -0.253299 -0.220522
0.091758 -0.290809 -0.044307 -0.28252 -0.12782
0.138598 -0.281769 -0.051079 -0.449678 -0.176918
0.138598 -0.281769 -0.051079 -0.449678 -0.176918
0.138598 -0.281769 -0.051079 -0.449678 -0.176918
0.138598 -0.281769 -0.051079 -0.449678 -0.176918
0.138598 -0.281769 -0.051079 -0.449678 -0.176918
0.138598 -0.281769 -0.051079 -0.449678 -0.176918
0.138598 -0.281769 -0.051079 -0.449678 -0.176918
0.173848 -0.232226 0.005123 -0.205127 -0.010251
0.173848 -0.232226 0.005123 -0.205127 -0.010251
0.21557 -0.204755 0.058381 0.015345 -0.010203
0.143258 -0.242762 0.016551 0.251654 0.187489
0.171134 -0.190129 0.020918 0.151928 0.123027
0.139657 -0.144775 -0.02425 -0.117355 0.071301
0.139657 -0.144775 -0.02425 -0.117355 0.071301
0.15156 -0.185393 -0.020185 -0.01934 0.156369
0.214902 -0.083701 0.096257 -0.00437 -0.131295
0.099334 -0.23398 -0.018814 0.025804 0.16749
0.10874 -0.262331 -0.025522 -0.155492 0.050584
0.150706 -0.108598 0.013728 -0.306164 -0.111257
0.200631 -0.099758 0.052695 -0.171355 -0.110875
0.150291 -0.172252 0.026193 -0.133775 -0.077441
0.208807 -0.059363 0.048984 -0.340322 -0.215292
0.193322 -0.123142 -0.024803 -0.385393 -0.118987
0.177701 -0.111925 -0.045409 -0.207097 0.087717
0.139484 -0.16239 -0.01461 -0.255724 -0.042722
0.139484 -0.16239 -0.01461 -0.255724 -0.042722
0.139484 -0.16239 -0.01461 -0.255724 -0.042722
0.15578 -0.138363 0.024614 -0.188615 -0.129718
0.157814 -0.216194 0.003322 0.070762 0.113086
0.199269 -0.184121 0.043408 -0.193089 -0.195195
0.217301 -0.15784 0.046965 -0.208734 -0.19841
0.137651 -0.20185 0.006826 -0.23513 -0.086434
0.231528 -0.085505 0.102138 -0.07472 -0.123117
0.231528 -0.085505 0.102138 -0.07472 -0.123117
0.231528 -0.085505 0.102138 -0.07472 -0.123117
0.007712 -0.243166 -0.082334 -0.209059 0.062224
0.070288 -0.223365 -0.057149 -0.36106 -0.205581
0.070288 -0.223365 -0.057149 -0.36106 -0.205581
0.070288 -0.223365 -0.057149 -0.36106 -0.205581
0.219396 -0.091233 0.022602 -0.385927 -0.350751
0.219396 -0.091233 0.022602 -0.385927 -0.350751
0.233317 -0.09793 0.057643 -0.042393 -0.06954
0.172331 -0.160402 -0.028008 -0.514944 -0.190601
0.232782 -0.068738 0.086399 -0.378321 -0.259714
0.150868 -0.055667 0.056694 -0.076451 -0.027768
0.147638 -0.071164 0.009172 -0.113718 0.023363
-0.011968 -0.474027 -0.189661 -0.315766 0.232197
0.042357 -0.403459 -0.1965 -0.54305 0.149539
0.042357 -0.403459 -0.1965 -0.54305 0.149539
0.042357 -0.403459 -0.1965 -0.54305 0.149539
0.170556 -0.241034 0.016778 -0.112237 -0.087074
0.193927 -0.163096 0.032625 -0.186663 -0.201741
0.21805 -0.210749 0.094335 -0.0569 -0.199041
0.21805 -0.210749 0.094335 -0.0569 -0.199041
0.21805 -0.210749 0.094335 -0.0569 -0.199041
0.21805 -0.210749 0.094335 -0.0569 -0.199041
0.264792 -0.013072 0.138702 -0.067066 -0.380321
0.264792 -0.013072 0.138702 -0.067066 -0.380321
0.324717 -0.004482 0.211009 0.073206 -0.369263
0.324717 -0.004482 0.211009 0.073206 -0.369263
0.324717 -0.004482 0.211009 0.073206 -0.369263
0.210113 -0.158063 0.129306 0.119297 -0.153244
0.242137 -0.194244 0.08182 -0.243946 -0.374664
0.242137 -0.194244 0.08182 -0.243946 -0.374664
0.242137 -0.194244 0.08182 -0.243946 -0.374664
0.242137 -0.194244 0.08182 -0.243946 -0.374664
0.242137 -0.194244 0.08182 -0.243946 -0.374664
0.242137 -0.194244 0.08182 -0.243946 -0.374664
0.255374 -0.028296 0.074675 -0.098358 -0.154118
0.215969 -0.047185 0.105895 -0.14204 -0.367916
0.215969 -0.047185 0.105895 -0.14204 -0.367916
0.215969 -0.047185 0.105895 -0.14204 -0.367916
0.215969 -0.047185 0.105895 -0.14204 -0.367916
0.215969 -0.047185 0.105895 -0.14204 -0.367916
0.215969 -0.047185 0.105895 -0.14204 -0.367916
0.152966 -0.224758 0.010298 0.058209 0.206067
0.194528 -0.18091 0.011851 0.018848 0.210999
0.194528 -0.18091 0.011851 0.018848 0.210999
0.194528 -0.18091 0.011851 0.018848 0.210999
0.280075 -0.134063 0.091186 0.054222 -0.011217
0.167537 -0.200161 -0.02667 -0.1512 0.112647
0.09933 -0.223154 -0.094966 -0.222325 0.178402
0.09933 -0.223154 -0.094966 -0.222325 0.178402
0.09933 -0.223154 -0.094966 -0.222325 0.178402
0.244426 -0.132259 0.049296 0.250855 0.344708
0.229355 -0.137177 0.04536 0.245145 0.374106
0.168941 -0.12156 0.001577 0.020201 0.19135
0.168941 -0.12156 0.001577 0.020201 0.19135
0.14381 -0.173487 -0.06248 -0.064077 0.20747
0.163517 -0.205587 -0.085341 -0.173285 0.242489
0.232186 -0.162954 -0.025781 -0.29863 -0.007156
0.153338 -0.234016 -0.061556 -0.166282 0.172818
0.109062 -0.294215 -0.074453 -0.141117 0.188914
0.167929 -0.247679 0.002062 0.037879 0.135416
0.132763 -0.264183 -0.022768 -0.179597 -0.025912
0.245606 -0.200213 0.049291 -0.216437 -0.10092
0.245606 -0.200213 0.049291 -0.216437 -0.10092
0.259829 -0.094956 0.140511 0.151444 0.052103
0.259829 -0.094956 0.140511 0.151444 0.052103
0.259829 -0.094956 0.140511 0.151444 0.052103
0.259829 -0.094956 0.140511 0.151444 0.052103
0.259829 -0.094956 0.140511 0.151444 0.052103
0.178514 -0.167911 0.01422 -0.222266 0.058728
0.178514 -0.167911 0.01422 -0.222266 0.058728
0.186906 -0.266132 0.057137 0.298018 0.279198
0.239985 -0.1712 0.081013 0.070613 -0.001845
0.276508 -0.097842 0.109444 0.058358 0.095586
0.299433 -0.044647 0.142975 0.033961 -0.041963
0.257509 -0.032794 0.135835 0.139061 0.005174
0.185471 -0.066316 0.029333 -0.346161 -0.181914
0.185471 -0.066316 0.029333 -0.346161 -0.181914
0.110707 -0.214501 -0.02073 -0.11698 0.103017
0.24359 -0.05895 0.095559 -0.17148 -0.155111
0.172408 -0.169135 0.027183 -0.245984 0.005154
0.168401 -0.322671 -0.01337 -0.280488 0.014829
0.168401 -0.322671 -0.01337 -0.280488 0.014829
0.149957 -0.37389 -0.077027 -0.433742 0.015483
0.149957 -0.37389 -0.077027 -0.433742 0.015483
0.208083 -0.191638 0.083487 -0.190922 -0.307446
0.197767 -0.195828 0.078747 -0.188901 -0.325693
0.235204 -0.0991 0.105342 -0.092403 -0.219982
0.251635 -0.062229 0.100671 -0.099885 -0.176783
0.251635 -0.062229 0.100671 -0.099885 -0.176783
0.251635 -0.062229 0.100671 -0.099885 -0.176783
0.239906 -0.105607 0.089108 0.026911 -0.02283
0.245614 -0.095255 0.10128 0.044595 -0.016445
0.245614 -0.095255 0.10128 0.044595 -0.016445
0.245614 -0.095255 0.10128 0.044595 -0.016445
0.16019 -0.320542 -0.027136 0.086711 0.32747
0.216552 -0.120544 0.047993 0.194064 0.308887
0.236927 -0.145474 0.066652 -0.032674 0.052972
0.260118 -0.119648 0.098655 0.001555 -0.171364
0.260118 -0.119648 0.098655 0.001555 -0.171364
0.14224 -0.187381 0.038589 -0.022961 -0.116633
0.149122 -0.188313 0.041743 0.279823 0.371055
0.062278 -0.347352 -0.043331 0.279209 0.437107
0.062278 -0.347352 -0.043331 0.279209 0.437107
0.084573 -0.287819 -0.031243 0.15312 0.320654
0.084573 -0.287819 -0.031243 0.15312 0.320654
0.070096 -0.322126 -0.016946 0.108075 0.153368
0.187169 -0.293167 -0.014523 0.002831 0.191336
0.205128 -0.226643 0.0033 0.212051 0.312593
0.15118 -0.314909 -0.009113 0.212441 0.283098
0.231326 -0.232808 0.089778 0.239245 -0.016057
0.095551 -0.342929 -0.078336 -0.292242 -0.056327
0.097277 -0.303884 -0.047129 -0.097393 0.101256
0.097277 -0.303884 -0.047129 -0.097393 0.101256
0.153468 -0.279397 0.009962 -0.123634 -0.024781
0.154505 -0.282312 -0.038139 -0.387266 -0.128648
0.154505 -0.282312 -0.038139 -0.387266 -0.128648
0.154505 -0.282312 -0.038139 -0.387266 -0.128648
0.154505 -0.282312 -0.038139 -0.387266 -0.128648
0.154505 -0.282312 -0.038139 -0.387266 -0.128648
0.154505 -0.282312 -0.038139 -0.387266 -0.128648
0.074227 -0.509121 -0.125351 -0.263028 0.170021
0.173327 -0.274126 -0.006984 -0.234117 -0.147848
0.173327 -0.274126 -0.006984 -0.234117 -0.147848
0.199905 -0.190729 -0.043066 -0.296528 -0.022776
0.158864 -0.278442 -0.076532 -0.444045 -0.093159
0.158864 -0.278442 -0.076532 -0.444045 -0.093159
0.158864 -0.278442 -0.076532 -0.444045 -0.093159
0.158864 -0.278442 -0.076532 -0.444045 -0.093159
0.158864 -0.278442 -0.076532 -0.444045 -0.093159
0.142838 -0.201841 -0.012257 0.029339 0.205928
0.170063 -0.22764 -0.035928 -0.048045 0.315265
0.170063 -0.22764 -0.035928 -0.048045 0.315265
0.174192 -0.195488 -0.029697 -0.361103 0.005753
0.174192 -0.195488 -0.029697 -0.361103 0.005753
0.174192 -0.195488 -0.029697 -0.361103 0.005753
0.303662 -0.04804 0.086046 -0.158423 -0.090288
0.303662 -0.04804 0.086046 -0.158423 -0.090288
0.289865 -0.10514 0.079304 -0.07203 0.025573
0.289865 -0.10514 0.079304 -0.07203 0.025573
0.24658 -0.136793 0.02429 0.004128 0.219578
0.24658 -0.136793 0.02429 0.004128 0.219578
0.24658 -0.136793 0.02429 0.004128 0.219578
0.149895 -0.234572 -0.074913 -0.098942 0.266976
0.202374 -0.142989 0.04147 -0.082465 0.020499
0.059573 -0.322516 -0.101677 -0.04903 0.259399
0.193573 -0.082842 0.037423 -0.285712 -0.211426
0.193573 -0.082842 0.037423 -0.285712 -0.211426
0.120929 -0.339453 -0.014704 -0.158018 -0.1196
0.120929 -0.339453 -0.014704 -0.158018 -0.1196
0.120929 -0.339453 -0.014704 -0.158018 -0.1196
0.120929 -0.339453 -0.014704 -0.158018 -0.1196
0.120929 -0.339453 -0.014704 -0.158018 -0.1196
0.071559 -0.311344 -0.032944 -0.070872 0.06292
0.262257 -0.063609 0.142935 -0.105472 -0.237955
0.355287 0.033856 0.252031 0.071889 -0.304855
0.355287 0.033856 0.252031 0.071889 -0.304855
0.2804 -0.086124 0.175242 0.091017 -0.216682
0.236121 -0.047425 0.148473 -0.070973 -0.327879
0.236121 -0.047425 0.148473 -0.070973 -0.327879
0.230162 -0.012522 0.130692 0.087788 -0.097479
0.230162 -0.012522 0.130692 0.087788 -0.097479
0.198262 -0.054519 0.142059 0.121152 -0.14369
0.198262 -0.054519 0.142059 0.121152 -0.14369
0.220506 -0.054413 0.140422 -0.236134 -0.497633
0.220506 -0.054413 0.140422 -0.236134 -0.497633
0.257977 -0.052639 0.163454 0.142607 -0.09383
0.147165 -0.318352 -0.050625 -0.162087 0.211231
0.264419 -0.17897 0.020447 -0.090328 0.14258
0.264419 -0.17897 0.020447 -0.090328 0.14258
0.246898 -0.162972 0.001719 -0.430396 -0.022818
0.210564 -0.161575 0.000431 -0.538525 -0.156545
0.210564 -0.161575 0.000431 -0.538525 -0.156545
0.210564 -0.161575 0.000431 -0.538525 -0.156545
0.24577 -0.18477 0.018856 -0.302092 -0.03905
0.24577 -0.18477 0.018856 -0.302092 -0.03905
0.24577 -0.18477 0.018856 -0.302092 -0.03905
0.24577 -0.18477 0.018856 -0.302092 -0.03905
0.259591 -0.146185 0.022952 -0.48963 -0.261864
0.237243 -0.136659 0.020739 -0.15816 0.042468
0.173814 -0.095684 0.051304 0.058827 0.091921
0.173814 -0.095684 0.051304 0.058827 0.091921
0.254977 -0.083311 0.107212 0.056725 0.02904
0.254977 -0.083311 0.107212 0.056725 0.02904
0.278576 -0.061019 0.116585 0.245018 0.182511
0.278576 -0.061019 0.116585 0.245018 0.182511
0.320406 -0.005519 0.088566 -0.193001 -0.050951
0.291395 -0.088786 0.101454 -0.181517 -0.142462
0.359194 0.003485 0.166335 -0.214071 -0.259664
0.359194 0.003485 0.166335 -0.214071 -0.259664
0.359194 0.003485 0.166335 -0.214071 -0.259664
0.359194 0.003485 0.166335 -0.214071 -0.259664
0.265883 -0.08452 0.093006 -0.146172 -0.038197
0.296699 -0.014653 0.118516 -0.248639 -0.31243
0.281917 -0.037758 0.143639 -0.079658 -0.311175
0.281917 -0.037758 0.143639 -0.079658 -0.311175
0.230364 -0.151266 0.015107 -0.280144 -0.183665
0.295693 -0.15415 0.045091 -0.248399 -0.199051
0.259318 -0.209223 0.039854 -0.219609 -0.16673
0.118833 -0.367986 -0.078565 -0.270682 0.020821
0.118833 -0.367986 -0.078565 -0.270682 0.020821
0.232874 -0.214203 0.017674 -0.291559 -0.161989
0.220815 -0.172975 0.000667 -0.223548 -0.083538
0.297012 -0.101798 0.049398 -0.352932 -0.246982
0.230115 -0.126328 -0.003248 -0.439447 -0.237931
0.230115 -0.126328 -0.003248 -0.439447 -0.237931
0.230115 -0.126328 -0.003248 -0.439447 -0.237931
0.262806 -0.149305 0.042372 -0.153656 -0.130107
0.125621 -0.316908 0.011907 0.02912 -0.032547
0.166327 -0.282238 0.003066 0.087456 0.206783
0.168046 -0.260664 -0.041776 -0.016854 0.165326
0.168046 -0.260664 -0.041776 -0.016854 0.165326
0.26793 -0.084104 0.091181 -0.167159 -0.315143
0.26793 -0.084104 0.091181 -0.167159 -0.315143
0.26793 -0.084104 0.091181 -0.167159 -0.315143
0.189109 -0.152608 0.034033 -0.149923 -0.144222
0.239372 -0.009423 0.126032 0.054489 -0.097005
0.248895 -0.012209 0.164646 0.134146 -0.149707
0.248895 -0.012209 0.164646 0.134146 -0.149707
0.242578 -0.080726 0.139209 0.012956 -0.27375
0.039244 -0.485454 -0.095624 -0.087172 0.123951
0.039244 -0.485454 -0.095624 -0.087172 0.123951
0.190028 -0.293589 0.058089 0.030383 0.01312
0.225516 -0.128552 0.101871 0.05367 0.09471
0.06711 -0.419887 -0.116157 -0.219807 0.186849
0.06711 -0.419887 -0.116157 -0.219807 0.186849
0.113903 -0.40651 -0.064534 0.032586 0.263494
0.073391 -0.427637 -0.075804 -0.033037 0.248527
0.018821 -0.451064 -0.113068 -0.221529 0.143385
0.077479 -0.373811 -0.103235 -0.213745 0.09837
0.262927 -0.095718 0.080106 0.10545 0.040819
0.223399 -0.179201 0.024371 0.11227 0.23791
0.14793 -0.327809 -0.054661 -0.188985 0.106511
0.122369 -0.311324 -0.024914 -0.051753 0.149287
0.122369 -0.311324 -0.024914 -0.051753 0.149287
0.35274 0.039805 0.15355 -0.189521 -0.223131
0.280144 -0.069063 0.128623 0.008532 -0.113944
0.197644 -0.149861 0.010149 0.175152 0.359993
0.19277 -0.146273 0.001697 -0.02738 0.229417
0.19277 -0.146273 0.001697 -0.02738 0.229417
0.247961 -0.072145 0.075889 0.196101 0.193139
0.212848 -0.167666 -0.013609 -0.005183 0.222619
0.198153 -0.205613 -0.015234 -0.165963 0.050803
0.198153 -0.205613 -0.015234 -0.165963 0.050803
0.198153 -0.205613 -0.015234 -0.165963 0.050803
0.198153 -0.205613 -0.015234 -0.165963 0.050803
0.117996 -0.175774 -0.056886 -0.139612 0.196604
0.089125 -0.18416 0.009746 -0.030842 0.132193
0.089125 -0.18416 0.009746 -0.030842 0.132193
0.147461 -0.125586 0.066984 -0.131818 -0.157193
0.153561 -0.189474 0.05105 -0.146742 -0.111342
0.153561 -0.189474 0.05105 -0.146742 -0.111342
0.144663 -0.273019 0.041629 0.023267 -0.014436
0.195817 -0.107876 0.07786 0.029569 0.043164
0.202805 -0.109248 0.11052 -0.047302 -0.151373
0.202805 -0.109248 0.11052 -0.047302 -0.151373
0.202805 -0.109248 0.11052 -0.047302 -0.151373
0.15929 -0.160162 0.022177 -0.296695 -0.116252
0.177421 -0.149149 0.069973 0.022591 -0.047938
0.231675 -0.142646 0.058756 -0.185101 -0.081759
0.159323 -0.259115 0.004866 -0.254645 -0.108104
0.159323 -0.259115 0.004866 -0.254645 -0.108104
0.237505 -0.178759 0.090704 -0.076235 -0.14784
0.371832 -0.101626 0.149985 0.068466 -0.138136
0.28725 -0.15134 0.085635 0.066314 -0.102908
0.250015 -0.255511 0.099197 0.194503 -0.09023
0.224314 -0.286818 -0.004322 -0.179726 -0.067582
0.231448 -0.169577 0.020044 -0.161766 -0.008091
0.231448 -0.169577 0.020044 -0.161766 -0.008091
0.271821 -0.072072 0.083455 -0.048089 -0.045084
0.271821 -0.072072 0.083455 -0.048089 -0.045084
0.271821 -0.072072 0.083455 -0.048089 -0.045084
0.20265 -0.089293 0.057174 -0.034417 0.069051
0.17051 -0.198284 0.077628 0.102907 0.051113
0.17051 -0.198284 0.077628 0.102907 0.051113
0.305497 -0.064471 0.134998 0.111137 -0.040553
0.305497 -0.064471 0.134998 0.111137 -0.040553
0.20858 -0.172378 0.043353 0.025332 0.072779
0.205751 -0.210392 0.029819 0.022742 0.112738
0.239826 -0.052436 0.050297 -0.00839 0.077639
0.213641 -0.077559 0.086482 -0.181928 -0.172577
0.213641 -0.077559 0.086482 -0.181928 -0.172577
0.234616 -0.012889 0.121045 -0.135063 -0.249379
0.312533 0.034485 0.13312 -0.134165 -0.213902
0.224515 -0.213167 0.039079 0.028383 0.146394
0.288989 -0.098881 0.063035 -0.011451 0.10134
0.233397 -0.197463 0.058681 0.130445 0.193673
0.204663 -0.150943 0.081172 0.18476 0.20097
0.118278 -0.270602 0.061499 0.155255 0.158006
0.133891 -0.186276 0.026832 0.11921 0.160133
0.133891 -0.186276 0.026832 0.11921 0.160133
0.133891 -0.186276 0.026832 0.11921 0.160133
0.244534 -0.148988 0.063464 -0.072722 -0.093123
0.183077 -0.121495 0.020825 0.006134 0.107491
0.238788 -0.029827 0.041164 0.073611 0.184133
0.236007 -0.144859 0.04096 -0.086931 -0.117656
0.077265 -0.319766 -0.112401 -0.250749 0.061759
0.077265 -0.319766 -0.112401 -0.250749 0.061759
0.168278 -0.12618 -0.035744 -0.133878 0.117473
0.232912 -0.14748 0.003634 0.033941 0.172655
0.208149 -0.092175 0.088761 0.364342 0.179708
0.208149 -0.092175 0.088761 0.364342 0.179708
0.102909 -0.245558 -0.031844 0.163897 0.261727
0.183411 -0.152595 -0.032817 -0.289036 0.07403
0.138054 -0.240035 -0.037625 -0.288658 -0.012594
0.138054 -0.240035 -0.037625 -0.288658 -0.012594
0.225045 -0.116142 0.083989 -0.235155 -0.321645
0.173342 -0.191018 0.086666 0.152786 -0.019104
0.132589 -0.194192 0.016897 0.034524 0.018653
0.11224 -0.302692 -0.038624 0.064449 0.171221
0.147691 -0.275902 0.002777 0.030554 0.079257
0.205537 -0.17699 0.053656 -0.166933 -0.203752
0.15427 -0.235028 -0.03004 -0.079944 0.133292
0.15427 -0.235028 -0.03004 -0.079944 0.133292
0.15427 -0.235028 -0.03004 -0.079944 0.133292
0.15427 -0.235028 -0.03004 -0.079944 0.133292
0.191574 -0.125989 0.005108 -0.367605 -0.113565
0.159281 -0.120265 0.026127 -0.103833 0.027882
0.274818 -0.007837 0.063404 -0.071915 0.045133
0.274818 -0.007837 0.063404 -0.071915 0.045133
0.253971 -0.0562 0.065828 0.135976 0.158904
0.253971 -0.0562 0.065828 0.135976 0.158904
0.253971 -0.0562 0.065828 0.135976 0.158904
0.192325 -0.102489 0.026797 -0.200987 -0.165323
0.128597 -0.232265 -0.042707 -0.134535 0.086607
0.207279 -0.223736 0.050129 0.106759 0.047978
0.207279 -0.223736 0.050129 0.106759 0.047978
0.207279 -0.223736 0.050129 0.106759 0.047978
0.181491 -0.187412 0.017925 0.03229 0.081369
0.181491 -0.187412 0.017925 0.03229 0.081369
0.217911 -0.151005 -0.00589 -0.154275 0.036132
0.217911 -0.151005 -0.00589 -0.154275 0.036132
0.217376 -0.228653 0.011211 -0.117395 -0.047518
0.251164 -0.242446 0.00789 -0.078037 0.088203
0.251164 -0.242446 0.00789 -0.078037 0.088203
0.101426 -0.193582 0.006129 -0.145431 -0.063696
0.101426 -0.193582 0.006129 -0.145431 -0.063696
0.174828 -0.17181 0.038303 -0.258305 -0.186556
0.188853 -0.09668 0.095371 0.050576 -0.075537
0.188853 -0.09668 0.095371 0.050576 -0.075537
0.213633 -0.080548 0.055786 0.115159 0.146348
0.190297 -0.111244 0.036827 -0.069943 -0.009648
0.197235 -0.027272 0.023981 -0.156498 -0.02852
0.110813 -0.221961 -0.057237 0.061808 0.360546
0.057935 -0.356032 -0.097339 -0.105503 0.240655
0.057935 -0.356032 -0.097339 -0.105503 0.240655
0.057935 -0.356032 -0.097339 -0.105503 0.240655
0.206843 -0.13767 0.018041 -0.010955 0.149227
0.201784 -0.044328 0.036958 -0.025862 0.106557
0.237774 -0.069751 -0.016827 -0.147548 0.196725
0.275448 -0.070096 0.009231 -0.224946 0.072932
0.226145 -0.040714 0.008351 -0.213976 0.000855
0.240981 -0.152307 -0.026594 -0.26928 0.099874
0.315615 -0.151986 0.061142 -0.074613 0.069836
0.245239 -0.160613 0.014389 -0.3263 -0.07762
0.235883 -0.18096 0.046288 0.111456 0.207388
0.235883 -0.18096 0.046288 0.111456 0.207388
0.240645 -0.255595 0.035822 0.133904 0.204547
0.216441 -0.137183 0.071688 0.083391 0.065976
0.216441 -0.137183 0.071688 0.083391 0.065976
0.318435 -0.070151 0.169856 0.315749 0.07629
0.251787 -0.065902 0.113208 0.505645 0.367452
0.235619 -0.158015 0.09396 0.056548 -0.094972
0.235619 -0.158015 0.09396 0.056548 -0.094972
0.256917 -0.065015 0.070672 -0.286844 -0.23263
0.134976 -0.16089 -0.000647 -0.050906 0.060014
0.134976 -0.16089 -0.000647 -0.050906 0.060014
0.026101 -0.315755 -0.138607 -0.179769 0.180285
0.026101 -0.315755 -0.138607 -0.179769 0.180285
0.088773 -0.281579 -0.078058 -0.350293 -0.113923
0.270975 -0.071491 0.089953 -0.307784 -0.236896
0.245501 -0.04083 0.132189 -0.01444 -0.204418
0.314853 -0.015114 0.177135 -0.069511 -0.306322
0.225494 -0.092694 0.080176 0.064686 -0.031493
0.243641 -0.093638 0.087109 0.042266 0.033196
0.130486 -0.188873 0.036537 0.121797 0.102759
0.158683 -0.176512 0.006373 -0.168689 -0.043364
0.158683 -0.176512 0.006373 -0.168689 -0.043364
0.134427 -0.299339 -0.036281 -0.023982 0.135696
0.134427 -0.299339 -0.036281 -0.023982 0.135696
0.092948 -0.376208 -0.09206 -0.060014 0.199236
0.148441 -0.297063 -0.050956 -0.181203 0.000641
0.148441 -0.297063 -0.050956 -0.181203 0.000641
0.19499 -0.167257 0.020264 -0.073929 -0.00871
0.214262 -0.092714 0.031266 -0.09182 0.017942
0.122249 -0.177465 -0.05372 -0.197082 0.105736
0.318982 -0.024451 0.151403 -0.273876 -0.365514
0.318982 -0.024451 0.151403 -0.273876 -0.365514
0.318982 -0.024451 0.151403 -0.273876 -0.365514
0.318982 -0.024451 0.151403 -0.273876 -0.365514
0.318982 -0.024451 0.151403 -0.273876 -0.365514
0.318982 -0.024451 0.151403 -0.273876 -0.365514
0.318982 -0.024451 0.151403 -0.273876 -0.365514
0.248479 -0.186005 0.031291 -0.230526 -0.062756
0.173437 -0.227698 -0.007694 -0.186907 0.02212
0.134993 -0.235938 -0.009758 -0.09594 0.081814
0.108295 -0.272583 -0.040541 -0.047624 0.108437
0.180231 -0.233181 0.047147 0.068786 0.074482
0.076803 -0.307738 -0.02031 0.245697 0.312206
0.098779 -0.233238 0.018792 0.25396 0.23874
0.188468 -0.165335 0.110379 0.400529 0.179989
0.188468 -0.165335 0.110379 0.400529 0.179989
0.188468 -0.165335 0.110379 0.400529 0.179989
0.221832 -0.239109 0.071492 0.141638 0.042931
0.151425 -0.285857 0.009948 0.152304 0.104287
0.213356 -0.244716 0.08422 0.110691 -0.121213
0.020979 -0.386927 -0.101515 -0.150516 0.088594
0.020979 -0.386927 -0.101515 -0.150516 0.088594
0.109647 -0.303114 -0.041254 -0.06574 0.012474
0.109647 -0.303114 -0.041254 -0.06574 0.012474
0.109647 -0.303114 -0.041254 -0.06574 0.012474
0.129432 -0.227562 -0.003086 -0.123023 -0.068124
0.214761 -0.178404 0.001494 -0.208791 -0.084857
0.239377 -0.160724 0.040442 -0.173683 -0.081255
0.237273 -0.11209 0.07604 0.002277 0.023442
0.202704 -0.256829 0.009476 0.191021 0.282165
0.143169 -0.318613 -0.047566 0.024882 0.214204
0.223615 -0.173401 0.058285 -0.395551 -0.37867
0.223615 -0.173401 0.058285 -0.395551 -0.37867
0.175182 -0.157271 0.071347 0.179604 0.0904
0.175182 -0.157271 0.071347 0.179604 0.0904
0.175182 -0.157271 0.071347 0.179604 0.0904
0.199539 -0.111951 0.055386 0.245184 0.37487
0.245581 -0.065063 0.105075 -0.104746 -0.083936
0.245559 -0.109666 0.090581 -0.221419 -0.197305
0.267674 -0.102667 0.10362 0.064259 -0.002226
0.210999 -0.201167 0.055803 -0.004228 -0.034631
0.234938 -0.164745 0.100875 -0.091368 -0.2739
0.234938 -0.164745 0.100875 -0.091368 -0.2739
0.206255 -0.124238 0.103396 -0.064886 -0.265582
0.206255 -0.124238 0.103396 -0.064886 -0.265582
0.250081 0.004645 0.158907 0.037032 -0.194743
0.228293 -0.158969 0.029927 -0.013918 0.176169
0.228293 -0.158969 0.029927 -0.013918 0.176169
0.228293 -0.158969 0.029927 -0.013918 0.176169
0.228293 -0.158969 0.029927 -0.013918 0.176169
0.207977 -0.22533 0.00848 -0.178789 0.089792
0.160842 -0.298002 -0.034354 0.00128 0.158101
0.160842 -0.298002 -0.034354 0.00128 0.158101
0.14106 -0.385261 -0.060657 0.019483 0.253773
0.14106 -0.385261 -0.060657 0.019483 0.253773
-0.017707 -0.485265 -0.113408 0.311819 0.51551
-0.017707 -0.485265 -0.113408 0.311819 0.51551
-0.017707 -0.485265 -0.113408 0.311819 0.51551
0.028927 -0.318414 -0.135249 -0.501776 -0.082547
0.028927 -0.318414 -0.135249 -0.501776 -0.082547
0.028927 -0.318414 -0.135249 -0.501776 -0.082547
0.031114 -0.297643 -0.138462 -0.345422 0.074916
0.081797 -0.263801 -0.131435 -0.31641 0.253045
0.146862 -0.197216 -0.062343 -0.178472 0.155303
0.062974 -0.249278 -0.114603 -0.223091 0.191701
0.121932 -0.238105 -0.065318 -0.326544 -0.029349
0.121932 -0.238105 -0.065318 -0.326544 -0.029349
0.121932 -0.238105 -0.065318 -0.326544 -0.029349
0.121932 -0.238105 -0.065318 -0.326544 -0.029349
0.097719 -0.205244 -0.052756 -0.310041 -0.069905
0.097719 -0.205244 -0.052756 -0.310041 -0.069905
0.206519 -0.011899 0.093862 -0.203886 -0.252784
0.149866 -0.232251 0.010867 -0.222296 -0.236992
0.119019 -0.363405 -0.061441 -0.272034 -0.079571
0.082054 -0.288723 -0.05483 -0.09394 0.169835
0.08929 -0.20543 -0.046087 -0.23753 0.070338
0.169879 -0.161724 0.023267 -0.237897 -0.001914
0.169879 -0.161724 0.023267 -0.237897 -0.001914
0.144578 -0.215097 -0.038622 -0.047856 0.264241
0.144578 -0.215097 -0.038622 -0.047856 0.264241
0.144578 -0.215097 -0.038622 -0.047856 0.264241
0.144578 -0.215097 -0.038622 -0.047856 0.264241
0.139935 -0.21368 0.015316 0.25391 0.341756
0.150814 -0.22728 0.020763 0.158469 0.208098
0.23357 -0.146109 0.121773 0.226405 0.015425
0.206923 -0.120292 0.087391 -0.173589 -0.260005
0.233419 -0.119268 0.107545 -0.015368 -0.209346
0.229226 -0.16269 -0.000554 -0.145107 0.047064
0.149639 -0.310017 -0.093731 -0.353136 0.015566
0.103672 -0.338682 -0.098833 -0.116284 0.242986
0.214236 -0.157876 -0.003624 0.042793 0.216549
0.214236 -0.157876 -0.003624 0.042793 0.216549
0.238557 -0.235265 0.005042 -0.108538 0.035849
0.259202 -0.080518 0.024595 -0.425901 -0.194678
0.259202 -0.080518 0.024595 -0.425901 -0.194678
0.259202 -0.080518 0.024595 -0.425901 -0.194678
0.259202 -0.080518 0.024595 -0.425901 -0.194678
0.162431 -0.151219 0.019029 0.007565 0.04255
0.10528 -0.259584 -0.05828 -0.170732 -0.071197
0.119983 -0.157155 -0.040935 -0.13329 0.017369
0.022934 -0.419486 -0.131437 -0.121799 0.207678
0.107386 -0.283091 -0.024168 -0.01644 0.091745
0.129318 -0.221139 0.025684 0.258843 0.206986
0.129983 -0.282773 -0.067419 -0.094851 0.033976
0.129983 -0.282773 -0.067419 -0.094851 0.033976
0.075299 -0.286238 -0.023217 0.156746 0.145745
0.075299 -0.286238 -0.023217 0.156746 0.145745
0.075299 -0.286238 -0.023217 0.156746 0.145745
0.025411 -0.291181 -0.095516 -0.094017 0.162589
0.085386 -0.229301 -0.040051 -0.255475 -0.152471
0.09311 -0.163888 -0.016252 -0.042156 0.024645
0.1414 -0.080018 0.053537 0.110584 0.027963
0.104016 -0.121286 -0.019425 -0.166737 -0.136594
0.188669 -0.100838 0.104159 0.240539 -0.097869
0.307121 0.013672 0.209864 0.319885 -0.12667
0.096316 -0.213215 0.030329 0.143292 0.013944
0.051349 -0.292601 0.020512 0.309085 0.121895
0.105272 -0.236136 0.002406 0.213951 0.214811
0.105272 -0.236136 0.002406 0.213951 0.214811
0.105272 -0.236136 0.002406 0.213951 0.214811
0.129292 -0.236217 -0.02304 -0.206842 0.007607
0.114975 -0.249544 -0.07157 -0.312943 0.0145
0.179293 -0.188859 0.025393 -0.13492 -0.118026
0.179293 -0.188859 0.025393 -0.13492 -0.118026
0.157999 -0.179576 0.020259 -0.071897 -0.007721
0.157999 -0.179576 0.020259 -0.071897 -0.007721
0.231787 -0.080119 0.040614 -0.248638 -0.113004
0.183075 -0.186644 0.052221 0.088773 0.066744
0.140236 -0.201544 -0.059216 -0.596934 -0.189416
0.140236 -0.201544 -0.059216 -0.596934 -0.189416
0.140236 -0.201544 -0.059216 -0.596934 -0.189416
0.140236 -0.201544 -0.059216 -0.596934 -0.189416
0.203278 -0.188503 0.035765 -0.203751 -0.097519
0.203278 -0.188503 0.035765 -0.203751 -0.097519
0.203278 -0.188503 0.035765 -0.203751 -0.097519
0.249333 -0.20682 0.043524 0.020502 0.075007
0.224704 -0.25588 0.029945 0.227263 0.298956
0.242741 -0.165548 0.095702 0.275098 0.18219
0.186253 -0.18534 0.06288 0.02917 -0.042213
0.284201 -0.156334 0.075162 -0.222432 -0.219259
0.201794 -0.292702 -0.016011 -0.077797 0.050959
0.246507 -0.143977 0.078189 -0.052194 -0.140703
0.246507 -0.143977 0.078189 -0.052194 -0.140703
0.273374 -0.035765 0.122874 -0.122448 -0.270728
0.273374 -0.035765 0.122874 -0.122448 -0.270728
0.273374 -0.035765 0.122874 -0.122448 -0.270728
0.238926 -0.174652 0.037591 -0.1064 0.010742
0.276004 -0.085384 0.060343 -0.073505 0.013901
0.276004 -0.085384 0.060343 -0.073505 0.013901
0.207711 -0.222309 -0.014299 -0.242217 -0.149441
0.213737 -0.192218 -0.032584 -0.453375 -0.198729
0.197162 -0.087428 0.045613 0.007993 0.064494
0.231234 -0.096223 0.096543 -0.003695 -0.065958
0.220999 -0.066755 0.087756 -0.101276 -0.211364
0.220999 -0.066755 0.087756 -0.101276 -0.211364
0.220999 -0.066755 0.087756 -0.101276 -0.211364
0.269072 -0.045082 0.109517 0.017471 -0.010074
0.192791 -0.056877 0.059746 0.175073 0.220447
0.244408 -0.121507 0.101958 0.32335 0.300287
0.226219 -0.091938 0.028336 -0.083023 0.150476
0.181267 -0.082823 0.012315 -0.185406 0.030277
0.181267 -0.082823 0.012315 -0.185406 0.030277
0.273419 -0.070528 0.063465 -0.116489 -0.016075
0.197785 -0.205999 -0.018805 -0.234499 0.035102
0.197785 -0.205999 -0.018805 -0.234499 0.035102
0.20084 -0.195861 -0.016265 -0.1493 0.055317
0.13601 -0.270634 -0.00145 -0.205292 -0.070173
0.13601 -0.270634 -0.00145 -0.205292 -0.070173
0.13601 -0.270634 -0.00145 -0.205292 -0.070173
0.28173 -0.068035 0.079715 -0.155798 -0.233098
0.114484 -0.288164 -0.0549 -0.121853 -0.003306
0.148587 -0.291295 -0.009398 -0.138831 -0.148774
0.126737 -0.206134 0.007717 -0.251233 -0.221349
0.068748 -0.246791 -0.0174 -0.211298 -0.164719
0.01557 -0.351914 -0.088801 -0.325009 -0.038736
0.151628 -0.210897 0.05572 -0.162116 -0.274886
0.136702 -0.255818 0.011658 -0.135982 -0.106585
0.101744 -0.273525 -0.02295 0.04396 0.109745
0.084901 -0.252521 -0.013843 -0.070994 -0.047458
0.175145 -0.082906 0.031997 -0.15925 -0.129581
0.230934 -0.035561 0.098701 -0.122072 -0.24284
0.254648 0.026616 0.090374 -0.252837 -0.238183
0.214953 -0.086451 0.056108 0.118397 0.235814
0.214953 -0.086451 0.056108 0.118397 0.235814
0.22867 -0.083508 0.094996 0.170634 0.087245
0.138864 -0.221107 0.029165 -0.076337 -0.190294
0.200118 -0.226725 0.047778 -0.1989 -0.293569
0.175212 -0.222507 0.017849 -0.414566 -0.419869
0.175212 -0.222507 0.017849 -0.414566 -0.419869
0.175212 -0.222507 0.017849 -0.414566 -0.419869
0.175212 -0.222507 0.017849 -0.414566 -0.419869
0.106499 -0.203445 -0.044881 -0.166981 0.026711
0.106499 -0.203445 -0.044881 -0.166981 0.026711
0.120484 -0.259282 -0.070513 -0.196637 0.04188
0.120484 -0.259282 -0.070513 -0.196637 0.04188
0.061229 -0.292142 -0.043907 0.103228 0.186896
0.011078 -0.443241 -0.12237 0.069767 0.308635
0.105929 -0.244879 0.01623 -0.099181 -0.037333
0.136874 -0.170615 -0.036957 -0.303899 0.028731
0.199465 -0.088823 0.04627 -0.057884 0.010426
0.191457 -0.098294 0.01918 -0.17572 -0.003995
0.191457 -0.098294 0.01918 -0.17572 -0.003995
0.168746 -0.128155 -0.021572 -0.177142 0.106174
0.237357 -0.262586 0.029225 0.20458 0.332815
0.237357 -0.262586 0.029225 0.20458 0.332815
0.146529 -0.307742 0.018999 0.368739 0.379749
0.146529 -0.307742 0.018999 0.368739 0.379749
0.146529 -0.307742 0.018999 0.368739 0.379749
0.146529 -0.307742 0.018999 0.368739 0.379749
0.146529 -0.307742 0.018999 0.368739 0.379749
0.086112 -0.247355 0.022412 0.167085 0.075463
0.13094 -0.129863 0.099876 0.184752 -0.018499
0.126159 -0.164344 0.056413 0.210741 0.207026
0.257692 -0.000406 0.118534 -0.022568 -0.072261
0.378532 0.058775 0.184217 -0.080036 -0.218765
0.342266 0.023032 0.107106 -0.319973 -0.265522
0.177116 -0.088907 0.013604 -0.0472 0.118224
0.177116 -0.088907 0.013604 -0.0472 0.118224
0.232279 -0.058089 0.043248 -0.055611 0.14539
0.152689 -0.161733 -0.046505 -0.182022 0.207414
0.152689 -0.161733 -0.046505 -0.182022 0.207414
0.147783 -0.219859 -0.037308 -0.171486 0.182541
0.147783 -0.219859 -0.037308 -0.171486 0.182541
0.147783 -0.219859 -0.037308 -0.171486 0.182541
0.169515 -0.262086 -0.046662 -0.099253 0.226551
0.058132 -0.350981 -0.038887 -0.017759 0.118824
0.060132 -0.323788 -0.007981 -0.014216 0.106385
0.025455 -0.453679 -0.036169 -0.081578 0.061616
0.138985 -0.397388 0.016214 0.237933 0.313778
0.057437 -0.30894 -0.014584 0.257151 0.337547
0.057437 -0.30894 -0.014584 0.257151 0.337547
0.057437 -0.30894 -0.014584 0.257151 0.337547
0.057437 -0.30894 -0.014584 0.257151 0.337547
0.135129 -0.271201 -0.01709 0.24673 0.453625
0.135129 -0.271201 -0.01709 0.24673 0.453625
0.105951 -0.310203 -0.029912 0.182016 0.390663
0.253751 -0.132422 0.081521 0.036407 0.105265
0.253751 -0.132422 0.081521 0.036407 0.105265
0.228118 -0.235101 0.051885 0.113247 0.205663
0.217302 -0.183679 0.036966 -0.077245 0.017953
0.156281 -0.241077 -0.055134 -0.308812 0.073314
0.156281 -0.241077 -0.055134 -0.308812 0.073314
0.194875 -0.186239 -0.009299 -0.356395 -0.082325
0.142227 -0.103019 0.053586 0.168619 0.203293
0.195623 -0.122211 -0.008142 -0.189464 0.118303
0.19218 -0.209627 -0.02269 -0.289401 -0.007159
0.19218 -0.209627 -0.02269 -0.289401 -0.007159
0.19218 -0.209627 -0.02269 -0.289401 -0.007159
0.19218 -0.209627 -0.02269 -0.289401 -0.007159
0.131587 -0.287912 -0.071382 -0.388839 0.000707
0.077786 -0.359252 -0.052662 -0.070462 0.154386
0.077786 -0.359252 -0.052662 -0.070462 0.154386
0.140298 -0.278975 -0.028665 -0.284042 -0.086526
0.265173 -0.156274 0.041216 -0.416867 -0.239633
0.189153 -0.212657 0.021348 -0.057429 0.027034
0.194967 -0.227148 0.001463 -0.147336 0.032767
0.194967 -0.227148 0.001463 -0.147336 0.032767
0.257251 -0.09209 0.080039 0.010933 0.005094
0.268211 -0.072349 0.081308 -0.064375 -0.09181
0.211801 -0.108459 0.035526 -0.118165 -0.033976
0.203804 -0.133591 0.053977 -0.274199 -0.045607
0.203804 -0.133591 0.053977 -0.274199 -0.045607
0.204609 -0.172749 0.048325 -0.052603 0.107824
0.227905 -0.237135 0.024149 -0.075358 0.112905
0.234958 -0.11148 0.043203 0.054997 0.239175
0.234958 -0.11148 0.043203 0.054997 0.239175
0.234958 -0.11148 0.043203 0.054997 0.239175
0.237057 -0.148621 0.033808 -0.155778 0.045709
0.213533 -0.197162 0.015998 -0.188399 -0.016586
0.237067 -0.218083 0.06815 0.054512 0.057775
0.175217 -0.201424 0.060586 -0.112286 -0.079413
0.175217 -0.201424 0.060586 -0.112286 -0.079413
0.19134 -0.158755 0.08355 -0.145984 -0.226098
0.19134 -0.158755 0.08355 -0.145984 -0.226098
0.185734 -0.183789 0.134165 0.085016 -0.181358
0.080264 -0.332584 -0.055852 -0.306445 -0.166531
0.080264 -0.332584 -0.055852 -0.306445 -0.166531
0.157401 -0.319732 0.008965 -0.167388 -0.066831
0.157401 -0.319732 0.008965 -0.167388 -0.066831
0.142705 -0.268866 0.017503 -0.299634 -0.282061
0.142705 -0.268866 0.017503 -0.299634 -0.282061
0.047911 -0.466504 -0.003702 0.250935 0.180664
0.266103 -0.099024 0.154479 0.107605 -0.231516
0.253414 -0.111315 0.128294 0.020586 -0.133527
0.253414 -0.111315 0.128294 0.020586 -0.133527
0.253414 -0.111315 0.128294 0.020586 -0.133527
0.199627 -0.208519 0.012161 -0.061138 0.16041
0.138094 -0.176863 -0.03351 -0.10125 0.202071
0.151547 -0.17269 0.038393 -0.141219 -0.10439
0.151547 -0.17269 0.038393 -0.141219 -0.10439
0.151547 -0.17269 0.038393 -0.141219 -0.10439
0.1843 -0.163486 0.00282 -0.335308 -0.032223
0.12227 -0.186305 -0.035771 -0.350477 -0.036726
0.12227 -0.186305 -0.035771 -0.350477 -0.036726
0.12227 -0.186305 -0.035771 -0.350477 -0.036726
0.12227 -0.186305 -0.035771 -0.350477 -0.036726
0.12227 -0.186305 -0.035771 -0.350477 -0.036726
0.12227 -0.186305 -0.035771 -0.350477 -0.036726
0.12227 -0.186305 -0.035771 -0.350477 -0.036726
0.12227 -0.186305 -0.035771 -0.350477 -0.036726
0.12227 -0.186305 -0.035771 -0.350477 -0.036726
0.12227 -0.186305 -0.035771 -0.350477 -0.036726
0.171099 -0.219595 0.007498 -0.046514 0.013928
0.097849 -0.318302 -0.073794 -0.229778 -0.057639
0.097849 -0.318302 -0.073794 -0.229778 -0.057639
0.052158 -0.351036 -0.121915 -0.151432 0.141355
0.125813 -0.214478 0.006611 0.063505 0.051273
0.19044 -0.148376 0.056465 0.150311 0.115806
0.068991 -0.27355 -0.064497 -0.105627 0.169393
0.068991 -0.27355 -0.064497 -0.105627 0.169393
0.208706 -0.091695 0.054819 -0.220129 -0.023247
0.233983 -0.110468 0.021522 -0.416781 -0.095668
0.233983 -0.110468 0.021522 -0.416781 -0.095668
0.233983 -0.110468 0.021522 -0.416781 -0.095668
0.182956 -0.046549 -0.018152 -0.436277 -0.007745
0.182956 -0.046549 -0.018152 -0.436277 -0.007745
0.182956 -0.046549 -0.018152 -0.436277 -0.007745
0.182956 -0.046549 -0.018152 -0.436277 -0.007745
0.341967 -0.052421 0.171019 0.016636 -0.104236
0.341967 -0.052421 0.171019 0.016636 -0.104236
0.338197 -0.004789 0.178564 0.099802 -0.134446
0.338197 -0.004789 0.178564 0.099802 -0.134446
0.171236 -0.104673 0.031429 0.059943 0.016119
0.18249 -0.159003 0.061061 0.154146 0.106643
0.081595 -0.379075 -0.079677 0.079261 0.287762
0.091361 -0.320444 -0.071725 0.20056 0.351187
0.151573 -0.258215 -0.02562 0.304433 0.44469
0.139859 -0.236056 -0.016338 0.031401 0.266917
-0.078535 -0.424562 -0.199682 -0.206133 0.187109
-0.078535 -0.424562 -0.199682 -0.206133 0.187109
-0.016231 -0.333695 -0.145598 0.150714 0.445851
-0.016231 -0.333695 -0.145598 0.150714 0.445851
-0.016231 -0.333695 -0.145598 0.150714 0.445851
0.185627 -0.169868 -0.061773 0.023028 0.326259
0.159897 -0.197265 -0.100643 -0.516188 0.033784
0.185024 -0.184718 -0.087138 -0.562023 -0.020184
0.185024 -0.184718 -0.087138 -0.562023 -0.020184
0.185024 -0.184718 -0.087138 -0.562023 -0.020184
0.185024 -0.184718 -0.087138 -0.562023 -0.020184
0.185024 -0.184718 -0.087138 -0.562023 -0.020184
0.185024 -0.184718 -0.087138 -0.562023 -0.020184
0.192645 -0.208148 -0.030823 -0.490567 -0.236024
0.163575 -0.302566 -0.075822 -0.287455 0.057811
0.163575 -0.302566 -0.075822 -0.287455 0.057811
0.099685 -0.303952 -0.05729 0.034467 0.272734
0.099685 -0.303952 -0.05729 0.034467 0.272734
0.284464 -0.099737 0.044518 -0.093183 0.018852
0.284464 -0.099737 0.044518 -0.093183 0.018852
0.256814 -0.087893 0.008939 -0.172044 0.040277
0.223779 -0.076426 0.063522 -0.284991 -0.275496
0.252347 -0.031581 0.062364 -0.224952 -0.149216
0.301448 -0.062631 0.105122 -0.00456 -0.04362
0.291329 -0.061667 0.102909 0.241103 0.210163
0.291329 -0.061667 0.102909 0.241103 0.210163
0.249014 -0.147014 0.0713 0.12424 0.088776
0.348157 -0.056991 0.100934 0.00641 0.005272
0.308486 -0.08453 0.128886 -0.022362 -0.121104
0.317525 -0.16663 0.111725 -0.106975 -0.131198
0.317525 -0.16663 0.111725 -0.106975 -0.131198
0.326603 -0.104119 0.096179 -0.218871 -0.129938
0.269371 -0.156136 0.067594 -0.341605 -0.282708
0.26306 -0.245298 0.097002 -0.292495 -0.31506
0.196353 -0.318494 0.075704 0.048972 0.063027
0.196914 -0.400374 0.019119 0.082805 0.261805
0.196914 -0.400374 0.019119 0.082805 0.261805
0.212954 -0.300319 0.074704 0.121254 0.093789
0.110819 -0.278618 -0.019282 0.184793 0.349356
0.110819 -0.278618 -0.019282 0.184793 0.349356
0.065836 -0.263182 -0.033115 0.19384 0.319066
0.213024 -0.115073 0.065299 0.108839 0.143163
0.213024 -0.115073 0.065299 0.108839 0.143163
0.141224 -0.187979 -0.072886 -0.101313 0.251489
0.329898 -0.057807 0.091733 -0.008918 -0.040747
0.327693 -0.008672 0.164993 -0.185107 -0.575982
0.358929 -0.044348 0.163409 -0.134397 -0.355508
0.358929 -0.044348 0.163409 -0.134397 -0.355508
0.358929 -0.044348 0.163409 -0.134397 -0.355508
0.358929 -0.044348 0.163409 -0.134397 -0.355508
0.389976 0.094037 0.211932 0.102182 -0.205427
0.317893 -0.086699 0.17644 0.142928 -0.166818
0.280511 -0.077937 0.102695 -0.123041 -0.123563
0.33192 -0.029439 0.157827 -0.045022 -0.205544
0.280682 -0.118323 0.12441 0.190628 0.036571
0.249251 -0.072321 0.113401 -0.061284 -0.180433
0.247846 -0.140828 0.01819 -0.292711 -0.169731
0.247846 -0.140828 0.01819 -0.292711 -0.169731
0.247846 -0.140828 0.01819 -0.292711 -0.169731
0.218556 -0.16488 -0.021069 -0.211967 -0.042848
0.252819 -0.103496 -0.010532 -0.327415 -0.078725
0.176118 -0.206586 -0.039456 -0.264734 -0.030386
0.160192 -0.144989 0.069485 0.171345 0.079222
0.231296 -0.092214 0.081062 -0.06334 -0.158922
0.227961 -0.123579 0.068365 -0.172599 -0.250624
0.227961 -0.123579 0.068365 -0.172599 -0.250624
0.258084 -0.0563 0.131535 -0.074717 -0.216412
0.258084 -0.0563 0.131535 -0.074717 -0.216412
0.220892 -0.169459 0.039303 -0.005633 0.105054
0.176045 -0.175297 0.048938 0.081962 0.09352
0.176045 -0.175297 0.048938 0.081962 0.09352
0.176045 -0.175297 0.048938 0.081962 0.09352
0.176045 -0.175297 0.048938 0.081962 0.09352
0.182035 -0.136827 0.036527 0.157687 0.251239
0.118071 -0.328223 -0.013364 0.244483 0.253386
0.118071 -0.328223 -0.013364 0.244483 0.253386
0.155703 -0.310205 -0.03555 -0.003471 0.224064
0.29965 -0.078567 0.097708 -0.023884 0.080831
0.29965 -0.078567 0.097708 -0.023884 0.080831
0.224274 -0.16832 0.040176 0.176795 0.309472
0.10912 -0.316813 -0.090635 -0.152325 0.245021
0.076709 -0.348716 -0.103244 -0.123539 0.30294
0.166499 -0.269575 0.000766 -0.391897 -0.318038
0.166499 -0.269575 0.000766 -0.391897 -0.318038
0.280683 -0.050398 0.129947 -0.285585 -0.494695
0.201968 -0.118313 0.07367 -0.195674 -0.326836
0.16513 -0.222896 0.004338 -0.189931 -0.093249
0.271446 -0.095118 0.085 -0.129695 -0.146578
0.271446 -0.095118 0.085 -0.129695 -0.146578
0.219161 -0.104003 0.038128 -0.189924 -0.0817
0.219161 -0.104003 0.038128 -0.189924 -0.0817
0.134169 -0.205131 -0.043324 -0.292858 0.05636
0.134169 -0.205131 -0.043324 -0.292858 0.05636
0.105147 -0.200252 -0.002924 0.102286 0.161196
0.130546 -0.125436 -0.000909 -0.160969 -0.039777
0.252671 0.007466 0.12728 0.046862 -0.107253
0.266417 0.036321 0.174667 0.073859 -0.185956
0.199849 -0.037537 0.115873 0.12891 -0.11178
0.088831 -0.20958 0.017227 0.160283 0.0617
0.088831 -0.20958 0.017227 0.160283 0.0617
0.088831 -0.20958 0.017227 0.160283 0.0617
0.135672 -0.232088 -0.009495 -0.065544 -0.01721
0.203322 -0.153826 0.049811 -0.151777 -0.225223
0.213448 -0.173685 0.066892 -0.167265 -0.188946
0.213448 -0.173685 0.066892 -0.167265 -0.188946
0.22379 -0.101748 0.063606 -0.053202 -0.012861
0.212808 -0.101231 0.068086 -0.00882 0.011352
0.146072 -0.181701 -0.009802 -0.124677 0.038976
0.09815 -0.25122 -0.081065 -0.221743 0.113444
0.08712 -0.234484 -0.1217 -0.430603 0.132182
0.08712 -0.234484 -0.1217 -0.430603 0.132182
0.08712 -0.234484 -0.1217 -0.430603 0.132182
0.278535 -0.046363 0.081912 -0.483549 -0.581585
0.203982 -0.198256 0.035225 0.037782 -0.136882
0.160569 -0.262737 0.046605 -0.037748 -0.171902
0.160569 -0.262737 0.046605 -0.037748 -0.171902
0.039333 -0.387775 -0.104208 -0.000656 0.234829
0.105434 -0.232111 -0.027652 0.15115 0.210079
0.176591 -0.178554 0.036971 0.269847 0.229498
0.176591 -0.178554 0.036971 0.269847 0.229498
0.176591 -0.178554 0.036971 0.269847 0.229498
0.163429 -0.000716 0.043471 -0.000967 -0.021677
0.171862 -0.030152 0.066445 0.041031 -0.129245
0.171862 -0.030152 0.066445 0.041031 -0.129245
0.171862 -0.030152 0.066445 0.041031 -0.129245
0.116537 -0.095573 0.033141 0.227125 0.25755
0.116537 -0.095573 0.033141 0.227125 0.25755
0.141313 -0.184536 0.025145 -0.067525 -0.067903
0.141313 -0.184536 0.025145 -0.067525 -0.067903
0.242437 -0.015214 0.10971 -0.094915 -0.132263
0.25944 -0.092394 0.158295 0.051285 -0.236539
0.266788 -0.073566 0.138617 -0.128852 -0.30235
0.266788 -0.073566 0.138617 -0.128852 -0.30235
0.262483 -0.079395 0.112548 -0.159178 -0.227431
0.308236 -0.05475 0.107856 -0.285707 -0.293521
0.308236 -0.05475 0.107856 -0.285707 -0.293521
0.308236 -0.05475 0.107856 -0.285707 -0.293521
0.308236 -0.05475 0.107856 -0.285707 -0.293521
0.130308 -0.210057 -0.024406 -0.264701 -0.030919
0.174071 -0.148631 -0.047042 -0.517203 -0.092324
0.178269 -0.144979 -0.031946 -0.461095 -0.007164
0.189675 -0.223177 -0.003448 -0.102515 0.093746
0.189675 -0.223177 -0.003448 -0.102515 0.093746
0.161363 -0.257968 -0.05035 -0.194616 0.191342
0.161363 -0.257968 -0.05035 -0.194616 0.191342
0.161363 -0.257968 -0.05035 -0.194616 0.191342
0.209384 -0.138652 0.017063 -0.37745 -0.141774
0.209384 -0.138652 0.017063 -0.37745 -0.141774
0.209384 -0.138652 0.017063 -0.37745 -0.141774
0.209384 -0.138652 0.017063 -0.37745 -0.141774
0.209384 -0.138652 0.017063 -0.37745 -0.141774
0.209384 -0.138652 0.017063 -0.37745 -0.141774
0.208727 -0.058555 0.061143 -0.147912 -0.163784
0.208727 -0.058555 0.061143 -0.147912 -0.163784
0.260253 -0.066052 0.157717 0.327654 -0.006531
0.234268 -0.15934 0.134417 0.231176 -0.017178
0.123268 -0.234119 0.061375 0.029936 -0.114112
0.197038 -0.056183 0.097673 -0.011312 -0.237124
0.174739 -0.272266 0.083762 0.150373 -0.13007
0.174739 -0.272266 0.083762 0.150373 -0.13007
0.174739 -0.272266 0.083762 0.150373 -0.13007
-0.000236 -0.277484 -0.049315 -0.321591 -0.21997
0.038324 -0.193025 -0.037562 -0.317261 -0.143396
0.08494 -0.181837 -0.041226 -0.282028 -0.006006
0.064976 -0.187239 -0.022392 -0.002405 0.174008
0.161754 -0.094591 0.029072 -0.046139 0.079008
0.191781 -0.03744 0.08491 -0.034426 -0.078895
0.16162 -0.108363 0.048869 -0.077578 -0.012816
0.16162 -0.108363 0.048869 -0.077578 -0.012816
0.258312 -0.04377 0.083988 -0.240759 -0.137064
0.258312 -0.04377 0.083988 -0.240759 -0.137064
0.19518 -0.187587 -0.018931 -0.113104 0.158254
0.251312 -0.112321 0.113144 0.10353 -0.138677
0.251312 -0.112321 0.113144 0.10353 -0.138677
0.222276 -0.135587 0.027769 0.001034 0.086329
0.226922 -0.163112 0.073714 0.103149 0.070961
0.246998 -0.250974 0.083351 0.287714 0.193799
0.255248 -0.23263 0.093305 0.152687 0.062816
0.255248 -0.23263 0.093305 0.152687 0.062816
0.255694 -0.10759 0.027872 -0.191467 -0.069344
0.163688 -0.105052 0.018545 -0.092413 -0.086552
0.163688 -0.105052 0.018545 -0.092413 -0.086552
0.163688 -0.105052 0.018545 -0.092413 -0.086552
0.166116 -0.201389 0.035807 0.175372 0.055627
0.246074 -0.127396 0.065319 0.00127 -0.041834
0.264612 -0.135236 0.055832 -0.01303 0.04554
0.13058 -0.291179 -0.023144 0.203649 0.306935
0.13058 -0.291179 -0.023144 0.203649 0.306935
0.204907 -0.236537 0.031643 -0.122088 -0.123371
0.238251 -0.107831 0.084703 -0.133234 -0.28547
0.208366 -0.152321 0.02308 -0.126986 -0.136544
0.193926 -0.111411 0.06265 -0.192357 -0.351248
0.193926 -0.111411 0.06265 -0.192357 -0.351248
0.193926 -0.111411 0.06265 -0.192357 -0.351248
0.193926 -0.111411 0.06265 -0.192357 -0.351248
0.193926 -0.111411 0.06265 -0.192357 -0.351248
0.190912 -0.175695 0.010989 -0.133048 -0.147306
0.077208 -0.311287 -0.087784 -0.211018 -0.015158
0.197089 -0.213043 0.000888 -0.061421 0.003567
0.230625 -0.149577 0.046148 -0.007396 -0.014437
0.230625 -0.149577 0.046148 -0.007396 -0.014437
0.084837 -0.300099 -0.078037 -0.334179 -0.003088
0.084837 -0.300099 -0.078037 -0.334179 -0.003088
0.127947 -0.193039 -0.010821 -0.256527 -0.110992
0.24641 -0.035812 0.098768 -0.083556 -0.141745
0.216831 -0.145555 0.020298 -0.332979 -0.262071
0.231235 -0.160239 0.042886 -0.384197 -0.351309
0.228304 -0.122483 0.082126 -0.072915 -0.216623
0.228304 -0.122483 0.082126 -0.072915 -0.216623
0.118053 -0.345129 -0.03119 -0.313908 -0.185551
0.118053 -0.345129 -0.03119 -0.313908 -0.185551
0.118053 -0.345129 -0.03119 -0.313908 -0.185551
0.118053 -0.345129 -0.03119 -0.313908 -0.185551
0.123369 -0.426933 -0.029285 -0.045775 0.20732
0.097892 -0.357583 -0.057104 0.126052 0.455846
0.197828 -0.231236 0.014524 -0.055666 0.172076
0.12893 -0.247198 -0.016714 -0.119344 0.073959
0.181817 -0.314704 -0.032772 -0.095861 0.211077
0.215492 -0.193727 0.020196 0.015929 0.205174
0.185665 -0.140764 0.015539 -0.195391 -0.002534
0.185665 -0.140764 0.015539 -0.195391 -0.002534
0.185665 -0.140764 0.015539 -0.195391 -0.002534
0.130894 -0.186305 -0.073345 -0.422161 0.05395
0.258142 -0.156309 0.034497 -0.253861 -0.073922
0.116817 -0.264956 0.009388 -0.164412 -0.149684
0.146647 -0.156583 0.035626 -0.052017 -0.06074
0.269932 -0.14418 0.056166 -0.150044 -0.044365
0.269932 -0.14418 0.056166 -0.150044 -0.044365
0.305872 -0.017519 0.112549 -0.100991 -0.142307
0.305872 -0.017519 0.112549 -0.100991 -0.142307
0.268876 -0.123976 0.055072 0.022719 0.101423
0.203834 -0.194182 -0.016179 -0.058932 0.246296
0.100685 -0.237078 -0.037804 -0.031451 0.15663
0.127629 -0.245225 -0.01002 -0.135914 -0.064579
0.055084 -0.353504 -0.06328 0.034711 0.255149
0.065598 -0.380891 -0.076583 -0.036448 0.228258
0.065598 -0.380891 -0.076583 -0.036448 0.228258
0.126455 -0.233494 0.018753 0.144131 0.250857
0.126455 -0.233494 0.018753 0.144131 0.250857
0.126455 -0.233494 0.018753 0.144131 0.250857
0.126455 -0.233494 0.018753 0.144131 0.250857
0.211799 -0.146329 0.043533 -0.008577 0.100764
0.247731 -0.146885 0.089814 -0.091107 -0.134118
0.247731 -0.146885 0.089814 -0.091107 -0.134118
0.171533 -0.221246 0.039187 0.085018 0.182453
0.21867 -0.154958 0.088067 0.068472 0.158872
0.097272 -0.320518 -0.095656 -0.238356 0.23686
0.169241 -0.254196 -0.058978 -0.306968 0.089365
0.169241 -0.254196 -0.058978 -0.306968 0.089365
