0.103863 -0.394133 0.542681 1.345337 -0.607008
0.078505 -0.313721 -0.033717 -0.127107 -0.017607
0.199428 -0.205438 -0.000213 -0.25678 -0.082714
0.264814 -0.010528 0.080473 -0.092233 -0.064619
0.264814 -0.010528 0.080473 -0.092233 -0.064619
0.210108 -0.052086 0.056978 -0.12453 -0.0436
0.210108 -0.052086 0.056978 -0.12453 -0.0436
0.210108 -0.052086 0.056978 -0.12453 -0.0436
0.145494 -0.146868 -0.059652 -0.419473 -0.056686
0.145494 -0.146868 -0.059652 -0.419473 -0.056686
0.217577 -0.091102 0.02839 -0.357278 -0.211217
0.217577 -0.091102 0.02839 -0.357278 -0.211217
0.236879 -0.069199 0.053533 -0.195911 -0.091459
0.297529 -0.001422 0.140519 -0.027428 -0.11752
0.268163 -0.051149 0.056567 -0.158839 -0.046815
0.237756 -0.115421 0.115158 0.095922 -0.0418
0.25899 -0.087968 0.136079 0.037534 -0.235829
0.25899 -0.087968 0.136079 0.037534 -0.235829
0.25899 -0.087968 0.136079 0.037534 -0.235829
0.263797 -0.104655 0.137874 0.006984 -0.227776
0.263797 -0.104655 0.137874 0.006984 -0.227776
0.263797 -0.104655 0.137874 0.006984 -0.227776
0.259784 -0.087769 0.110421 -0.10062 -0.354105
0.255966 -0.147998 0.053518 0.151518 0.1053
0.255966 -0.147998 0.053518 0.151518 0.1053
0.244348 -0.121938 0.094393 0.312835 0.251511
0.079448 -0.311014 -0.017578 0.265646 0.288027
0.079448 -0.311014 -0.017578 0.265646 0.288027
0.01625 -0.490639 -0.091193 0.022547 0.245981
0.01625 -0.490639 -0.091193 0.022547 0.245981
0.019191 -0.492459 -0.09302 0.076368 0.29958
0.019191 -0.492459 -0.09302 0.076368 0.29958
0.077004 -0.410317 -0.029347 0.157254 0.105928
0.154014 -0.22952 0.025106 -0.133228 -0.206122
0.154014 -0.22952 0.025106 -0.133228 -0.206122
0.084852 -0.38327 -0.012251 -0.23513 -0.226713
-0.006432 -0.42101 -0.069066 0.051986 0.097369
0.079929 -0.271108 -0.02625 0.141796 0.162106
0.079929 -0.271108 -0.02625 0.141796 0.162106
0.139898 -0.149892 0.052835 0.174797 0.044306
0.077232 -0.260804 -0.050124 0.208971 0.359705
0.091261 -0.158367 0.015483 -0.233928 -0.224147
0.001184 -0.309336 -0.088865 -0.151282 0.068269
0.100004 -0.177038 0.001861 -0.159563 -0.113713
0.045555 -0.259359 -0.033531 -0.159356 -0.074399
0.073069 -0.302608 -0.093139 -0.465607 -0.068371
0.107081 -0.177579 -0.050763 -0.359238 -0.01405
0.199662 -0.126299 0.016508 -0.275806 -0.169206
0.199662 -0.126299 0.016508 -0.275806 -0.169206
0.17249 -0.078278 0.062495 0.014253 -0.017781
0.142603 -0.142891 0.042026 0.009454 -0.051243
0.222908 -0.061153 0.119828 0.055048 -0.190277
0.233719 -0.076709 0.134128 -0.120144 -0.338559
0.133062 -0.170219 0.085593 0.028103 -0.17429
0.168373 -0.136757 0.090344 -0.017258 -0.194893
0.166243 -0.216037 0.091066 0.079797 -0.170344
0.166243 -0.216037 0.091066 0.079797 -0.170344
0.166243 -0.216037 0.091066 0.079797 -0.170344
0.184012 -0.26554 -0.020602 -0.111187 0.041507
0.135904 -0.353975 -0.089818 -0.013508 0.321778
0.135904 -0.353975 -0.089818 -0.013508 0.321778
0.23721 -0.080572 0.079714 0.00552 0.052258
0.23721 -0.080572 0.079714 0.00552 0.052258
0.23721 -0.080572 0.079714 0.00552 0.052258
0.293019 -0.099232 0.147924 0.432613 0.24436
0.301833 -0.193005 0.123802 0.367736 0.227254
0.095284 -0.307579 -0.060039 -0.346849 -0.075476
0.119715 -0.22909 -0.031914 -0.394802 -0.180093
0.119715 -0.22909 -0.031914 -0.394802 -0.180093
0.154264 -0.203188 -0.002487 -0.111516 0.058562
0.272713 -0.118674 0.068661 -0.191073 -0.186478
0.272713 -0.118674 0.068661 -0.191073 -0.186478
0.272713 -0.118674 0.068661 -0.191073 -0.186478
0.301947 -0.083647 0.146928 -0.128555 -0.336245
0.301947 -0.083647 0.146928 -0.128555 -0.336245
0.266808 -0.117836 0.116326 -0.169608 -0.361945
0.142082 -0.138565 0.027695 0.025348 0.053818
0.206036 -0.202402 0.051133 -0.154938 -0.252668
0.206036 -0.202402 0.051133 -0.154938 -0.252668
0.206036 -0.202402 0.051133 -0.154938 -0.252668
0.256597 -0.167779 0.066767 -0.279055 -0.344196
0.256597 -0.167779 0.066767 -0.279055 -0.344196
0.256597 -0.167779 0.066767 -0.279055 -0.344196
0.394348 0.06991 0.240348 0.01991 -0.423904
0.394348 0.06991 0.240348 0.01991 -0.423904
0.394348 0.06991 0.240348 0.01991 -0.423904
0.206179 -0.252995 0.046914 0.12526 0.107813
0.166807 -0.314503 -0.028837 -0.275788 -0.108823
0.166807 -0.314503 -0.028837 -0.275788 -0.108823
0.168687 -0.270605 -0.041469 -0.447028 -0.192813
0.168687 -0.270605 -0.041469 -0.447028 -0.192813
0.200616 -0.199942 0.017027 -0.208984 -0.171253
0.200616 -0.199942 0.017027 -0.208984 -0.171253
0.0527 -0.341146 -0.078737 -0.071454 0.212739
0.0527 -0.341146 -0.078737 -0.071454 0.212739
0.175253 -0.133726 0.043129 0.025296 0.022069
0.1791 -0.223851 0.015501 0.005638 0.081364
0.215871 -0.321888 -0.061882 -0.230676 0.164485
0.115713 -0.394103 -0.060108 0.037806 0.261403
0.115713 -0.394103 -0.060108 0.037806 0.261403
0.115713 -0.394103 -0.060108 0.037806 0.261403
0.279498 -0.086191 0.063253 0.04246 0.184801
0.279498 -0.086191 0.063253 0.04246 0.184801
0.279498 -0.086191 0.063253 0.04246 0.184801
0.236382 -0.095115 0.032069 -0.061768 0.187512
0.097686 -0.292536 -0.064599 0.162715 0.428375
0.18609 -0.196381 0.006132 -0.023107 -0.001189
0.235713 -0.096438 0.073463 -0.020858 -0.045992
0.190134 -0.052302 0.041242 -0.236684 -0.095646
-0.029575 -0.286374 0.013109 0.151765 0.066198
-0.025785 -0.426789 -0.050231 0.086538 0.149084
0.02683 -0.333475 0.006166 0.129941 0.12678
0.130841 -0.28451 0.065394 0.089571 0.070003
0.206821 -0.15377 0.06213 0.079457 0.192648
0.328868 0.012104 0.188059 -0.038452 -0.266582
0.220651 -0.146639 0.117559 -0.053242 -0.181767
0.316051 0.02594 0.184995 0.0032 -0.284347
0.297884 -0.020632 0.177584 0.092857 -0.186072
0.297884 -0.020632 0.177584 0.092857 -0.186072
0.253137 -0.088079 0.106926 -0.121168 -0.215604
0.253137 -0.088079 0.106926 -0.121168 -0.215604
0.213397 -0.102455 0.063611 -0.200995 -0.230657
0.252807 -0.093761 0.045695 -0.305538 -0.208303
0.18263 -0.1658 -0.00064 -0.368623 -0.243997
0.18263 -0.1658 -0.00064 -0.368623 -0.243997
0.18263 -0.1658 -0.00064 -0.368623 -0.243997
0.18263 -0.1658 -0.00064 -0.368623 -0.243997
0.165406 -0.172729 -0.014827 -0.266893 -0.012167
0.137793 -0.284547 -0.029521 0.050317 0.214345
0.215015 -0.102575 0.090564 -0.182859 -0.311088
0.244788 -0.026453 0.081662 -0.527152 -0.537763
0.244788 -0.026453 0.081662 -0.527152 -0.537763
0.244788 -0.026453 0.081662 -0.527152 -0.537763
0.244788 -0.026453 0.081662 -0.527152 -0.537763
0.244788 -0.026453 0.081662 -0.527152 -0.537763
0.244788 -0.026453 0.081662 -0.527152 -0.537763
0.244788 -0.026453 0.081662 -0.527152 -0.537763
0.244788 -0.026453 0.081662 -0.527152 -0.537763
0.244788 -0.026453 0.081662 -0.527152 -0.537763
0.213267 -0.133443 -0.000654 -0.404697 -0.123026
0.213267 -0.133443 -0.000654 -0.404697 -0.123026
0.213267 -0.133443 -0.000654 -0.404697 -0.123026
0.213267 -0.133443 -0.000654 -0.404697 -0.123026
0.213267 -0.133443 -0.000654 -0.404697 -0.123026
0.213267 -0.133443 -0.000654 -0.404697 -0.123026
0.213267 -0.133443 -0.000654 -0.404697 -0.123026
0.213267 -0.133443 -0.000654 -0.404697 -0.123026
0.213267 -0.133443 -0.000654 -0.404697 -0.123026
0.213267 -0.133443 -0.000654 -0.404697 -0.123026
0.213267 -0.133443 -0.000654 -0.404697 -0.123026
0.158218 -0.129385 0.083001 0.120733 0.024529
0.158218 -0.129385 0.083001 0.120733 0.024529
0.114686 -0.217705 0.011974 -0.054518 -0.001929
0.114686 -0.217705 0.011974 -0.054518 -0.001929
0.135799 -0.24789 0.023595 -0.120723 -0.102528
0.116984 -0.334966 -0.139429 -0.344514 0.163197
0.142699 -0.247914 -0.048107 -0.381929 -0.165523
0.142699 -0.247914 -0.048107 -0.381929 -0.165523
0.142699 -0.247914 -0.048107 -0.381929 -0.165523
0.171496 -0.184698 -0.012362 -0.107905 -0.014353
0.115181 -0.168197 -0.05476 0.083714 0.288913
0.171919 -0.199918 -0.012981 0.00093 0.211347
0.244968 -0.151257 0.026907 0.009096 0.228318
0.244968 -0.151257 0.026907 0.009096 0.228318
0.21776 -0.15727 0.051829 -0.001487 0.063844
0.078116 -0.262316 -0.010041 0.028847 0.153712
0.193173 -0.201801 0.020979 0.049424 0.188562
0.193173 -0.201801 0.020979 0.049424 0.188562
0.193173 -0.201801 0.020979 0.049424 0.188562
0.193173 -0.201801 0.020979 0.049424 0.188562
0.107789 -0.400847 -0.015306 0.159811 0.277526
0.150805 -0.373056 -0.028332 -0.11036 0.031935
0.06209 -0.449449 -0.096722 -0.334484 0.025764
0.094835 -0.389999 -0.06234 -0.338283 -0.073109
0.158877 -0.235976 -0.00878 -0.218974 -0.0743
0.206491 -0.150747 0.080261 0.189388 0.01702
0.206491 -0.150747 0.080261 0.189388 0.01702
0.076293 -0.262596 -0.017466 0.014673 0.058866
0.182684 -0.130119 0.066511 -0.197596 -0.245143
0.182684 -0.130119 0.066511 -0.197596 -0.245143
0.182684 -0.130119 0.066511 -0.197596 -0.245143
0.135709 -0.231253 -0.01908 -0.034233 0.139607
0.135709 -0.231253 -0.01908 -0.034233 0.139607
0.241566 -0.113906 0.059943 0.071368 0.143746
0.205108 -0.023126 0.036328 -0.222093 -0.112984
0.18485 -0.169484 -0.021711 -0.172462 -0.022367
0.181082 -0.190329 -0.009414 0.085968 0.201491
0.14668 -0.162722 0.027048 0.166951 0.172106
0.115994 -0.271833 -0.022207 -0.067017 0.151287
0.202706 -0.226381 0.019922 -0.213929 -0.114547
0.064823 -0.268593 0.017785 0.036524 0.165776
0.057297 -0.267273 0.0063 -0.304653 -0.302293
0.079883 -0.236665 -0.023019 -0.41651 -0.264301
0.079883 -0.236665 -0.023019 -0.41651 -0.264301
0.079883 -0.236665 -0.023019 -0.41651 -0.264301
0.079883 -0.236665 -0.023019 -0.41651 -0.264301
0.079883 -0.236665 -0.023019 -0.41651 -0.264301
0.079883 -0.236665 -0.023019 -0.41651 -0.264301
0.079883 -0.236665 -0.023019 -0.41651 -0.264301
0.079883 -0.236665 -0.023019 -0.41651 -0.264301
0.110284 -0.236845 0.019971 -0.219329 -0.135268
0.173088 -0.086915 0.104221 0.474544 0.399072
0.173088 -0.086915 0.104221 0.474544 0.399072
0.173088 -0.086915 0.104221 0.474544 0.399072
0.150114 -0.132499 0.086954 0.246997 0.114703
0.150114 -0.132499 0.086954 0.246997 0.114703
0.135384 -0.22649 0.043285 0.266896 0.202703
0.158883 -0.192075 0.052519 0.140269 0.108644
0.158883 -0.192075 0.052519 0.140269 0.108644
0.158883 -0.192075 0.052519 0.140269 0.108644
0.189295 -0.132648 0.065607 -0.04947 -0.150565
0.151163 -0.172316 0.050742 0.017224 -0.069968
0.150744 -0.093495 0.052391 -0.082229 -0.108082
0.224138 -0.068465 0.093989 -0.051962 -0.131821
0.15239 -0.240891 -0.002267 -0.097013 0.08597
0.15239 -0.240891 -0.002267 -0.097013 0.08597
0.170059 -0.319502 -0.031153 -0.040549 0.158845
0.226173 -0.233797 -0.002813 -0.296559 -0.134741
0.210381 -0.184866 0.044177 -0.078788 0.060604
0.160015 -0.224871 0.045686 -0.182477 -0.22528
0.160015 -0.224871 0.045686 -0.182477 -0.22528
0.160015 -0.224871 0.045686 -0.182477 -0.22528
0.162678 -0.219888 0.016645 -0.112996 -0.061173
0.208696 -0.160318 0.011889 -0.051519 0.083778
0.208696 -0.160318 0.011889 -0.051519 0.083778
0.149835 -0.275717 -0.026018 -0.31185 -0.079154
0.149835 -0.275717 -0.026018 -0.31185 -0.079154
0.149835 -0.275717 -0.026018 -0.31185 -0.079154
0.225525 -0.073018 0.023829 -0.306459 -0.150414
0.225525 -0.073018 0.023829 -0.306459 -0.150414
0.225525 -0.073018 0.023829 -0.306459 -0.150414
0.21401 -0.071365 0.008581 -0.350293 -0.154636
0.21401 -0.071365 0.008581 -0.350293 -0.154636
0.21401 -0.071365 0.008581 -0.350293 -0.154636
0.220431 -0.066433 0.029466 -0.345821 -0.193358
0.184629 -0.130733 0.028207 -0.07162 -0.092215
0.184629 -0.130733 0.028207 -0.07162 -0.092215
0.132442 -0.17686 0.022406 -0.2228 -0.234116
0.154393 -0.140514 -0.019728 -0.260105 -0.025438
0.154393 -0.140514 -0.019728 -0.260105 -0.025438
0.154393 -0.140514 -0.019728 -0.260105 -0.025438
0.154393 -0.140514 -0.019728 -0.260105 -0.025438
0.154393 -0.140514 -0.019728 -0.260105 -0.025438
0.154393 -0.140514 -0.019728 -0.260105 -0.025438
0.148157 -0.260112 -0.078742 -0.211939 0.145281
0.253056 -0.095035 0.075852 -0.27556 -0.192604
0.253056 -0.095035 0.075852 -0.27556 -0.192604
0.254359 -0.063121 0.061831 -0.408813 -0.258596
0.254359 -0.063121 0.061831 -0.408813 -0.258596
0.223037 -0.075118 0.015545 -0.392425 -0.223813
0.223037 -0.075118 0.015545 -0.392425 -0.223813
0.223037 -0.075118 0.015545 -0.392425 -0.223813
0.230415 -0.133535 0.053635 -0.20881 -0.193779
0.165102 -0.226922 -0.011585 -0.079286 0.091745
0.217624 -0.099417 0.050417 -0.092002 -0.021514
0.223626 -0.074108 0.022254 -0.186684 -0.02171
0.218519 -0.079399 0.043089 -0.018817 -0.024517
0.218519 -0.079399 0.043089 -0.018817 -0.024517
0.150231 -0.191645 -0.024064 -0.003276 0.109858
0.150231 -0.191645 -0.024064 -0.003276 0.109858
0.150231 -0.191645 -0.024064 -0.003276 0.109858
0.181926 -0.174052 0.027802 0.203869 0.340367
0.201134 -0.150933 0.026622 -0.150727 0.008567
0.201134 -0.150933 0.026622 -0.150727 0.008567
0.062011 -0.324848 -0.08438 -0.231447 0.06075
0.083645 -0.22342 -0.058636 -0.174324 0.075829
0.083645 -0.22342 -0.058636 -0.174324 0.075829
0.106217 -0.227603 -0.038691 -0.12395 0.071396
0.144089 -0.25651 -0.011882 -0.175865 -0.039862
0.144089 -0.25651 -0.011882 -0.175865 -0.039862
0.16038 -0.298013 -0.092471 -0.27283 0.110448
0.255067 -0.174614 0.035263 -0.018422 0.064579
0.255906 -0.233064 0.02372 -0.269856 -0.069514
0.21506 -0.254834 0.065899 0.022576 -0.043458
0.180096 -0.253224 0.063539 0.316597 0.237315
0.158691 -0.233194 0.084441 0.311062 0.211873
0.158691 -0.233194 0.084441 0.311062 0.211873
0.158691 -0.233194 0.084441 0.311062 0.211873
0.158691 -0.233194 0.084441 0.311062 0.211873
0.103067 -0.282864 0.006816 0.082428 0.217076
0.103067 -0.282864 0.006816 0.082428 0.217076
0.191549 -0.107693 0.054669 0.046606 0.170062
0.191549 -0.107693 0.054669 0.046606 0.170062
0.191549 -0.107693 0.054669 0.046606 0.170062
0.191549 -0.107693 0.054669 0.046606 0.170062
0.233862 -0.11601 0.062799 -0.044223 0.028281
0.233862 -0.11601 0.062799 -0.044223 0.028281
0.146091 -0.290334 -0.024316 -0.151415 0.076624
0.146091 -0.290334 -0.024316 -0.151415 0.076624
0.146091 -0.290334 -0.024316 -0.151415 0.076624
0.166065 -0.261513 -0.038587 -0.146102 0.153193
0.166065 -0.261513 -0.038587 -0.146102 0.153193
0.166065 -0.261513 -0.038587 -0.146102 0.153193
0.166065 -0.261513 -0.038587 -0.146102 0.153193
0.184319 -0.206904 -0.026379 -0.381506 -0.102739
0.166704 -0.284268 -0.066851 -0.403952 -0.056145
0.129097 -0.241801 -0.042822 -0.256829 0.051115
0.129097 -0.241801 -0.042822 -0.256829 0.051115
0.188256 -0.21686 0.034728 0.064107 0.09581
0.17311 -0.185283 0.043301 0.360037 0.280221
0.181659 -0.21943 -0.055007 -0.134628 0.102172
0.26912 -0.114185 0.039214 -0.160264 -0.069738
0.274736 -0.136454 0.060533 -0.109292 -0.081328
0.292322 -0.16739 0.02949 -0.272641 -0.028406
0.133551 -0.310096 -0.136574 -0.403012 0.183472
0.129276 -0.267167 -0.049686 -0.223062 -0.037371
0.230262 -0.11194 0.090124 -0.097272 -0.27834
0.230262 -0.11194 0.090124 -0.097272 -0.27834
0.219478 -0.085131 0.020979 -0.378094 -0.204412
0.219478 -0.085131 0.020979 -0.378094 -0.204412
0.163849 -0.169113 -0.018447 -0.202534 0.006398
0.209591 -0.081071 0.017232 -0.117676 0.090722
0.182359 -0.195511 0.008492 0.176348 0.317246
0.127743 -0.20133 -0.057111 -0.190451 0.118808
0.076709 -0.307059 -0.027033 -0.062118 0.087657
0.076709 -0.307059 -0.027033 -0.062118 0.087657
0.076709 -0.307059 -0.027033 -0.062118 0.087657
0.076709 -0.307059 -0.027033 -0.062118 0.087657
0.079891 -0.409011 -0.123707 -0.387451 0.098476
0.079891 -0.409011 -0.123707 -0.387451 0.098476
0.079891 -0.409011 -0.123707 -0.387451 0.098476
0.079891 -0.409011 -0.123707 -0.387451 0.098476
0.158388 -0.319923 -0.027314 -0.384929 -0.181446
0.05571 -0.353686 -0.113928 -0.412738 0.040756
0.05571 -0.353686 -0.113928 -0.412738 0.040756
0.046939 -0.266745 -0.096447 -0.50087 -0.215304
0.018807 -0.288224 -0.151731 -0.643667 -0.146847
0.080028 -0.306981 -0.126576 -0.672514 -0.144499
0.080028 -0.306981 -0.126576 -0.672514 -0.144499
0.080028 -0.306981 -0.126576 -0.672514 -0.144499
0.080028 -0.306981 -0.126576 -0.672514 -0.144499
0.080028 -0.306981 -0.126576 -0.672514 -0.144499
0.080028 -0.306981 -0.126576 -0.672514 -0.144499
0.080028 -0.306981 -0.126576 -0.672514 -0.144499
0.080028 -0.306981 -0.126576 -0.672514 -0.144499
0.080028 -0.306981 -0.126576 -0.672514 -0.144499
0.080028 -0.306981 -0.126576 -0.672514 -0.144499
0.080028 -0.306981 -0.126576 -0.672514 -0.144499
0.208174 -0.165565 -0.042675 -0.518216 -0.115094
0.117638 -0.262855 -0.074523 -0.354743 -0.040214
0.135858 -0.181467 0.043773 0.058203 0.056501
0.135858 -0.181467 0.043773 0.058203 0.056501
0.135858 -0.181467 0.043773 0.058203 0.056501
0.179433 -0.097067 0.048726 0.071996 0.142794
0.083538 -0.205717 -0.05953 -0.224934 0.10749
0.083538 -0.205717 -0.05953 -0.224934 0.10749
0.083538 -0.205717 -0.05953 -0.224934 0.10749
0.121102 -0.241303 0.004033 -0.240344 -0.08281
0.109852 -0.259699 -0.055819 -0.428926 -0.047368
0.109852 -0.259699 -0.055819 -0.428926 -0.047368
0.161704 -0.095156 0.032554 -0.240144 -0.033544
0.159375 -0.169925 0.01714 -0.264346 -0.018392
0.189988 -0.202688 -0.015862 -0.599848 -0.273245
0.189988 -0.202688 -0.015862 -0.599848 -0.273245
0.189988 -0.202688 -0.015862 -0.599848 -0.273245
0.189988 -0.202688 -0.015862 -0.599848 -0.273245
0.189988 -0.202688 -0.015862 -0.599848 -0.273245
0.189988 -0.202688 -0.015862 -0.599848 -0.273245
0.189988 -0.202688 -0.015862 -0.599848 -0.273245
0.189988 -0.202688 -0.015862 -0.599848 -0.273245
0.189988 -0.202688 -0.015862 -0.599848 -0.273245
0.189988 -0.202688 -0.015862 -0.599848 -0.273245
0.189988 -0.202688 -0.015862 -0.599848 -0.273245
0.189988 -0.202688 -0.015862 -0.599848 -0.273245
0.189988 -0.202688 -0.015862 -0.599848 -0.273245
0.189988 -0.202688 -0.015862 -0.599848 -0.273245
0.189988 -0.202688 -0.015862 -0.599848 -0.273245
0.189988 -0.202688 -0.015862 -0.599848 -0.273245
0.189988 -0.202688 -0.015862 -0.599848 -0.273245
0.189988 -0.202688 -0.015862 -0.599848 -0.273245
0.144521 -0.224668 -0.01633 -0.474445 -0.237869
0.14752 -0.163188 -0.001775 -0.278441 -0.043857
0.074389 -0.24245 -0.046285 -0.169107 0.107813
0.136258 -0.208263 0.006268 -0.152196 -0.007661
0.222354 -0.045844 0.083927 -0.032996 -0.071516
0.222354 -0.045844 0.083927 -0.032996 -0.071516
0.123601 -0.182794 0.021602 -0.088505 -0.011659
0.132434 -0.157658 0.053716 0.001632 -0.113412
-0.055231 -0.368473 -0.128381 -0.179759 0.162303
-0.015107 -0.366414 -0.164 -0.208475 0.302066
-0.015107 -0.366414 -0.164 -0.208475 0.302066
-0.009569 -0.394658 -0.125605 0.032789 0.39496
0.042284 -0.393803 -0.118359 0.01051 0.367374
0.132591 -0.191819 -0.022362 -0.171984 0.079417
0.130215 -0.193988 -0.03279 -0.231928 -0.005577
0.130215 -0.193988 -0.03279 -0.231928 -0.005577
0.130215 -0.193988 -0.03279 -0.231928 -0.005577
0.162938 -0.149203 -0.00178 -0.243133 -0.078706
0.162938 -0.149203 -0.00178 -0.243133 -0.078706
0.162938 -0.149203 -0.00178 -0.243133 -0.078706
0.162938 -0.149203 -0.00178 -0.243133 -0.078706
0.162938 -0.149203 -0.00178 -0.243133 -0.078706
0.162938 -0.149203 -0.00178 -0.243133 -0.078706
0.162938 -0.149203 -0.00178 -0.243133 -0.078706
0.162938 -0.149203 -0.00178 -0.243133 -0.078706
0.162938 -0.149203 -0.00178 -0.243133 -0.078706
0.138006 -0.310066 0.002847 -0.095297 -0.034495
0.251713 -0.064967 0.101256 -0.065644 -0.287015
0.251713 -0.064967 0.101256 -0.065644 -0.287015
0.251713 -0.064967 0.101256 -0.065644 -0.287015
0.264771 -0.087907 0.048648 -0.110782 -0.02469
0.281723 -0.044016 0.11346 -0.085678 -0.212259
0.281723 -0.044016 0.11346 -0.085678 -0.212259
0.34709 0.085888 0.189717 -0.016612 -0.292235
0.308863 -0.108224 0.118561 -0.132831 -0.376712
0.23729 -0.157296 0.052729 -0.202492 -0.304928
0.23729 -0.157296 0.052729 -0.202492 -0.304928
0.23729 -0.157296 0.052729 -0.202492 -0.304928
0.085339 -0.299992 -0.030664 -0.128983 -0.113517
0.158686 -0.197337 -0.013015 -0.178636 -0.094021
0.044671 -0.262867 -0.095017 -0.114112 0.140485
-0.016599 -0.393959 -0.136249 -0.093917 0.273928
0.127913 -0.215725 0.070444 0.208027 0.08522
0.127913 -0.215725 0.070444 0.208027 0.08522
0.144516 -0.17611 0.002822 0.132998 0.281235
0.181296 -0.134288 -0.023595 -0.005855 0.215178
-0.005812 -0.314189 -0.142447 -0.307136 0.162393
0.170295 -0.109152 0.070116 -0.032656 -0.053458
0.185167 -0.10653 0.075614 0.055982 -0.048624
0.246739 -0.112885 0.077166 0.019161 0.126315
0.198606 -0.184294 0.055893 0.20638 0.330171
0.198606 -0.184294 0.055893 0.20638 0.330171
0.216223 -0.156426 0.058036 0.278927 0.320326
0.216223 -0.156426 0.058036 0.278927 0.320326
0.280599 -0.054261 0.121608 0.182896 0.114405
0.226701 -0.05022 -0.001039 -0.087913 0.171127
0.258603 -0.123806 0.11728 0.344162 0.302734
0.253074 -0.15061 0.099968 0.103851 0.115492
0.298449 -0.098751 0.109885 0.042031 -0.00865
0.245892 -0.130396 0.070971 0.153489 0.152666
0.245892 -0.130396 0.070971 0.153489 0.152666
0.245892 -0.130396 0.070971 0.153489 0.152666
0.18246 -0.208923 0.012134 0.059574 0.122969
0.113043 -0.257343 -0.054592 0.019742 0.158012
0.113043 -0.257343 -0.054592 0.019742 0.158012
0.113043 -0.257343 -0.054592 0.019742 0.158012
0.113043 -0.257343 -0.054592 0.019742 0.158012
0.113043 -0.257343 -0.054592 0.019742 0.158012
0.079745 -0.273744 -0.056655 -0.207161 -0.005481
0.079745 -0.273744 -0.056655 -0.207161 -0.005481
0.010607 -0.326491 -0.107439 -0.339798 0.045311
0.010607 -0.326491 -0.107439 -0.339798 0.045311
0.048296 -0.326933 -0.071146 -0.261306 -0.065135
0.015373 -0.349932 -0.102352 -0.458067 -0.217611
0.097949 -0.182301 0.027654 -0.040832 -0.094953
0.097949 -0.182301 0.027654 -0.040832 -0.094953
0.134794 -0.096946 0.051941 -0.005899 -0.072093
0.268575 0.065476 0.220837 0.020873 -0.418787
0.277407 0.057973 0.200366 -0.082966 -0.434309
0.190485 -0.009386 0.11265 -0.00559 -0.135897
0.190485 -0.009386 0.11265 -0.00559 -0.135897
0.276913 0.010335 0.144926 -0.029899 -0.095031
0.160496 -0.200424 0.049731 0.203207 0.175388
0.235182 -0.101865 0.078406 0.034827 0.092564
0.116693 -0.353679 -0.068688 -0.120525 0.190164
0.116693 -0.353679 -0.068688 -0.120525 0.190164
0.148868 -0.295642 -0.005915 -0.075125 0.152582
0.104408 -0.249104 -0.019801 -0.002636 0.173536
0.104408 -0.249104 -0.019801 -0.002636 0.173536
0.104408 -0.249104 -0.019801 -0.002636 0.173536
0.225474 -0.169619 0.088329 0.05735 0.001562
0.260655 -0.035667 0.115486 -0.215925 -0.302154
0.157866 -0.269358 0.023787 -0.105568 -0.135651
0.035865 -0.430015 -0.097415 -0.107948 0.067239
0.064426 -0.402793 -0.056099 0.067108 0.183103
0.064426 -0.402793 -0.056099 0.067108 0.183103
0.125229 -0.228602 -0.006814 -0.004562 0.057643
0.165959 -0.186116 0.008604 0.087799 0.203518
0.165959 -0.186116 0.008604 0.087799 0.203518
0.165959 -0.186116 0.008604 0.087799 0.203518
0.093519 -0.255423 -0.042073 0.077543 0.364263
0.097923 -0.255636 -0.013505 -0.140611 0.047364
0.196518 -0.23913 -0.008942 -0.264801 -0.078173
0.196518 -0.23913 -0.008942 -0.264801 -0.078173
0.196518 -0.23913 -0.008942 -0.264801 -0.078173
0.196096 -0.256088 0.048557 0.08198 0.043018
0.043142 -0.428745 -0.116887 -0.006463 0.397674
0.093431 -0.3831 -0.085815 -0.143944 0.215154
0.153297 -0.212668 -0.012789 -0.157962 -0.055594
0.212175 -0.038055 0.031066 -0.213075 -0.192617
0.196389 -0.088968 0.048142 0.00386 -0.173339
0.140561 -0.198645 -0.014074 -0.053058 -0.057591
0.140561 -0.198645 -0.014074 -0.053058 -0.057591
0.139745 -0.157365 0.008569 -0.140642 -0.11919
0.220616 -0.017069 0.088607 -0.063412 -0.06645
0.15179 -0.145356 -0.004337 -0.33587 -0.124514
0.190623 -0.152645 0.084172 -0.100832 -0.157327
0.215241 -0.071096 0.076747 -0.278814 -0.276261
0.215241 -0.071096 0.076747 -0.278814 -0.276261
0.215241 -0.071096 0.076747 -0.278814 -0.276261
0.054905 -0.351423 -0.108068 -0.265559 0.113612
0.054905 -0.351423 -0.108068 -0.265559 0.113612
0.109405 -0.235456 -0.019436 -0.141951 -0.045323
0.143852 -0.171386 -0.027113 0.00513 0.201511
0.143852 -0.171386 -0.027113 0.00513 0.201511
0.207135 -0.15659 0.020195 0.079411 0.161283
0.200116 -0.198429 -0.008305 -0.099987 0.090232
0.182998 -0.236639 -0.035113 -0.248709 0.0049
0.182998 -0.236639 -0.035113 -0.248709 0.0049
0.265822 -0.092935 0.094066 0.062959 0.044654
0.301697 -0.042753 0.065678 -0.334173 -0.178868
0.301697 -0.042753 0.065678 -0.334173 -0.178868
0.301697 -0.042753 0.065678 -0.334173 -0.178868
0.301697 -0.042753 0.065678 -0.334173 -0.178868
0.301697 -0.042753 0.065678 -0.334173 -0.178868
0.26021 -0.052002 0.069936 -0.279184 -0.2489
0.216389 -0.101786 0.049049 0.053314 0.017672
0.217509 -0.018257 0.10659 0.291733 0.222706
0.143855 -0.085546 0.022469 0.092232 0.226225
0.325473 -0.03044 0.166264 0.118245 -0.168371
0.255196 -0.055279 0.154313 0.286809 -0.039457
0.220306 -0.090184 0.099941 0.139563 -0.03892
0.251459 -0.088689 0.088891 -0.111235 -0.223382
0.251459 -0.088689 0.088891 -0.111235 -0.223382
0.16858 -0.17121 -0.006395 0.003867 0.068305
0.240011 -0.135537 0.071742 0.016078 -0.095308
0.163111 -0.236934 -0.005895 -0.001839 0.094854
0.296764 -0.085453 0.116954 -0.000796 -0.119652
0.294727 -0.057182 0.112178 -0.041489 -0.142596
0.273323 -0.084185 0.107549 0.00554 -0.042577
0.194244 -0.072419 0.092648 -0.00807 -0.044566
0.079655 -0.327404 -0.084946 -0.070905 0.243916
0.079655 -0.327404 -0.084946 -0.070905 0.243916
0.06851 -0.293705 -0.027817 0.108599 0.210402
0.118527 -0.288447 -0.021392 -0.16231 -0.035182
0.118527 -0.288447 -0.021392 -0.16231 -0.035182
0.118527 -0.288447 -0.021392 -0.16231 -0.035182
0.118527 -0.288447 -0.021392 -0.16231 -0.035182
0.10916 -0.222534 -0.035167 -0.088999 0.118109
0.10916 -0.222534 -0.035167 -0.088999 0.118109
0.18888 -0.12665 0.074489 -0.112658 -0.168647
0.18888 -0.12665 0.074489 -0.112658 -0.168647
0.161886 -0.162332 0.039335 -0.132314 -0.149035
0.161886 -0.162332 0.039335 -0.132314 -0.149035
0.161886 -0.162332 0.039335 -0.132314 -0.149035
0.239487 -0.154139 0.058298 -0.196942 -0.234975
0.229121 -0.144752 0.065323 -0.151281 -0.214122
0.229121 -0.144752 0.065323 -0.151281 -0.214122
0.229121 -0.144752 0.065323 -0.151281 -0.214122
0.1451 -0.235438 -0.045002 -0.227413 -0.021323
0.18225 -0.175266 -0.077589 -0.492665 -0.015223
0.18225 -0.175266 -0.077589 -0.492665 -0.015223
0.22113 -0.183021 -0.021113 -0.487423 -0.183096
0.153025 -0.230526 -0.0291 -0.317432 -0.120506
0.065653 -0.34317 -0.05581 -0.326393 -0.09909
0.008175 -0.246652 0.001952 -0.038349 -0.076725
0.083996 -0.235719 -0.029598 -0.283393 -0.022554
0.083996 -0.235719 -0.029598 -0.283393 -0.022554
0.216949 -0.130571 0.109268 0.088783 -0.004868
0.194265 -0.197025 0.012129 -0.21718 -0.096072
0.156077 -0.222216 -0.079483 -0.369806 0.046527
0.156077 -0.222216 -0.079483 -0.369806 0.046527
0.156077 -0.222216 -0.079483 -0.369806 0.046527
0.156077 -0.222216 -0.079483 -0.369806 0.046527
0.199435 -0.104002 0.049106 -0.19601 -0.093226
0.195353 -0.13363 0.054092 -0.095424 0.024011
0.228215 -0.129861 0.077286 -0.126784 -0.011682
0.228215 -0.129861 0.077286 -0.126784 -0.011682
0.168437 -0.193284 0.017881 -0.190568 -0.01625
0.168437 -0.193284 0.017881 -0.190568 -0.01625
0.144892 -0.164482 -0.003058 -0.466036 -0.213696
0.144892 -0.164482 -0.003058 -0.466036 -0.213696
0.144892 -0.164482 -0.003058 -0.466036 -0.213696
0.144892 -0.164482 -0.003058 -0.466036 -0.213696
0.160564 -0.195361 -0.016148 -0.392529 -0.103111
0.209873 -0.193535 0.044604 -0.288645 -0.207395
0.209873 -0.193535 0.044604 -0.288645 -0.207395
0.209873 -0.193535 0.044604 -0.288645 -0.207395
0.209873 -0.193535 0.044604 -0.288645 -0.207395
0.209873 -0.193535 0.044604 -0.288645 -0.207395
0.205512 -0.17004 0.084917 -0.204269 -0.294126
0.205512 -0.17004 0.084917 -0.204269 -0.294126
0.142313 -0.237055 0.031935 -0.151501 -0.162362
0.086802 -0.283482 -0.126883 -0.493204 -0.012107
0.146049 -0.180863 -0.085859 -0.31597 0.116039
0.146049 -0.180863 -0.085859 -0.31597 0.116039
0.146049 -0.180863 -0.085859 -0.31597 0.116039
0.132893 -0.227419 -0.122665 -0.614745 -0.051914
0.141901 -0.376425 -0.033277 -0.21868 -0.00027
0.176006 -0.251182 -0.033521 -0.28102 0.035372
0.089613 -0.234427 -0.07166 -0.308157 0.060273
0.159714 -0.169235 -0.009271 -0.152445 0.099005
0.106846 -0.287166 -0.03917 -0.168489 0.093473
0.136842 -0.219987 0.018796 -0.159114 -0.092494
0.136842 -0.219987 0.018796 -0.159114 -0.092494
0.092512 -0.315531 -0.011486 -0.073352 -0.012115
0.13166 -0.187793 -0.021988 -0.495488 -0.220741
0.21803 -0.089891 0.005034 -0.541083 -0.216323
0.21803 -0.089891 0.005034 -0.541083 -0.216323
0.21803 -0.089891 0.005034 -0.541083 -0.216323
0.21803 -0.089891 0.005034 -0.541083 -0.216323
0.21803 -0.089891 0.005034 -0.541083 -0.216323
0.21803 -0.089891 0.005034 -0.541083 -0.216323
0.21803 -0.089891 0.005034 -0.541083 -0.216323
0.21803 -0.089891 0.005034 -0.541083 -0.216323
0.205005 -0.109239 -0.015146 -0.613063 -0.191628
0.205005 -0.109239 -0.015146 -0.613063 -0.191628
0.135802 -0.214957 -0.095836 -0.49978 0.119079
0.135802 -0.214957 -0.095836 -0.49978 0.119079
0.135802 -0.214957 -0.095836 -0.49978 0.119079
0.135802 -0.214957 -0.095836 -0.49978 0.119079
0.135802 -0.214957 -0.095836 -0.49978 0.119079
0.135802 -0.214957 -0.095836 -0.49978 0.119079
0.135802 -0.214957 -0.095836 -0.49978 0.119079
0.21539 -0.196632 -0.059393 -0.365385 0.112453
0.21539 -0.196632 -0.059393 -0.365385 0.112453
0.258513 -0.143516 0.004571 -0.393785 -0.138518
0.258513 -0.143516 0.004571 -0.393785 -0.138518
0.258513 -0.143516 0.004571 -0.393785 -0.138518
0.108011 -0.250879 -0.072242 -0.149179 0.176893
0.108011 -0.250879 -0.072242 -0.149179 0.176893
0.108011 -0.250879 -0.072242 -0.149179 0.176893
0.047976 -0.27543 -0.129382 -0.164519 0.275534
0.121217 -0.241289 0.009757 0.103417 0.047598
0.063563 -0.36013 -0.056297 0.060549 0.144229
0.065181 -0.301217 -0.092399 -0.108224 0.168678
0.065181 -0.301217 -0.092399 -0.108224 0.168678
0.191136 -0.277816 0.012522 0.122462 0.217918
0.194632 -0.20275 0.003538 0.075741 0.075011
0.246118 -0.205071 0.010903 0.058637 0.126159
0.323216 -0.113524 0.071727 0.086314 0.108182
0.323216 -0.113524 0.071727 0.086314 0.108182
0.323216 -0.113524 0.071727 0.086314 0.108182
0.323216 -0.113524 0.071727 0.086314 0.108182
0.189354 -0.281526 -0.099748 -0.337739 0.158837
0.144477 -0.290878 -0.093267 -0.207856 0.231503
0.111664 -0.228162 -0.025201 -0.04823 0.114534
0.125432 -0.274128 -0.038763 -0.057106 0.103883
0.068746 -0.300048 -0.06019 0.123776 0.377845
0.068746 -0.300048 -0.06019 0.123776 0.377845
0.088697 -0.30238 -0.046659 0.024355 0.242945
0.088697 -0.30238 -0.046659 0.024355 0.242945
0.088697 -0.30238 -0.046659 0.024355 0.242945
0.088697 -0.30238 -0.046659 0.024355 0.242945
0.067593 -0.348404 -0.058121 0.10803 0.314805
0.067593 -0.348404 -0.058121 0.10803 0.314805
0.110497 -0.179013 0.02757 0.065291 0.028195
0.059021 -0.269441 -0.050812 -0.120955 0.101168
0.192182 -0.209216 -0.01486 0.027835 0.229926
0.219362 -0.111606 0.034751 0.194002 0.24637
0.219362 -0.111606 0.034751 0.194002 0.24637
0.239045 -0.222193 -0.020352 -0.268548 0.093207
0.260887 -0.147151 0.020651 -0.326639 -0.084679
0.094065 -0.183284 -0.018737 -0.063229 0.130828
0.094065 -0.183284 -0.018737 -0.063229 0.130828
0.094065 -0.183284 -0.018737 -0.063229 0.130828
0.094065 -0.183284 -0.018737 -0.063229 0.130828
0.103455 -0.183602 -0.025303 -0.091833 0.125374
0.103455 -0.183602 -0.025303 -0.091833 0.125374
0.11061 -0.187699 0.019777 0.069079 0.116329
0.089432 -0.186839 -0.015114 0.035856 0.170656
0.089432 -0.186839 -0.015114 0.035856 0.170656
0.124681 -0.146235 -0.005876 0.088183 0.275456
0.124681 -0.146235 -0.005876 0.088183 0.275456
0.124681 -0.146235 -0.005876 0.088183 0.275456
0.148948 -0.189659 0.009829 -0.045412 0.111672
0.246495 -0.112026 0.016582 -0.121783 0.130791
0.246495 -0.112026 0.016582 -0.121783 0.130791
0.250385 -0.066616 0.130094 0.181119 0.043398
0.250385 -0.066616 0.130094 0.181119 0.043398
0.075412 -0.229286 0.010938 0.235172 0.243439
0.094993 -0.204258 0.030338 0.232592 0.25851
0.126373 -0.191939 0.00064 0.046606 0.18539
0.207344 -0.093356 0.137171 0.220297 0.056067
0.207344 -0.093356 0.137171 0.220297 0.056067
0.272518 -0.022699 0.165488 -0.086372 -0.35995
0.202061 -0.031986 0.109226 -0.176206 -0.212554
0.23747 0.053392 0.124494 -0.004344 -0.038782
0.180825 -0.108234 0.094497 -0.126035 -0.086983
0.198948 -0.128778 0.023548 -0.237354 0.026692
0.198948 -0.128778 0.023548 -0.237354 0.026692
0.233264 -0.113862 0.042727 -0.057179 0.150988
0.212167 -0.106268 0.035927 -0.038032 0.113322
0.153041 -0.198051 -0.028303 -0.318823 -0.026812
0.153041 -0.198051 -0.028303 -0.318823 -0.026812
0.298211 -0.025986 0.075746 -0.032376 0.024712
0.080126 -0.207982 -0.049717 -0.077571 0.063139
0.080126 -0.207982 -0.049717 -0.077571 0.063139
0.099862 -0.164941 -0.043978 -0.297168 -0.136526
0.146953 -0.084005 0.041254 -0.299306 -0.318069
0.146953 -0.084005 0.041254 -0.299306 -0.318069
0.146953 -0.084005 0.041254 -0.299306 -0.318069
0.146953 -0.084005 0.041254 -0.299306 -0.318069
0.146953 -0.084005 0.041254 -0.299306 -0.318069
0.296161 -0.005518 0.107683 -0.265177 -0.401079
0.192129 -0.149205 0.013238 -0.307608 -0.286165
0.192129 -0.149205 0.013238 -0.307608 -0.286165
0.199054 -0.060564 0.042862 -0.255703 -0.113711
0.191275 -0.107093 0.030118 -0.407692 -0.262967
0.191275 -0.107093 0.030118 -0.407692 -0.262967
0.162605 -0.192731 0.003389 -0.372229 -0.248694
0.225198 -0.0368 0.080045 -0.179201 -0.121842
0.292137 0.019917 0.193522 0.230089 -0.031719
0.292137 0.019917 0.193522 0.230089 -0.031719
0.168516 -0.215168 0.051279 0.364269 0.342081
0.168516 -0.215168 0.051279 0.364269 0.342081
0.168516 -0.215168 0.051279 0.364269 0.342081
0.168516 -0.215168 0.051279 0.364269 0.342081
0.168516 -0.215168 0.051279 0.364269 0.342081
0.168516 -0.215168 0.051279 0.364269 0.342081
0.168516 -0.215168 0.051279 0.364269 0.342081
0.168516 -0.215168 0.051279 0.364269 0.342081
0.168516 -0.215168 0.051279 0.364269 0.342081
0.159273 -0.205242 0.027714 0.14027 0.1953
0.184515 -0.129707 0.034073 -0.10195 -0.030062
0.252581 -0.168596 0.086252 0.016549 0.084689
0.163733 -0.203616 0.023431 0.179741 0.344874
0.110688 -0.178981 0.015832 0.298829 0.358568
0.140232 -0.175034 0.030034 0.128032 0.1396
0.129765 -0.174061 -0.020912 -0.109568 0.082227
0.129765 -0.174061 -0.020912 -0.109568 0.082227
0.101632 -0.132852 -0.016156 -0.102967 0.100404
0.093959 -0.268964 -0.015492 -0.155846 0.088623
0.081095 -0.228745 -0.08774 -0.448476 0.01834
0.081095 -0.228745 -0.08774 -0.448476 0.01834
0.081095 -0.228745 -0.08774 -0.448476 0.01834
0.081095 -0.228745 -0.08774 -0.448476 0.01834
0.081095 -0.228745 -0.08774 -0.448476 0.01834
0.043921 -0.271014 -0.078149 -0.322296 0.028625
0.041405 -0.330538 -0.086808 -0.403088 -0.100182
0.041405 -0.330538 -0.086808 -0.403088 -0.100182
0.042689 -0.219883 -0.061243 -0.020557 0.305442
-0.074878 -0.46682 -0.137804 -0.016023 0.312758
-0.004518 -0.46047 -0.141349 -0.141228 0.212084
0.163218 -0.223591 -0.048802 -0.313417 -0.072955
0.222138 -0.124938 0.039935 -0.046134 0.088135
0.206813 -0.172272 0.073117 0.058365 -0.006245
0.22389 -0.17743 0.031853 -0.21008 -0.089916
0.225985 -0.099014 0.058961 -0.090511 -0.137859
0.299228 -0.037674 0.129218 -0.234805 -0.37489
0.299228 -0.037674 0.129218 -0.234805 -0.37489
0.231072 -0.026676 0.120398 -0.16111 -0.309366
0.2732 -0.054293 0.080431 -0.085588 -0.092545
0.243335 -0.048415 0.141392 0.060643 -0.091574
0.178819 -0.252025 -0.029491 -0.307447 -0.107149
0.227578 -0.142147 0.015826 -0.163859 -0.016067
0.267524 -0.13499 0.087814 -0.066523 -0.138719
0.205991 -0.145872 -0.023213 -0.216705 0.050914
0.127767 -0.294773 -0.10357 -0.205376 0.197244
0.09962 -0.313831 -0.068741 0.030892 0.28735
0.09962 -0.313831 -0.068741 0.030892 0.28735
0.09962 -0.313831 -0.068741 0.030892 0.28735
0.119512 -0.291018 -0.041439 -0.025554 0.197987
0.119512 -0.291018 -0.041439 -0.025554 0.197987
0.180456 -0.097829 0.112516 0.02418 -0.049697
0.211239 -0.129574 0.103988 0.060991 0.028261
0.201481 -0.045697 0.116281 0.287269 0.14722
0.219635 -0.052204 0.114776 -0.031272 -0.191514
0.219635 -0.052204 0.114776 -0.031272 -0.191514
0.219635 -0.052204 0.114776 -0.031272 -0.191514
0.24769 -0.171571 0.10183 -0.031685 -0.164021
0.208409 -0.210562 0.018591 -0.163385 -0.07926
0.157998 -0.234371 0.037535 0.005593 0.067853
0.18131 -0.23016 0.041911 -0.036465 -0.004662
0.290558 -0.119699 0.134014 -0.13332 -0.277109
0.290558 -0.119699 0.134014 -0.13332 -0.277109
0.18065 -0.244618 -0.01212 -0.120913 0.139393
0.198251 -0.184325 0.022709 -0.057996 0.120037
0.198251 -0.184325 0.022709 -0.057996 0.120037
0.184827 -0.115412 0.033822 -0.151335 0.037564
0.203273 -0.091056 0.028192 -0.081611 0.125044
0.203273 -0.091056 0.028192 -0.081611 0.125044
0.203273 -0.091056 0.028192 -0.081611 0.125044
0.242772 -0.132393 0.067459 0.054173 0.078819
0.269066 -0.106344 0.080069 0.17041 0.227309
0.170949 -0.182335 0.011446 0.127902 0.345085
0.141025 -0.117775 0.014282 -0.031381 0.154622
-0.015968 -0.29116 -0.098383 -0.191723 0.130186
-0.017842 -0.389862 -0.118484 -0.026169 0.285197
0.069503 -0.269789 -0.053959 -0.250888 0.072573
0.175448 -0.085232 0.119625 0.216158 0.089355
0.175448 -0.085232 0.119625 0.216158 0.089355
0.113886 -0.167129 0.054413 0.092465 0.010806
0.001389 -0.331591 -0.085911 0.03708 0.251185
0.060069 -0.256607 -0.040116 0.032853 0.278248
0.060069 -0.256607 -0.040116 0.032853 0.278248
0.060069 -0.256607 -0.040116 0.032853 0.278248
0.074013 -0.280401 -0.028896 0.003427 0.228577
0.074013 -0.280401 -0.028896 0.003427 0.228577
0.074013 -0.280401 -0.028896 0.003427 0.228577
0.133806 -0.181872 0.023919 -0.111194 -0.029601
0.112235 -0.273089 -0.009099 -0.117545 -0.003253
0.224231 -0.099049 0.03649 -0.047189 0.052643
0.059224 -0.354936 -0.054938 -0.053615 0.111047
0.091996 -0.275111 -0.028409 -0.032572 0.189669
0.085131 -0.234283 -0.014944 0.172192 0.353526
0.074569 -0.327747 -0.070848 0.057641 0.377825
0.074569 -0.327747 -0.070848 0.057641 0.377825
0.033247 -0.371669 -0.074988 0.051389 0.202425
0.024289 -0.341026 -0.035983 0.047919 0.003332
0.024289 -0.341026 -0.035983 0.047919 0.003332
0.187719 -0.157646 0.111239 0.099635 -0.151836
0.169181 -0.15594 0.041141 0.016397 0.005582
0.105721 -0.2474 -0.047338 -0.131359 0.136158
0.105721 -0.2474 -0.047338 -0.131359 0.136158
0.105721 -0.2474 -0.047338 -0.131359 0.136158
0.105721 -0.2474 -0.047338 -0.131359 0.136158
0.120881 -0.216557 0.016248 -0.162992 -0.040789
0.120238 -0.205707 -0.04349 -0.3751 -0.042217
0.160018 -0.211869 0.050449 0.101732 -0.008645
0.065837 -0.284324 -0.0287 0.266206 0.387762
0.065837 -0.284324 -0.0287 0.266206 0.387762
0.156928 -0.175076 0.031951 0.081478 0.075786
0.234831 -0.115111 0.086451 0.074607 -0.019411
0.234831 -0.115111 0.086451 0.074607 -0.019411
0.208682 -0.122497 0.07916 0.282323 0.139679
0.208682 -0.122497 0.07916 0.282323 0.139679
0.23068 -0.120603 0.074154 -0.040769 -0.142748
0.274925 -0.071172 0.14759 0.156356 -0.07647
0.303048 -0.050083 0.088094 0.029311 -0.002007
0.303048 -0.050083 0.088094 0.029311 -0.002007
0.197378 -0.218887 0.015456 0.160787 0.190852
0.193028 -0.095694 0.062664 0.180167 0.056391
0.201118 -0.065927 0.056288 -0.025036 -0.096726
0.130125 -0.191607 -0.020346 -0.012183 0.055698
0.099792 -0.419536 -0.065642 -0.231396 -0.134529
0.099792 -0.419536 -0.065642 -0.231396 -0.134529
0.099792 -0.419536 -0.065642 -0.231396 -0.134529
0.312835 -0.085088 0.14686 -0.194974 -0.490889
0.312835 -0.085088 0.14686 -0.194974 -0.490889
0.312835 -0.085088 0.14686 -0.194974 -0.490889
0.263494 -0.163648 0.065502 -0.311349 -0.200282
0.19692 -0.245219 0.010035 -0.147863 0.001166
0.19692 -0.245219 0.010035 -0.147863 0.001166
0.163588 -0.16464 0.009652 -0.306389 -0.130465
0.163588 -0.16464 0.009652 -0.306389 -0.130465
0.185798 -0.2288 0.01624 -0.097314 -0.003353
0.26061 -0.151384 0.063164 -0.045833 0.019991
0.26061 -0.151384 0.063164 -0.045833 0.019991
0.245637 -0.061431 0.108646 -0.020028 -0.08415
0.239828 -0.11481 0.083221 0.086669 -0.104115
0.308549 -0.117147 0.156389 0.029111 -0.176968
0.308549 -0.117147 0.156389 0.029111 -0.176968
0.308549 -0.117147 0.156389 0.029111 -0.176968
0.308549 -0.117147 0.156389 0.029111 -0.176968
0.286545 -0.110603 0.08526 -0.156952 -0.132469
0.286545 -0.110603 0.08526 -0.156952 -0.132469
0.286545 -0.110603 0.08526 -0.156952 -0.132469
0.192808 -0.215255 -0.047934 -0.17836 0.208151
0.185367 -0.202538 -0.07745 -0.241854 0.322519
0.185845 -0.198442 -0.052277 -0.158216 0.296912
0.200998 -0.22673 -0.032171 -0.024029 0.29508
0.210769 -0.278763 -0.00821 -0.088811 0.069844
0.163553 -0.214469 -0.031424 0.034731 0.23816
0.134918 -0.315925 -0.066152 -0.056875 0.226667
0.134918 -0.315925 -0.066152 -0.056875 0.226667
0.134918 -0.315925 -0.066152 -0.056875 0.226667
0.108722 -0.310238 -0.083107 -0.140521 0.148536
0.22889 -0.164949 0.066824 -0.078027 -0.169655
0.212191 -0.094495 0.082502 0.043322 -0.098566
0.193392 -0.086279 0.045663 -0.111458 -0.112247
0.193392 -0.086279 0.045663 -0.111458 -0.112247
0.298362 -0.057107 0.13825 0.120642 -0.018242
0.298362 -0.057107 0.13825 0.120642 -0.018242
0.264395 -0.071353 0.119265 -0.047405 -0.178034
0.264395 -0.071353 0.119265 -0.047405 -0.178034
0.200269 -0.180793 0.013692 -0.254969 -0.17676
0.175893 -0.178818 0.009046 -0.003526 0.105187
0.175893 -0.178818 0.009046 -0.003526 0.105187
0.217631 -0.102899 -9.6e-05 -0.192395 0.004576
0.187194 -0.193931 -0.069151 -0.366666 0.043045
0.187194 -0.193931 -0.069151 -0.366666 0.043045
0.192198 -0.225752 -0.063371 -0.422657 -0.032523
0.192198 -0.225752 -0.063371 -0.422657 -0.032523
0.081289 -0.328941 -0.079571 0.032347 0.201741
0.062601 -0.350719 -0.061812 0.189491 0.367895
0.061344 -0.303642 -0.066661 0.080766 0.385127
0.085276 -0.382695 -0.073196 0.188906 0.348047
0.085276 -0.382695 -0.073196 0.188906 0.348047
0.085276 -0.382695 -0.073196 0.188906 0.348047
0.142771 -0.175816 0.017364 -0.127384 -0.13921
0.070065 -0.322553 -0.015665 0.132416 0.15827
0.168518 -0.211717 -0.030329 -0.243807 0.014171
0.188028 -0.238946 -0.00282 -0.201342 -0.036642
0.276295 -0.100867 0.130825 -0.061085 -0.266909
0.276295 -0.100867 0.130825 -0.061085 -0.266909
0.28797 -0.029849 0.154221 -0.113635 -0.33324
0.28797 -0.029849 0.154221 -0.113635 -0.33324
0.28797 -0.029849 0.154221 -0.113635 -0.33324
0.28797 -0.029849 0.154221 -0.113635 -0.33324
0.302331 0.011442 0.161811 -0.0576 -0.197447
0.266062 -0.09262 0.120459 0.065924 -0.000908
0.176556 -0.177425 0.102875 0.093375 -0.072908
0.324918 0.041491 0.227592 0.380589 0.03802
0.202782 -0.072985 0.146389 0.244427 -0.106143
0.304134 -0.089913 0.138217 0.02838 -0.143203
0.257519 -0.0896 0.091727 0.120943 0.024389
0.252234 -0.113048 0.094584 0.066667 0.032228
0.252234 -0.113048 0.094584 0.066667 0.032228
0.210597 -0.132484 0.074342 -0.061119 -0.129047
0.326487 -0.014755 0.165013 -0.031642 -0.221814
0.268659 -0.03113 0.186551 0.098284 -0.192144
0.156504 -0.188278 0.092944 0.329287 0.196515
0.258293 -0.11247 0.084697 -0.060367 -0.025208
0.150495 -0.17326 -0.050493 -0.222594 0.172095
0.107093 -0.337108 -0.107055 -0.410997 0.150017
0.204025 -0.205254 -0.01716 -0.44174 -0.10706
0.204025 -0.205254 -0.01716 -0.44174 -0.10706
0.204025 -0.205254 -0.01716 -0.44174 -0.10706
0.204025 -0.205254 -0.01716 -0.44174 -0.10706
0.204025 -0.205254 -0.01716 -0.44174 -0.10706
0.204025 -0.205254 -0.01716 -0.44174 -0.10706
0.158186 -0.187937 -0.003882 -0.431383 -0.236617
0.158186 -0.187937 -0.003882 -0.431383 -0.236617
0.157932 -0.192497 0.016631 -0.215979 -0.059997
0.218256 0.02491 0.15208 0.017444 -0.134071
0.284618 -0.008235 0.213205 0.029762 -0.342024
0.347497 0.071923 0.262998 0.257557 -0.176178
0.265864 -0.087763 0.168562 0.239114 -0.023424
0.017961 -0.394436 -0.064862 0.093887 0.246734
0.033814 -0.383095 -0.118849 -0.283611 0.111117
0.033814 -0.383095 -0.118849 -0.283611 0.111117
0.03056 -0.328184 -0.120536 -0.389496 0.014795
0.03056 -0.328184 -0.120536 -0.389496 0.014795
0.03056 -0.328184 -0.120536 -0.389496 0.014795
0.03056 -0.328184 -0.120536 -0.389496 0.014795
0.03056 -0.328184 -0.120536 -0.389496 0.014795
0.03056 -0.328184 -0.120536 -0.389496 0.014795
0.074968 -0.294852 -0.024439 -0.022279 0.07106
0.13854 -0.349126 -0.005417 0.051489 0.121598
0.237406 -0.23581 0.012013 -0.259545 -0.09956
0.27545 -0.09383 0.022893 -0.360713 -0.114272
0.26737 -0.042078 0.062082 -0.213636 -0.135194
0.19362 -0.168603 -0.007534 -0.334437 -0.098423
0.19362 -0.168603 -0.007534 -0.334437 -0.098423
0.237568 -0.20591 0.067623 -0.165472 -0.164358
0.245715 -0.211143 0.075452 -0.032955 0.013648
0.21772 -0.158923 0.103494 0.237801 0.176036
0.220477 -0.095707 0.06675 -0.135811 -0.060189
0.310611 -0.023454 0.134072 0.101963 0.012991
0.237264 -0.097196 0.09784 0.287016 0.143033
0.237264 -0.097196 0.09784 0.287016 0.143033
0.259583 -0.107129 0.10251 0.264395 0.117067
0.259583 -0.107129 0.10251 0.264395 0.117067
0.259583 -0.107129 0.10251 0.264395 0.117067
0.237379 -0.095692 0.099461 0.086803 0.007823
0.237379 -0.095692 0.099461 0.086803 0.007823
0.237379 -0.095692 0.099461 0.086803 0.007823
0.272837 -0.082103 0.08648 -0.079839 -0.090883
0.309213 -0.073729 0.127559 0.053175 -0.085709
0.263707 -0.065178 0.07248 0.14109 0.201658
0.161542 -0.210933 -0.100529 -0.410444 0.151909
0.06187 -0.442128 -0.112308 -0.247019 0.100569
0.06187 -0.442128 -0.112308 -0.247019 0.100569
0.064222 -0.332413 -0.096009 -0.15689 0.258562
0.064222 -0.332413 -0.096009 -0.15689 0.258562
0.064222 -0.332413 -0.096009 -0.15689 0.258562
0.064222 -0.332413 -0.096009 -0.15689 0.258562
0.064222 -0.332413 -0.096009 -0.15689 0.258562
0.033582 -0.255629 -0.126397 0.057633 0.575229
0.033582 -0.255629 -0.126397 0.057633 0.575229
-0.071938 -0.393798 -0.187058 -0.016974 0.467926
-0.071938 -0.393798 -0.187058 -0.016974 0.467926
-0.035362 -0.356501 -0.16482 0.035608 0.459187
0.033069 -0.433128 -0.159512 -0.057686 0.332288
0.033069 -0.433128 -0.159512 -0.057686 0.332288
0.019521 -0.463298 -0.18034 -0.210291 0.284237
0.019521 -0.463298 -0.18034 -0.210291 0.284237
0.124153 -0.413459 -0.080066 -0.07409 0.13997
0.091248 -0.440638 -0.087101 -0.133435 0.012845
0.083374 -0.35263 -0.119169 -0.282326 0.040637
0.125807 -0.305378 -0.10922 -0.398581 0.041398
0.213166 -0.217987 -0.00384 0.077672 0.1979
0.230812 -0.211504 0.00219 -0.239564 -0.105022
0.198283 -0.295263 -0.048929 0.027988 0.217205
0.198283 -0.295263 -0.048929 0.027988 0.217205
0.175682 -0.08526 -0.041957 -0.332343 -0.072219
0.302894 -0.002314 0.080731 -0.152641 -0.134667
0.26337 -0.053461 0.025612 -0.273138 0.006408
0.26337 -0.053461 0.025612 -0.273138 0.006408
0.24477 -0.07149 0.011948 -0.251027 0.018753
0.194016 -0.110493 0.023763 -0.306744 -0.066614
0.194016 -0.110493 0.023763 -0.306744 -0.066614
0.194016 -0.110493 0.023763 -0.306744 -0.066614
0.136624 -0.249536 -0.082384 -0.191428 0.291571
0.21772 -0.112256 0.074097 -0.081477 -0.005561
0.21772 -0.112256 0.074097 -0.081477 -0.005561
0.228264 -0.151667 0.083659 0.044847 0.073477
0.167465 -0.199803 0.048258 -0.056783 0.037672
0.191582 -0.092935 0.098568 -0.026461 -0.229652
0.138185 -0.210988 0.034545 -0.025311 -0.186856
0.076475 -0.331501 -0.052219 -0.061684 0.079525
0.158517 -0.250217 0.022851 0.029674 0.068523
0.158517 -0.250217 0.022851 0.029674 0.068523
0.232658 -0.180302 0.108945 0.107129 -0.130418
0.142071 -0.182179 -0.003962 -0.260222 -0.14998
0.13462 -0.200314 -0.025117 0.018685 0.229298
0.096476 -0.216826 -0.081123 -0.190844 0.159157
0.251757 -0.159271 0.036248 -0.088299 0.050207
0.244484 -0.115816 0.051215 -0.024182 0.081926
0.301861 -0.077459 0.065845 -0.256888 -0.133291
0.301861 -0.077459 0.065845 -0.256888 -0.133291
0.301324 -0.160316 0.036279 -0.263846 -0.072706
0.2465 -0.144909 0.070235 0.073619 0.058408
0.06411 -0.388321 -0.062625 0.221559 0.361761
0.134448 -0.346917 -0.048037 0.057295 0.27154
0.208582 -0.217393 0.013196 -0.155628 -0.065505
0.226082 -0.228277 0.033963 -0.060688 -0.011089
0.225118 -0.230482 0.069462 -0.03389 -0.04388
0.225118 -0.230482 0.069462 -0.03389 -0.04388
0.277197 -0.136989 0.102804 -0.175572 -0.245237
0.220665 -0.219828 0.043672 -0.344148 -0.303596
0.220665 -0.219828 0.043672 -0.344148 -0.303596
0.193083 -0.178039 0.104618 0.249561 0.065041
0.164228 -0.205648 0.061406 0.083701 -0.027279
0.303414 0.00975 0.172751 0.024993 -0.219681
0.1714 -0.147274 0.057799 0.064865 0.087201
0.192404 -0.13959 0.020202 -0.191984 0.015516
0.214776 -0.089752 0.030723 -0.093606 0.050969
0.214776 -0.089752 0.030723 -0.093606 0.050969
0.223895 -0.079677 0.052235 -0.042055 0.001854
0.202663 -0.113613 0.019812 -0.143012 0.039008
0.18617 -0.124028 0.003753 0.077136 0.254226
0.192682 -0.15995 0.044181 -0.001711 0.019758
0.192682 -0.15995 0.044181 -0.001711 0.019758
0.230108 -0.141395 0.059573 -0.138396 -0.032351
0.230108 -0.141395 0.059573 -0.138396 -0.032351
0.230108 -0.141395 0.059573 -0.138396 -0.032351
0.236327 -0.099054 0.044783 -0.412488 -0.304379
0.236327 -0.099054 0.044783 -0.412488 -0.304379
0.171485 -0.198241 -0.042076 -0.352345 -0.010051
0.273273 -0.063337 0.090105 -0.106368 -0.084592
0.230011 -0.107743 0.056718 -0.153916 -0.038044
0.201832 -0.117255 0.087428 -0.133026 -0.16076
0.039455 -0.228301 0.007998 -0.090313 -0.098289
0.109187 -0.095633 0.048344 -0.248061 -0.263916
0.139159 -0.093562 0.103411 -0.100558 -0.325151
0.053226 -0.206628 0.037024 0.213032 0.130034
0.053226 -0.206628 0.037024 0.213032 0.130034
0.073546 -0.161046 0.038395 0.202104 0.151058
0.158983 -0.081375 0.092314 0.260256 0.096643
0.170426 -0.128123 0.069448 0.113548 0.051853
0.194054 -0.083627 0.07366 0.174376 0.141186
0.240221 -0.105461 0.08043 -0.059825 -0.016752
0.100339 -0.248415 0.00331 0.03539 0.091687
0.118252 -0.144589 0.022224 -0.104046 -0.07999
0.055038 -0.288679 -0.043175 -0.140396 0.034314
0.055038 -0.288679 -0.043175 -0.140396 0.034314
0.15206 -0.251594 0.002357 -0.005764 0.092414
0.15206 -0.251594 0.002357 -0.005764 0.092414
0.15206 -0.251594 0.002357 -0.005764 0.092414
0.15206 -0.251594 0.002357 -0.005764 0.092414
0.15206 -0.251594 0.002357 -0.005764 0.092414
0.222738 -0.179127 0.071992 -0.130525 -0.275988
0.222738 -0.179127 0.071992 -0.130525 -0.275988
0.244363 -0.217345 0.085925 0.090976 -0.018955
0.112815 -0.361183 -0.091217 -0.053765 0.272708
0.15257 -0.276293 -0.077066 -0.240942 0.113679
0.200907 -0.154236 0.028157 -0.169638 0.058273
0.267527 -0.028853 0.100155 -0.02529 -0.009539
0.267527 -0.028853 0.100155 -0.02529 -0.009539
0.267527 -0.028853 0.100155 -0.02529 -0.009539
0.216755 -0.12278 0.027451 -0.197746 -0.088389
0.268087 -0.111234 0.041666 -0.167069 -0.035513
0.133729 -0.249327 -0.050427 -0.075502 0.173417
0.133729 -0.249327 -0.050427 -0.075502 0.173417
0.133729 -0.249327 -0.050427 -0.075502 0.173417
0.208992 -0.2157 0.024552 0.115041 0.137918
0.208992 -0.2157 0.024552 0.115041 0.137918
0.160427 -0.155346 0.054306 0.245418 0.134627
0.214971 -0.103228 0.099451 0.321776 0.229934
0.32143 0.079944 0.188358 0.372752 0.138669
0.32143 0.079944 0.188358 0.372752 0.138669
0.363008 0.064264 0.193909 0.139693 0.005387
0.343534 0.042392 0.24057 0.274348 -0.111143
0.24802 -0.083376 0.106652 0.126934 0.127467
0.225117 -0.067038 0.080288 0.010735 0.051991
0.280514 -0.063044 0.077389 -0.433885 -0.356092
0.193306 -0.149094 0.027323 -0.327362 -0.194816
0.193306 -0.149094 0.027323 -0.327362 -0.194816
0.193306 -0.149094 0.027323 -0.327362 -0.194816
0.193306 -0.149094 0.027323 -0.327362 -0.194816
0.152307 -0.241706 0.016113 -0.205993 -0.080543
0.152307 -0.241706 0.016113 -0.205993 -0.080543
0.165735 -0.196969 0.025258 0.00641 0.133464
0.165735 -0.196969 0.025258 0.00641 0.133464
0.220411 -0.138136 0.07257 0.230966 0.166074
0.209076 -0.108198 0.044035 0.135395 0.134989
0.225216 -0.044444 0.071872 -0.039792 -0.01686
0.273944 -0.042943 0.079353 -0.068676 -0.004471
0.229881 -0.140023 0.015908 0.026293 0.14668
0.229881 -0.140023 0.015908 0.026293 0.14668
0.225635 -0.167528 0.056969 -0.037993 0.003103
0.042439 -0.38689 -0.077901 -0.013095 0.214479
0.042439 -0.38689 -0.077901 -0.013095 0.214479
0.126692 -0.353257 -0.051593 -0.213426 -0.006333
0.185742 -0.278351 0.002017 -0.02268 0.104461
0.197555 -0.159037 0.103829 0.089515 -0.109124
0.192937 -0.066466 0.120959 -0.09638 -0.198523
0.248891 0.002793 0.119207 -0.127376 -0.23195
0.251973 -0.047958 0.121936 -0.056265 -0.164135
0.210955 -0.063206 0.108595 0.112886 0.06317
0.165296 -0.212812 -0.020243 -0.083477 0.163451
0.159748 -0.200694 0.025959 0.052962 0.095757
0.213658 -0.118935 0.080324 0.09906 0.036095
0.213658 -0.118935 0.080324 0.09906 0.036095
0.194219 -0.071907 0.129128 0.060077 -0.148975
0.194369 -0.179238 0.083736 0.165619 0.016379
0.194369 -0.179238 0.083736 0.165619 0.016379
0.225481 -0.172239 0.042136 0.044431 0.105287
0.183837 -0.237532 0.038477 -0.009604 0.009864
0.180778 -0.19223 0.010029 -0.127287 0.031263
0.180452 -0.154421 0.000217 -0.22494 -0.038159
0.242066 -0.121723 0.086408 0.051633 -0.034326
0.205227 -0.144515 0.042626 -0.074651 0.043672
0.205227 -0.144515 0.042626 -0.074651 0.043672
0.138435 -0.209269 -0.044648 -0.304113 -0.034526
0.138435 -0.209269 -0.044648 -0.304113 -0.034526
0.153258 -0.147142 0.007501 -0.278089 -0.142825
0.184278 -0.102614 0.093239 0.163526 -0.041718
0.184528 -0.120794 0.094663 0.319567 0.101755
0.184528 -0.120794 0.094663 0.319567 0.101755
0.159237 -0.116591 0.090079 0.265216 0.154516
0.142704 -0.207759 0.018192 0.044686 0.145054
0.190067 -0.145574 0.04434 -0.176888 -0.083377
0.148794 -0.144709 0.06872 0.350996 0.261087
0.148794 -0.144709 0.06872 0.350996 0.261087
0.11794 -0.209204 0.043901 0.28852 0.23045
0.11794 -0.209204 0.043901 0.28852 0.23045
0.164226 -0.218491 0.051647 0.243493 0.190513
0.164226 -0.218491 0.051647 0.243493 0.190513
0.237088 -0.113279 0.131715 0.297555 0.067601
0.131686 -0.181766 0.069553 0.325256 0.211357
0.185806 -0.158906 0.059556 0.290089 0.224192
0.185806 -0.158906 0.059556 0.290089 0.224192
0.198744 -0.059014 0.130359 0.171315 -0.047961
0.171386 -0.252476 -0.055785 -0.013172 0.190113
-0.020408 -0.397899 -0.138696 0.139075 0.426155
0.118225 -0.194708 -0.04784 -0.301036 -0.080813
0.158572 -0.198565 -0.014989 0.047286 0.172774
0.170044 -0.13202 0.029863 -0.002902 0.019576
0.237134 -0.025317 0.077125 0.010862 0.022964
0.175491 -0.09102 0.05497 -0.085834 -0.067543
0.175491 -0.09102 0.05497 -0.085834 -0.067543
0.175491 -0.09102 0.05497 -0.085834 -0.067543
0.175491 -0.09102 0.05497 -0.085834 -0.067543
0.175491 -0.09102 0.05497 -0.085834 -0.067543
0.175491 -0.09102 0.05497 -0.085834 -0.067543
0.167182 -0.162125 0.068666 -0.124359 -0.240669
0.300549 -0.049734 0.12852 -0.121621 -0.26031
0.300549 -0.049734 0.12852 -0.121621 -0.26031
0.232483 -0.091532 0.011885 -0.355368 -0.148016
0.232483 -0.091532 0.011885 -0.355368 -0.148016
0.136157 -0.173105 -0.055906 -0.317361 0.043373
0.136157 -0.173105 -0.055906 -0.317361 0.043373
0.136157 -0.173105 -0.055906 -0.317361 0.043373
0.136157 -0.173105 -0.055906 -0.317361 0.043373
0.093113 -0.202691 0.011403 0.167796 0.201659
0.171743 -0.105727 0.040188 -0.136359 -0.089202
0.174867 -0.141046 -0.007641 -0.068116 0.182132
0.174867 -0.141046 -0.007641 -0.068116 0.182132
0.121018 -0.258475 -0.049605 -0.103707 0.119363
0.17755 -0.215293 -0.009334 -0.032755 0.071328
0.09489 -0.394818 -0.084946 0.102913 0.352859
0.09489 -0.394818 -0.084946 0.102913 0.352859
0.09489 -0.394818 -0.084946 0.102913 0.352859
0.051113 -0.422969 -0.076102 -0.034071 0.245119
0.208969 -0.302588 0.041929 0.014937 0.073512
0.177397 -0.391465 -0.045796 0.010288 0.20429
0.208658 -0.333152 0.004585 0.077713 0.174539
0.219751 -0.253909 0.050984 0.156855 0.128252
0.219751 -0.253909 0.050984 0.156855 0.128252
0.268172 -0.105597 0.073885 0.169828 0.188681
0.295818 -0.102675 0.083791 0.097671 0.089273
0.179801 -0.278214 0.019083 0.016812 0.069901
0.210077 -0.155869 0.018536 -0.277926 -0.059551
0.199106 -0.112139 0.031686 -0.067854 0.078634
0.185764 -0.137889 -0.004642 -0.392411 -0.121808
0.204318 -0.144661 0.023338 -0.335216 -0.153336
0.255595 0.016996 0.070967 -0.230991 -0.098447
0.180068 -0.065107 -0.011732 -0.529225 -0.197662
0.180068 -0.065107 -0.011732 -0.529225 -0.197662
0.180068 -0.065107 -0.011732 -0.529225 -0.197662
0.151684 -0.218497 -0.028798 -0.147393 0.049533
0.151684 -0.218497 -0.028798 -0.147393 0.049533
0.151684 -0.218497 -0.028798 -0.147393 0.049533
0.032921 -0.342497 -0.110021 -0.265208 0.134989
0.032921 -0.342497 -0.110021 -0.265208 0.134989
0.217981 -0.106626 -0.016355 -0.395855 -0.029275
0.219757 -0.164507 -0.009888 -0.190045 0.127004
0.208589 -0.142623 0.012511 0.124765 0.360768
0.208589 -0.142623 0.012511 0.124765 0.360768
0.155812 -0.249674 -0.046267 -0.109321 0.261515
0.214332 -0.136004 0.019963 0.001209 0.215796
0.179573 -0.180408 -0.039139 -0.133015 0.191047
0.131839 -0.258466 -0.096216 -0.332313 0.148048
0.131839 -0.258466 -0.096216 -0.332313 0.148048
0.172337 -0.167877 -0.00956 0.122881 0.232736
0.262718 -0.043793 0.107084 0.051004 -0.095011
0.142062 -0.111699 0.037908 -0.083623 -0.092674
0.142062 -0.111699 0.037908 -0.083623 -0.092674
0.264323 -0.024107 0.066282 -0.310488 -0.28161
0.264323 -0.024107 0.066282 -0.310488 -0.28161
0.264323 -0.024107 0.066282 -0.310488 -0.28161
0.210591 -0.111746 0.076004 0.103204 0.027584
0.210591 -0.111746 0.076004 0.103204 0.027584
0.272099 -0.188934 0.088413 -0.040054 -0.073292
0.272099 -0.188934 0.088413 -0.040054 -0.073292
0.272099 -0.188934 0.088413 -0.040054 -0.073292
0.186375 -0.194892 0.009386 -0.12316 0.088997
0.232781 -0.03689 0.137174 -0.03428 -0.181123
0.037401 -0.235421 -0.054305 -0.030119 0.147951
0.205533 -0.029799 0.051215 -0.26903 -0.136489
0.205533 -0.029799 0.051215 -0.26903 -0.136489
0.205533 -0.029799 0.051215 -0.26903 -0.136489
0.288887 -0.021804 0.1402 0.018264 -0.063336
0.205855 -0.102848 0.097144 0.027519 -0.018052
0.246985 -0.041641 0.153546 0.250777 0.129499
0.231215 -0.068463 0.148498 0.183883 0.054856
0.210815 -0.07233 0.086677 -0.009716 -0.088333
0.168734 -0.16204 0.062267 -0.065749 -0.117968
0.14744 -0.153238 0.010478 -0.14692 -0.076542
0.14744 -0.153238 0.010478 -0.14692 -0.076542
0.269842 -0.099957 0.033614 -0.189155 -0.027137
0.21477 -0.051785 0.043486 -0.273906 -0.18824
0.21477 -0.051785 0.043486 -0.273906 -0.18824
0.265338 -0.110009 0.035097 -0.385323 -0.130375
0.265338 -0.110009 0.035097 -0.385323 -0.130375
0.26872 -0.033996 0.042872 -0.305702 -0.168212
0.138926 -0.21336 -0.077328 -0.388641 0.180173
0.138926 -0.21336 -0.077328 -0.388641 0.180173
0.138926 -0.21336 -0.077328 -0.388641 0.180173
0.138926 -0.21336 -0.077328 -0.388641 0.180173
0.138926 -0.21336 -0.077328 -0.388641 0.180173
0.040936 -0.278383 -0.128031 -0.447552 0.11254
0.184924 -0.181711 0.032541 0.18483 0.202651
0.184924 -0.181711 0.032541 0.18483 0.202651
0.176169 -0.125003 -0.024318 -0.295341 0.039066
0.176169 -0.125003 -0.024318 -0.295341 0.039066
0.140609 -0.123139 0.006969 -0.015942 0.059185
0.133801 -0.140335 0.081267 0.157849 -0.02162
0.256702 0.007203 0.103453 -0.060659 -0.1493
0.077196 -0.196111 -0.018398 -0.255952 -0.161099
0.10148 -0.297454 -0.077771 -0.260591 0.066748
0.087176 -0.347574 -0.049795 0.157969 0.303513
0.087176 -0.347574 -0.049795 0.157969 0.303513
0.135961 -0.301692 -0.050101 -0.138654 0.040933
0.264475 -0.143744 0.022581 -0.436874 -0.256005
0.125647 -0.223934 -0.033315 -0.205365 -0.005973
0.112049 -0.319666 -0.02334 -0.034065 0.006169
0.184325 -0.204167 0.035515 -0.197511 -0.295671
0.259795 -0.148601 0.053875 -0.253085 -0.248747
0.259795 -0.148601 0.053875 -0.253085 -0.248747
0.259795 -0.148601 0.053875 -0.253085 -0.248747
0.259795 -0.148601 0.053875 -0.253085 -0.248747
0.259795 -0.148601 0.053875 -0.253085 -0.248747
0.259795 -0.148601 0.053875 -0.253085 -0.248747
0.259795 -0.148601 0.053875 -0.253085 -0.248747
0.259795 -0.148601 0.053875 -0.253085 -0.248747
0.225567 -0.191478 0.055676 0.182285 0.096607
0.174629 -0.250039 -0.016278 -0.049151 0.12201
0.262585 -0.107649 0.111301 0.105979 -0.045363
