-903.4318
-721.0737
-721.0567
-720.4735
-720.405
-721.7233
-721.7233
-721.3689
-721.3689
-720.0105
-721.2362
-720.589
-719.5804
-719.5804
-721.9595
-721.9595
-721.9595
-723.2248
-723.2248
-721.3984
-721.3549
-721.3549
-721.3549
-720.2902
-719.7404
-720.3174
-720.3174
-721.124
-720.4161
-720.4161
-719.7578
-719.7578
-719.7578
-719.7578
-719.7578
-720.4819
-720.4819
-720.2733
-722.3235
-722.9986
-721.5531
-721.5531
-721.5531
-721.5531
-720.9884
-720.9884
-720.9884
-720.9884
-720.7493
-720.0495
-720.0495
-719.552
-719.552
-720.7015
-720.7015
-724.3041
-720.5918
-720.5918
-719.2266
-719.8368
-720.043
-719.8639
-719.4975
-719.8477
-719.8477
-719.5954
-720.1574
-720.1574
-720.1574
-720.9164
-720.0337
-719.251
-719.1359
-719.1359
-719.1359
-719.1359
-721.7063
-722.8232
-722.8232
-721.495
-721.8635
-723.7259
-721.6782
-721.6782
-721.6782
-721.6782
-721.6782
-722.6615
-722.7888
-722.0202
-722.0202
-722.0202
-722.0202
-722.3233
-722.9512
-722.3631
-721.1752
-720.8913
-719.8405
-720.3441
-720.3441
-719.4591
-719.4591
-719.4591
-720.5095
-720.7399
-720.7399
-720.2142
-719.934
-720.9247
-720.9247
-720.9247
-719.5593
-719.5593
-719.999
-720.4864
-720.4864
-720.0254
-719.4164
-719.2392
-719.2392
-719.2392
-719.2392
-719.2392
-719.2392
-720.3441
-720.3441
-720.3441
-720.3441
-720.3441
-720.3441
-720.3441
-721.4882
-721.4882
-721.4882
-720.3534
-720.3534
-719.4049
-719.4049
-719.4049
-719.9802
-720.9027
-720.5292
-724.5581
-720.3301
-720.3301
-720.3301
-721.2637
-720.7722
-722.6766
-721.3911
-720.526
-721.526
-720.4791
-721.0129
-719.9863
-719.434
-720.6515
-720.3736
-720.4409
-719.9072
-720.1514
-720.1514
-720.1514
-719.5041
-720.1592
-720.4694
-720.4694
-720.7427
-720.7427
-719.6205
-721.305
-720.2978
-720.2978
-719.8106
-721.6421
-723.7884
-721.5043
-719.5728
-719.2888
-719.3023
-722.7786
-722.7786
-722.7786
-720.7404
-720.7404
-720.7404
-720.8503
-721.0213
-721.0213
-721.0213
-721.0213
-721.0213
-719.7087
-719.7087
-719.3055
-719.7147
-720.6529
-720.6529
-720.6529
-722.3749
-721.4594
-719.7445
-720.9748
-720.7743
-720.7743
-720.0508
-720.0508
-720.0508
-719.8928
-719.6922
-720.0946
-719.5739
-722.0565
-721.5622
-721.5622
-720.9573
-720.9609
-719.9669
-720.2138
-719.3466
-719.9072
-719.8814
-721.1369
-721.1369
-720.852
-720.4888
-719.3791
-719.7236
-720.1489
-720.3809
-720.0774
-719.4412
-719.8912
-721.3415
-722.0807
-720.3022
-720.8997
-720.5805
-722.1647
-722.1332
-721.3037
-721.3037
-722.9486
-720.9788
-721.4955
-720.6994
-720.6994
-720.6994
-720.3014
-720.3014
-720.3014
-720.7558
-719.57
-721.9923
-719.7483
-719.7483
-719.8676
-720.647
-720.2428
-720.4203
-720.4203
-721.0044
-720.3257
-722.3072
-719.9136
-722.2131
-722.1107
-720.9121
-721.0092
-721.436
-721.436
-720.842
-719.8308
-720.3376
-720.3376
-719.8774
-719.8959
-719.7455
-719.7455
-719.7455
-719.9436
-719.9436
-719.977
-719.977
-720.1549
-720.484
-720.3358
-720.6153
-720.2094
-720.3313
-719.7351
-719.3642
-719.3642
-719.3642
-719.3642
-719.2618
-719.2618
-719.4503
-719.7193
-719.49
-719.49
-719.49
-721.7665
-721.7665
-721.7665
-721.7665
-721.4156
-720.9299
-721.325
-720.1893
-720.3101
-720.3101
-719.8761
-723.7893
-723.7893
-722.7598
-720.6338
-721.7619
-720.2637
-720.2637
-719.4273
-719.4273
-719.4273
-719.4273
-719.4273
-721.1046
-719.7201
-719.7201
-719.7201
-720.1891
-720.9441
-720.4516
-721.2639
-721.2639
-721.8317
-719.6145
-719.3316
-719.3316
-719.3316
-719.3316
-719.3316
-719.3316
-719.3316
-719.3316
-719.3316
-719.3316
-719.3316
-719.3316
-719.3316
-719.3316
-719.3316
-719.3316
-719.3316
-719.3316
-719.3978
-719.3978
-719.3978
-720.9138
-722.4165
-719.5309
-721.2723
-720.2721
-719.6908
-719.6908
-719.6908
-719.6908
-719.8199
-720.9156
-719.4033
-719.4033
-719.4033
-719.4033
-720.6918
-721.1678
-720.7802
-719.8009
-721.8805
-721.2938
-720.6535
-720.1125
-722.3077
-722.9597
-720.5416
-720.5416
-722.1672
-722.1672
-721.5721
-721.5076
-721.5076
-720.7594
-719.3876
-719.3876
-720.1216
-720.9025
-720.9025
-720.9025
-720.9025
-720.9025
-720.9025
-720.9025
-720.9025
-720.9025
-720.9025
-719.322
-719.322
-721.0786
-721.0786
-720.9823
-720.9009
-720.9009
-720.9009
-719.5712
-719.5712
-719.5712
-719.5712
-719.5712
-720.7328
-720.7328
-721.5773
-722.0391
-722.2957
-722.2957
-722.2957
-722.2957
-722.2957
-721.307
-721.6629
-720.6304
-720.6304
-720.93
-720.8878
-720.4658
-720.9241
-720.9241
-720.9241
-719.566
-719.4825
-720.4504
-720.4504
-721.7842
-721.7842
-720.7847
-720.8621
-719.5281
-719.7638
-719.7638
-720.5871
-720.0602
-722.9231
-720.9133
-721.2062
-721.0048
-721.2943
-720.1734
-720.1734
-720.1734
-720.42
-720.4005
-720.4005
-720.5593
-719.7114
-719.7114
-719.7114
-719.7114
-721.3183
-721.3183
-721.4626
-720.0465
-720.0465
-720.0465
-720.0465
-720.0465
-720.0465
-720.0465
-720.0465
-720.4116
-720.4116
-720.4116
-720.4116
-720.4116
-720.221
-719.5102
-719.1685
-719.1685
-719.1685
-719.3044
-719.3044
-719.3044
-719.3646
-719.4065
-719.4065
-719.4666
-720.8048
-720.8048
-720.7665
-720.5437
-720.7313
-720.7313
-720.7951
-720.7951
-720.3099
-720.3099
-720.3476
-719.9827
-722.2511
-723.0212
-723.0212
-722.8364
-722.3278
-721.5636
-720.3294
-720.3294
-720.3301
-720.0899
-720.0725
-719.396
-719.396
-719.7719
-720.3403
-719.3598
-720.2192
-720.2192
-720.2192
-720.2192
-720.4476
-720.7349
-720.1336
-720.2934
-720.2934
-720.7646
-720.7646
-720.2669
-721.2905
-721.2905
-721.2905
-721.7197
-719.0552
-719.6955
-720.0099
-720.0099
-719.9925
-722.1367
-720.235
-720.235
-720.235
-720.235
-720.235
-719.8035
-720.3412
-720.1002
-720.8963
-720.8042
-720.1346
-720.1346
-721.9042
-720.4814
-720.4814
-719.4824
-719.4824
-719.7215
-719.7215
-720.2068
-722.2939
-720.6579
-721.7645
-721.7645
-722.3302
-722.3302
-721.955
-719.7477
-719.7477
-719.8329
-719.8329
-721.2496
-721.879
-723.2793
-723.2793
-720.8762
-720.6818
-720.313
-720.9746
-721.4378
-721.2917
-720.4518
-720.4518
-720.0637
-720.0637
-720.0856
-720.2691
-720.2691
-719.5434
-719.5434
-721.0621
-720.3748
-721.3434
-721.3434
-721.1122
-721.1122
-721.1122
-720.8684
-720.8684
-721.8636
-721.8636
-720.1625
-720.848
-722.0443
-722.0443
-720.5606
-720.5606
-720.8094
-720.8094
-719.6562
-719.6562
-720.0513
-721.6472
-719.8986
-720.0828
-720.2608
-720.2234
-720.2234
-719.592
-721.0998
-721.0998
-721.0998
-720.555
-719.7768
-719.7677
-719.7677
-719.7677
-719.7677
-721.2617
-720.8269
-720.8269
-720.8269
-720.4447
-721.5174
-721.3487
-721.3487
-721.3487
-721.332
-721.332
-721.332
-720.5589
-720.5589
-720.2716
-720.2716
-720.2716
-721.3494
-721.3494
-721.3494
-721.3494
-721.3494
-721.3494
-721.3494
-720.0811
-720.0811
-719.6936
-721.1335
-721.1335
-720.4336
-720.9444
-720.9447
-721.5383
-721.0266
-719.8534
-719.8534
-719.832
-719.832
-720.1258
-721.819
-721.819
-719.6293
-719.6293
-719.7481
-719.7481
-719.7481
-719.7481
-720.8479
-719.8357
-722.0603
-720.7675
-722.3581
-720.4064
-720.4064
-720.2865
-720.2865
-720.2865
-720.2865
-719.6738
-720.4583
-720.1967
-721.2036
-721.6639
-720.114
-720.114
-720.0772
-720.0772
-720.7055
-721.5075
-721.5075
-720.9801
-720.9709
-722.3007
-719.8768
-719.8768
-719.8768
-719.2416
-719.2416
-719.9648
-720.8138
-720.8138
-720.5228
-721.5856
-720.23
-720.23
-720.23
-721.9027
-722.1256
-720.8356
-721.8341
-721.7885
-721.7885
-724.2913
-724.1622
-723.5041
-720.0211
-720.0211
-721.297
-720.8677
-719.9401
-720.7629
-720.8771
-720.8771
-720.8968
-721.2051
-719.9417
-720.4674
-720.4584
-721.0704
-720.9241
-721.186
-721.186
-721.186
-721.255
-721.6638
-720.4452
-720.4452
-720.3576
-723.0368
-723.0368
-721.5593
-719.797
-719.922
-720.205
-719.5938
-719.5318
-719.258
-719.258
-721.2282
-720.2093
-721.1506
-719.9146
-719.642
-719.642
-720.9505
-720.9505
-720.636
-720.636
-720.636
-720.0805
-720.0805
-720.0805
-719.4251
-720.3606
-720.3417
-720.1026
-719.9717
-719.1281
-719.1281
-719.1281
-719.5694
-719.5694
-719.8478
-719.8478
-721.1033
-719.3126
-720.6987
-719.5097
-719.5097
-719.5097
-719.5097
-720.9672
-719.6709
-719.3681
-719.3681
-720.4414
-720.1036
-719.5539
-719.2768
-719.2768
-719.2768
-719.2768
-719.2768
-719.7574
-720.2437
-721.5434
-720.1869
-720.1294
-720.426
-720.6995
-721.2709
-721.1158
-719.1678
-719.1678
-719.1678
-720.3625
-719.7239
-719.5707
-719.5707
-719.5707
-720.0058
-720.0058
-720.1083
-719.6951
-719.6257
-719.6257
-720.5981
-720.1538
-720.6625
-720.6625
-720.9555
-720.7285
-721.5597
-721.1752
-721.1752
-721.0751
-719.6312
-719.6243
-720.6357
-721.6572
-719.6665
-721.2223
-721.2223
-721.4517
-720.7768
-722.3685
-720.5012
-719.6788
-720.3136
-720.518
-719.5384
-719.5384
-720.4401
-719.9142
-720.1521
-719.7997
-719.1878
-719.1878
-719.9019
-720.0187
-720.6398
-722.4998
-722.4998
-722.2142
-720.5915
-720.0256
-720.8854
-720.2235
-719.8867
-720.1228
-720.0374
-720.0374
-719.8845
-719.8845
-719.4186
-719.4186
-719.2504
-719.2504
-720.2983
-719.993
-719.9051
-720.5844
-720.4347
-720.8524
-719.8858
-720.2693
-720.2693
-720.2693
-719.2977
-720.269
-720.1546
-721.7259
-719.8084
-721.2911
-721.9057
-723.0832
-722.0901
-721.7796
-722.3877
-722.5006
-719.8996
-719.8996
-720.304
-720.304
-720.304
-719.8284
-719.8284
-720.454
-721.5281
-720.2427
-720.2427
-720.9198
-721.4184
-719.8631
-720.149
-719.5868
-719.7995
-720.5246
-721.3915
-721.3915
-722.1791
-721.9094
-720.1804
-720.1804
-720.2988
-720.6291
-719.9219
-721.441
-721.441
-720.2699
-720.1335
-720.4156
-720.4156
-719.7732
-720.2142
-724.5866
-722.4461
-720.122
-720.122
-720.122
-720.3403
-721.1099
-720.4199
-720.0881
-719.7311
-720.1653
-719.9511
-721.8019
-720.6148
-720.6421
-720.6421
-720.0907
-720.0907
-719.9801
-719.5976
-719.3452
-719.3452
-719.3452
-719.3452
-720.3906
-722.4142
-721.3247
-721.169
-721.169
-722.929
-721.4091
-721.9357
-720.5786
-720.5786
-720.5786
-720.5786
-720.5786
-720.9411
-719.5942
-720.1917
-720.2627
-721.8769
-721.8769
-721.8769
-721.8769
-721.8769
-721.8769
-721.8769
-721.8769
-721.1304
-720.7051
-720.795
-721.3029
-721.5093
-721.5093
-720.5794
-719.653
-719.792
-721.0885
-721.0885
-719.9268
-719.4493
-720.6192
-720.4837
-719.9769
-725.5513
-723.0342
-721.3662
-720.5311
-720.6311
-720.6311
-720.597
-720.4796
-720.4796
-719.7644
-719.7644
-719.7644
-719.7644
-719.7644
-719.5549
-719.5549
-719.2639
-719.2639
-720.0476
-719.3724
-719.3724
-722.0351
-723.1701
-723.1701
-721.8672
-722.597
-720.8493
-720.8493
-722.5165
-720.991
-721.0538
-719.9597
-719.9595
-720.4455
-720.4455
-720.2307
-720.2307
-720.2307
-720.2307
-720.2307
-720.2307
-720.2307
-720.2307
-720.5102
-719.632
-719.4782
-719.4782
-719.4782
-719.4782
-719.4782
-719.4782
-719.6469
-719.4624
-721.4453
-721.5705
-720.8865
-720.9529
-720.9673
-720.9673
-720.9673
-720.9673
-720.1076
-720.1076
-720.1076
-720.0182
-720.3393
-720.3393
-720.2627
-720.6503
-720.8028
-720.8716
-721.6114
-721.975
-721.3323
-721.3323
-721.3323
-721.3323
-721.3323
-720.0535
-719.9606
-719.9606
-719.5246
-719.5246
-720.2266
-720.7542
-719.2053
-719.2053
-719.8701
-721.4891
-721.334
-720.5759
-719.8081
-720.0053
-720.1048
-719.9967
-720.2192
-719.9258
-719.9258
-719.9258
-719.9258
-719.9258
-719.9258
-719.9258
-719.9258
-719.1118
-719.1118
-719.1118
-719.1118
-719.1118
-719.1118
-719.1118
-719.1118
-719.1118
-719.1118
-719.1118
-719.1118
-719.1118
-719.1118
-719.1118
-719.1118
-719.1118
-720.6475
-720.6741
-720.6741
-720.8751
-720.0483
-720.0483
-720.0483
-720.0483
-723.2935
-724.1626
-721.7298
-722.4041
-722.4041
-720.2828
-720.2828
-720.2828
-720.2291
-723.715
-720.3216
-720.0885
-720.1719
-721.3059
-721.3059
-722.3254
-720.302
-721.1279
-720.7593
-723.474
-724.0407
-722.8402
-722.2052
-722.2052
-720.4492
-719.9536
-719.9536
-719.3936
-719.4614
-719.4614
-720.6532
-720.6532
-720.0546
-720.0546
-721.0469
-720.8314
-719.6384
-720.1632
-720.1632
-720.0387
-719.6029
-719.6029
-720.4299
-720.4299
-720.4299
-720.4299
-721.1181
-721.1181
-721.2918
-721.2918
-720.2639
-720.8089
-720.5547
-720.5547
-720.7154
-719.9803
-720.0462
-720.0462
-721.8995
-721.9104
-720.603
-720.4711
-720.4711
-720.4711
-720.4711
-720.4711
-720.4711
-720.4711
-720.4711
-721.9271
-721.8101
-721.474
-721.4828
-721.4828
-721.4828
-721.4828
-721.4828
-721.4828
-721.4003
-721.4386
-721.3787
-721.4053
-721.4053
-721.9423
-722.48
-722.48
-722.48
-722.0448
-720.6242
-719.6993
-720.369
-720.3635
-720.3635
-720.0149
-719.6288
-721.8372
-719.3024
-719.5457
-719.5457
-721.533
-721.1619
-721.1619
-721.1619
-721.1619
-722.048
-720.1531
-721.1956
-719.6347
-719.6347
-719.6347
-719.6347
-719.1144
-719.6567
-719.6567
-720.8794
-721.4081
-720.1586
-720.1586
-720.1731
-720.1731
-719.4532
-720.1255
