-0.267025 0.167464 -0.04285 0.671621 -0.330587
0.182646 -0.144058 0.078108 -0.0979 -0.311017
0.154415 -0.206271 0.038063 -0.100266 -0.226295
0.221992 -0.114129 0.127572 0.17408 -0.042889
0.185723 -0.177583 0.072221 0.122762 -0.033134
0.133808 -0.223557 -0.019073 -0.001663 0.008941
0.133808 -0.223557 -0.019073 -0.001663 0.008941
0.184143 -0.17217 -0.007628 -0.000621 0.063447
0.184143 -0.17217 -0.007628 -0.000621 0.063447
0.171841 -0.224786 -0.009935 -0.021881 0.070632
0.221856 -0.16504 0.007866 0.184889 0.329757
0.178922 -0.098186 -0.028438 -0.336567 0.01353
0.206082 -0.134256 -0.032655 -0.511026 -0.159764
0.206082 -0.134256 -0.032655 -0.511026 -0.159764
0.239181 -0.163439 0.004715 -0.238421 0.113125
0.239181 -0.163439 0.004715 -0.238421 0.113125
0.239181 -0.163439 0.004715 -0.238421 0.113125
0.148627 -0.309334 0.001646 -0.032805 0.212596
0.148627 -0.309334 0.001646 -0.032805 0.212596
0.046882 -0.463871 -0.140513 -0.32735 0.107237
0.14057 -0.249872 -0.006898 -0.064422 0.196093
0.14057 -0.249872 -0.006898 -0.064422 0.196093
0.14057 -0.249872 -0.006898 -0.064422 0.196093
0.12633 -0.250947 0.025753 0.037166 0.001359
0.151103 -0.212012 0.02529 -0.177249 -0.156993
0.137234 -0.291264 0.003428 -0.088013 -0.056083
0.137234 -0.291264 0.003428 -0.088013 -0.056083
0.036891 -0.416224 -0.094568 -0.106295 0.113152
0.151798 -0.294606 0.016368 0.235274 0.242956
0.151798 -0.294606 0.016368 0.235274 0.242956
0.22945 -0.18334 0.055322 -0.044465 -0.019113
0.22945 -0.18334 0.055322 -0.044465 -0.019113
0.22945 -0.18334 0.055322 -0.044465 -0.019113
0.22945 -0.18334 0.055322 -0.044465 -0.019113
0.22945 -0.18334 0.055322 -0.044465 -0.019113
0.318784 -0.045744 0.116 -0.170992 -0.249295
0.318784 -0.045744 0.116 -0.170992 -0.249295
0.309132 -0.021427 0.157255 -0.085983 -0.296617
0.166805 -0.152026 0.118086 0.239209 0.096612
0.120283 -0.215236 0.096442 0.200631 -0.017674
0.032958 -0.344358 -0.022522 0.218375 0.301991
0.032958 -0.344358 -0.022522 0.218375 0.301991
0.032958 -0.344358 -0.022522 0.218375 0.301991
0.032958 -0.344358 -0.022522 0.218375 0.301991
0.023493 -0.348129 -0.074683 0.13995 0.404407
0.023493 -0.348129 -0.074683 0.13995 0.404407
0.023493 -0.348129 -0.074683 0.13995 0.404407
0.023493 -0.348129 -0.074683 0.13995 0.404407
0.097661 -0.220695 -0.026865 -0.337089 -0.066297
0.208136 -0.105358 0.025786 -0.172311 0.041322
0.208136 -0.105358 0.025786 -0.172311 0.041322
0.149343 -0.189808 0.015591 -0.055283 0.065017
0.149343 -0.189808 0.015591 -0.055283 0.065017
0.224676 -0.13276 0.031239 -0.026613 -0.015405
0.224676 -0.13276 0.031239 -0.026613 -0.015405
0.347638 -0.012697 0.086185 -0.003888 0.066269
0.304859 -0.09695 0.120988 -0.170994 -0.278486
0.304859 -0.09695 0.120988 -0.170994 -0.278486
0.19398 -0.197901 -0.001141 -0.35071 -0.132845
0.290108 -0.052566 0.121315 -0.108248 -0.222983
0.263412 -0.112062 0.116506 -0.12425 -0.262209
0.265582 -0.071784 0.088889 -0.078311 -0.151529
0.18494 -0.170159 0.053438 0.093545 0.101075
0.160711 -0.27078 0.007556 0.08341 0.182502
0.160711 -0.27078 0.007556 0.08341 0.182502
0.179998 -0.245195 -0.003691 -0.203489 -0.027712
0.142596 -0.310205 -0.033125 -0.16841 0.072198
0.142596 -0.310205 -0.033125 -0.16841 0.072198
0.142596 -0.310205 -0.033125 -0.16841 0.072198
0.314089 -0.04965 0.16094 0.097492 -0.074226
0.165959 -0.241506 -0.035421 -0.136774 0.17954
0.205997 -0.1173 0.031084 -0.165694 -0.074443
0.204329 -0.132978 0.042515 -0.216154 -0.13058
0.204329 -0.132978 0.042515 -0.216154 -0.13058
0.204329 -0.132978 0.042515 -0.216154 -0.13058
0.204329 -0.132978 0.042515 -0.216154 -0.13058
0.166996 -0.078714 0.01098 -0.233151 -0.178714
0.190794 0.001289 0.072345 -0.096906 -0.157765
0.190794 0.001289 0.072345 -0.096906 -0.157765
0.104877 -0.123431 -0.032452 -0.226522 0.035678
0.134532 -0.128698 -0.020539 0.169182 0.370452
0.274605 0.024355 0.095006 0.204288 0.169685
0.133356 -0.155014 -0.012365 0.308551 0.508415
0.133356 -0.155014 -0.012365 0.308551 0.508415
0.133356 -0.155014 -0.012365 0.308551 0.508415
0.133356 -0.155014 -0.012365 0.308551 0.508415
0.133356 -0.155014 -0.012365 0.308551 0.508415
0.253991 0.004836 0.134064 0.347817 0.162777
0.214472 -0.212616 0.056761 0.321717 0.167924
0.076105 -0.35139 -0.058162 0.286582 0.356502
0.076105 -0.35139 -0.058162 0.286582 0.356502
0.076105 -0.35139 -0.058162 0.286582 0.356502
0.076105 -0.35139 -0.058162 0.286582 0.356502
0.215659 -0.234834 0.045395 0.259062 0.153671
0.336637 -0.105592 0.167503 0.268292 0.0818
0.31514 -0.094592 0.181084 0.191215 -0.033818
0.168216 -0.253157 0.072979 0.374306 0.228519
0.094495 -0.284674 0.018747 0.171363 0.127078
0.240308 -0.045962 0.093365 -0.049081 -0.103347
0.200179 -0.145961 0.105567 0.114174 -0.045271
0.200179 -0.145961 0.105567 0.114174 -0.045271
0.253431 -0.083799 0.081694 -0.084626 -0.106027
0.253431 -0.083799 0.081694 -0.084626 -0.106027
0.253431 -0.083799 0.081694 -0.084626 -0.106027
0.218334 -0.13203 0.122143 0.138181 -0.041572
0.230851 -0.083101 0.141409 0.291553 0.079012
0.230851 -0.083101 0.141409 0.291553 0.079012
0.202774 -0.140188 0.030113 -0.024512 0.16237
0.175283 -0.165973 0.024516 0.000691 0.160033
0.14016 -0.139142 0.021419 0.071218 0.056322
0.14016 -0.139142 0.021419 0.071218 0.056322
0.14016 -0.139142 0.021419 0.071218 0.056322
0.196812 -0.194726 0.036258 -0.300112 -0.259857
0.196812 -0.194726 0.036258 -0.300112 -0.259857
0.108639 -0.316056 -0.040131 -0.209837 -0.008682
0.111977 -0.326213 -0.024007 -0.153803 -0.05192
0.111977 -0.326213 -0.024007 -0.153803 -0.05192
0.133862 -0.318033 -0.071182 -0.348294 -0.034428
0.201422 -0.159348 0.017548 -0.106134 0.067933
0.157769 -0.189922 0.007395 -0.169473 -0.076005
0.157769 -0.189922 0.007395 -0.169473 -0.076005
0.157769 -0.189922 0.007395 -0.169473 -0.076005
0.157769 -0.189922 0.007395 -0.169473 -0.076005
0.157769 -0.189922 0.007395 -0.169473 -0.076005
0.157769 -0.189922 0.007395 -0.169473 -0.076005
0.054165 -0.274899 -0.118638 -0.507068 -0.025439
0.054165 -0.274899 -0.118638 -0.507068 -0.025439
0.054165 -0.274899 -0.118638 -0.507068 -0.025439
0.054165 -0.274899 -0.118638 -0.507068 -0.025439
0.054165 -0.274899 -0.118638 -0.507068 -0.025439
0.054165 -0.274899 -0.118638 -0.507068 -0.025439
0.054165 -0.274899 -0.118638 -0.507068 -0.025439
-0.009914 -0.356427 -0.176553 -0.401123 0.183909
-0.009914 -0.356427 -0.176553 -0.401123 0.183909
-0.009914 -0.356427 -0.176553 -0.401123 0.183909
0.045198 -0.299981 -0.122989 -0.43621 0.027895
0.045198 -0.299981 -0.122989 -0.43621 0.027895
0.150102 -0.207502 -0.062656 -0.396628 -0.016164
0.150102 -0.207502 -0.062656 -0.396628 -0.016164
0.150102 -0.207502 -0.062656 -0.396628 -0.016164
0.103422 -0.215958 -0.065641 -0.239728 0.040488
0.191062 -0.246828 0.012589 0.166602 0.181222
0.223351 -0.181742 0.00095 -0.11317 0.013825
0.316056 0.066489 0.083107 -0.156179 0.018713
0.208311 -0.07791 -0.008004 -0.353121 -0.048326
0.208311 -0.07791 -0.008004 -0.353121 -0.048326
0.208311 -0.07791 -0.008004 -0.353121 -0.048326
0.172037 -0.279458 -0.080363 -0.138789 0.268038
0.146466 -0.265427 -0.050571 -0.196697 0.191201
-0.060086 -0.573547 -0.188997 -0.225059 0.261982
0.045109 -0.457688 -0.129256 0.04781 0.37741
0.069443 -0.377577 -0.058366 -0.01993 0.152881
0.049493 -0.311743 -0.023697 -0.07021 0.053669
0.154786 -0.261357 0.029849 0.27579 0.228302
0.278632 -0.114818 0.126714 0.334067 0.191103
0.272933 -0.061907 0.127111 -0.004288 -0.110895
0.229418 -0.133092 0.065603 -0.018751 -0.04519
0.166857 -0.23604 0.06571 0.157496 0.028518
0.199024 -0.179684 0.094628 0.101898 -0.04476
0.291803 -0.048396 0.145927 0.011205 -0.120603
0.246334 -0.0888 0.062472 -0.285778 -0.146407
0.076885 -0.341714 -0.057451 -0.125084 0.079953
0.076885 -0.341714 -0.057451 -0.125084 0.079953
0.076885 -0.341714 -0.057451 -0.125084 0.079953
0.19557 -0.161502 0.065421 -0.009342 -0.044877
0.210424 -0.098693 0.064159 -0.080984 0.010006
0.224313 -0.209655 0.029169 -0.238823 -0.067055
0.224313 -0.209655 0.029169 -0.238823 -0.067055
0.158842 -0.214457 0.065741 -0.015637 -0.087827
0.158842 -0.214457 0.065741 -0.015637 -0.087827
0.183119 -0.200683 0.047915 -0.066216 -0.071939
0.0958 -0.273065 0.012706 -0.13994 -0.163401
0.152109 -0.227148 0.02193 -0.348682 -0.272512
0.152109 -0.227148 0.02193 -0.348682 -0.272512
0.13541 -0.286967 -0.018322 -0.175275 -0.041783
0.071875 -0.218383 -0.028648 -0.352217 -0.097108
0.187331 0.021276 0.113196 0.002516 -0.106438
0.168062 -0.087487 0.090048 -0.267833 -0.421933
0.17849 -0.115761 0.01409 -0.35841 -0.251935
0.134991 -0.21188 -0.026565 -0.202373 0.024893
0.167001 -0.20262 0.004931 0.007313 0.122229
0.128786 -0.197147 -0.1077 -0.096333 0.329686
0.128786 -0.197147 -0.1077 -0.096333 0.329686
0.128786 -0.197147 -0.1077 -0.096333 0.329686
0.086061 -0.228196 -0.076307 0.005656 0.330649
0.086061 -0.228196 -0.076307 0.005656 0.330649
0.086061 -0.228196 -0.076307 0.005656 0.330649
0.128103 -0.201412 -0.077142 -0.118932 0.283602
0.174699 -0.186595 -0.087675 -0.382066 0.083123
0.174699 -0.186595 -0.087675 -0.382066 0.083123
0.174699 -0.186595 -0.087675 -0.382066 0.083123
0.174699 -0.186595 -0.087675 -0.382066 0.083123
0.174699 -0.186595 -0.087675 -0.382066 0.083123
0.288802 -0.062774 0.069505 -0.370182 -0.282234
0.288802 -0.062774 0.069505 -0.370182 -0.282234
0.248388 -0.112445 0.076261 -0.244231 -0.261939
0.248111 -0.077792 0.090018 -0.022008 -0.021776
0.224141 -0.115961 0.001136 -0.584171 -0.170416
0.224141 -0.115961 0.001136 -0.584171 -0.170416
0.224141 -0.115961 0.001136 -0.584171 -0.170416
0.223685 -0.094164 -0.017394 -0.364045 0.093011
0.192693 -0.174434 -0.007567 -0.306576 0.062646
0.097791 -0.299207 -0.088965 -0.324238 0.080307
0.034464 -0.405665 -0.086419 0.004344 0.301162
0.079159 -0.276154 -0.007943 0.194067 0.325686
0.079159 -0.276154 -0.007943 0.194067 0.325686
0.194085 -0.198482 0.017545 0.128685 0.291827
0.194085 -0.198482 0.017545 0.128685 0.291827
0.194085 -0.198482 0.017545 0.128685 0.291827
0.240654 -0.106662 0.094513 0.167295 0.130264
0.182742 -0.225312 -0.002639 0.041258 0.211573
0.086047 -0.352074 -0.058942 0.015266 0.241156
0.101824 -0.281119 -0.076833 -0.23138 0.094745
0.162006 -0.23726 -0.015245 -0.06291 -0.057191
0.259736 -0.184121 0.02269 -0.004474 0.102948
0.259736 -0.184121 0.02269 -0.004474 0.102948
0.195668 -0.138369 -0.019659 -0.016534 0.200428
0.134582 -0.183908 0.040806 0.03458 -0.083163
0.137594 -0.266381 0.017515 0.246747 0.292923
0.157338 -0.263767 -0.022876 -0.152202 -0.0475
0.175855 -0.214258 -0.015328 -0.113526 0.085878
0.175 -0.201974 0.022531 -0.169245 -0.179564
0.220272 -0.183993 0.03654 -0.225155 -0.21894
0.225998 -0.157583 -0.012811 -0.212484 -0.043276
0.225998 -0.157583 -0.012811 -0.212484 -0.043276
0.203439 -0.197399 -0.016925 -0.182016 -0.048617
0.233822 -0.09211 0.099639 0.216529 0.066084
0.179582 -0.200267 0.024538 -0.00949 0.028534
0.198598 -0.115701 0.07149 0.130973 0.107445
0.179978 -0.168996 0.059273 0.017255 0.056854
0.116406 -0.252457 -0.007454 -0.330399 -0.17374
0.166251 -0.182323 -0.000821 -0.111696 -0.05494
0.212247 -0.108657 0.055559 -0.206551 -0.232393
0.165955 -0.138254 0.059793 -0.016144 -0.068457
0.109855 -0.276123 -0.028444 -0.043243 -0.021061
0.203373 -0.211928 0.04438 0.015187 -0.130414
0.144527 -0.234189 -0.031288 -0.080159 0.037214
0.16649 -0.226062 0.008246 -0.105946 -0.133734
0.118778 -0.242362 -0.05549 -0.093217 0.079363
0.134219 -0.235455 -0.044344 -0.159002 -0.074403
0.06552 -0.249682 -0.083941 0.141916 0.353865
0.142953 -0.153022 -0.021049 0.064697 0.184915
0.142953 -0.153022 -0.021049 0.064697 0.184915
0.22498 -0.065019 0.12507 0.224364 -0.103805
0.092534 -0.162734 -0.010013 -0.015201 0.116469
0.116256 -0.143404 0.050053 0.036851 0.030612
0.114402 -0.272885 0.022123 0.19717 0.134
0.114402 -0.272885 0.022123 0.19717 0.134
0.114402 -0.272885 0.022123 0.19717 0.134
0.123931 -0.202567 -0.049828 -0.125282 0.078676
0.123931 -0.202567 -0.049828 -0.125282 0.078676
0.123931 -0.202567 -0.049828 -0.125282 0.078676
0.203285 -0.202515 0.002648 0.069058 0.1457
0.208629 -0.189401 0.052492 -0.008807 0.008016
0.222174 -0.101624 0.166737 0.242188 -0.100286
0.194596 -0.128271 0.078936 0.12001 0.039708
0.194596 -0.128271 0.078936 0.12001 0.039708
0.26425 -0.025978 0.119164 -0.111743 -0.214571
0.207291 -0.078236 0.11223 0.233121 0.062688
0.199056 -0.15487 0.087446 -0.13655 -0.239329
0.109365 -0.198162 -0.016602 -0.062854 0.010596
0.109365 -0.198162 -0.016602 -0.062854 0.010596
0.272362 -0.035904 0.087257 0.017011 -0.043548
0.226136 -0.048215 0.040947 -0.170295 -0.022843
0.292178 0.05908 0.12095 -0.050584 -0.089788
0.296509 -0.078316 0.106768 -0.350749 -0.424754
0.315474 -0.114757 0.095543 0.13353 0.147477
0.315678 -0.104426 0.101148 0.170235 0.160902
0.255923 -0.07925 0.155739 0.258023 -0.022938
0.272673 -0.013158 0.1638 0.179826 -0.092123
0.249102 -0.230243 0.045956 -0.297211 -0.220009
0.249102 -0.230243 0.045956 -0.297211 -0.220009
0.143339 -0.314657 -0.025783 -0.426504 -0.199375
0.134246 -0.260507 -0.055563 -0.521848 -0.120114
0.134749 -0.245884 -0.037452 -0.397473 -0.041118
0.134749 -0.245884 -0.037452 -0.397473 -0.041118
0.149553 -0.256619 -0.045881 -0.267782 0.07961
0.191164 -0.098807 0.059725 -0.292292 -0.239021
0.091655 -0.246918 -0.045506 -0.164893 0.070878
0.091655 -0.246918 -0.045506 -0.164893 0.070878
0.091655 -0.246918 -0.045506 -0.164893 0.070878
0.085422 -0.271031 -0.048524 -0.29559 -0.05609
0.085422 -0.271031 -0.048524 -0.29559 -0.05609
0.13619 -0.313613 -0.037538 -0.164679 0.061508
0.13619 -0.313613 -0.037538 -0.164679 0.061508
0.116694 -0.297661 -0.059082 -0.098032 0.234491
0.072538 -0.303169 -0.078145 -0.063739 0.295274
0.098768 -0.320868 -0.046231 -0.087983 0.176657
0.245603 -0.199939 0.043827 -0.180271 -0.062048
0.144411 -0.293507 -0.038717 -0.130997 0.159706
0.191112 -0.151328 0.0451 0.010705 0.14195
0.232978 -0.171876 0.063069 0.008309 0.006121
0.163318 -0.183852 -0.02476 -0.173852 0.077549
0.163318 -0.183852 -0.02476 -0.173852 0.077549
0.163318 -0.183852 -0.02476 -0.173852 0.077549
0.163318 -0.183852 -0.02476 -0.173852 0.077549
0.181201 -0.190693 0.000106 -0.091007 0.052363
0.181201 -0.190693 0.000106 -0.091007 0.052363
0.128718 -0.209611 -0.058054 -0.319622 -0.002678
0.172366 -0.112927 0.006688 -0.196394 -0.03734
0.169901 -0.150031 -0.002099 -0.108174 0.048639
0.169901 -0.150031 -0.002099 -0.108174 0.048639
0.169901 -0.150031 -0.002099 -0.108174 0.048639
0.303616 -0.066179 0.059092 -0.15013 -0.085892
0.303616 -0.066179 0.059092 -0.15013 -0.085892
0.303616 -0.066179 0.059092 -0.15013 -0.085892
0.303616 -0.066179 0.059092 -0.15013 -0.085892
0.261373 -0.106024 0.030617 -0.022149 0.20378
0.240147 -0.079948 0.025031 -0.1391 0.112728
0.041074 -0.265996 -0.048925 0.300883 0.465703
0.146314 -0.259032 0.000546 0.137371 0.160903
0.124851 -0.164543 -0.02674 -0.044697 0.132432
0.124851 -0.164543 -0.02674 -0.044697 0.132432
0.21174 -0.121338 -0.012831 -0.2925 -0.034047
0.333016 -0.059201 0.172273 0.039906 -0.044363
0.333016 -0.059201 0.172273 0.039906 -0.044363
0.290697 -0.134006 0.052571 -0.370209 -0.105302
0.279917 -0.11781 0.071528 -0.293659 -0.16907
0.323123 -0.003995 0.116294 -0.158436 -0.087065
0.290645 -2.8e-05 0.148842 -0.181338 -0.334094
0.290645 -2.8e-05 0.148842 -0.181338 -0.334094
0.28183 -0.069245 0.084435 -0.414271 -0.412613
0.28183 -0.069245 0.084435 -0.414271 -0.412613
0.28183 -0.069245 0.084435 -0.414271 -0.412613
0.28183 -0.069245 0.084435 -0.414271 -0.412613
0.28183 -0.069245 0.084435 -0.414271 -0.412613
0.340001 0.037961 0.13644 -0.288158 -0.31012
0.277428 -0.088962 0.073367 -0.378525 -0.28123
0.277428 -0.088962 0.073367 -0.378525 -0.28123
0.277428 -0.088962 0.073367 -0.378525 -0.28123
0.193589 -0.178134 0.051799 0.184066 0.266584
0.247764 -0.152783 0.065718 0.054111 0.166856
0.179241 -0.279739 0.024571 -0.02778 0.011502
0.030112 -0.26093 -0.053283 0.00876 0.18411
0.030112 -0.26093 -0.053283 0.00876 0.18411
0.155592 -0.062336 0.018828 -0.270615 -0.053825
0.144592 -0.169023 -0.001102 -0.316264 -0.116241
0.22265 -0.147753 0.004225 -0.50221 -0.207601
0.22265 -0.147753 0.004225 -0.50221 -0.207601
0.22265 -0.147753 0.004225 -0.50221 -0.207601
0.22265 -0.147753 0.004225 -0.50221 -0.207601
0.22265 -0.147753 0.004225 -0.50221 -0.207601
0.22265 -0.147753 0.004225 -0.50221 -0.207601
0.22265 -0.147753 0.004225 -0.50221 -0.207601
0.22265 -0.147753 0.004225 -0.50221 -0.207601
0.22265 -0.147753 0.004225 -0.50221 -0.207601
0.22265 -0.147753 0.004225 -0.50221 -0.207601
0.22265 -0.147753 0.004225 -0.50221 -0.207601
0.22265 -0.147753 0.004225 -0.50221 -0.207601
0.22265 -0.147753 0.004225 -0.50221 -0.207601
0.22265 -0.147753 0.004225 -0.50221 -0.207601
0.22265 -0.147753 0.004225 -0.50221 -0.207601
0.22265 -0.147753 0.004225 -0.50221 -0.207601
0.22265 -0.147753 0.004225 -0.50221 -0.207601
0.22265 -0.147753 0.004225 -0.50221 -0.207601
0.189604 -0.180335 -0.003997 -0.100875 0.070357
0.189604 -0.180335 -0.003997 -0.100875 0.070357
0.189604 -0.180335 -0.003997 -0.100875 0.070357
0.172001 -0.096672 0.058107 0.050339 -0.042002
0.116379 -0.100463 -0.044585 -0.333187 0.05363
0.185006 -0.163115 0.005877 -0.123968 0.088128
0.177176 -0.172941 -0.004507 -0.193242 0.133612
0.231594 -0.108679 0.00062 -0.334659 -0.007711
0.255365 -0.141085 0.039187 -0.471705 -0.289701
0.255365 -0.141085 0.039187 -0.471705 -0.289701
0.255365 -0.141085 0.039187 -0.471705 -0.289701
0.255365 -0.141085 0.039187 -0.471705 -0.289701
0.217446 -0.092748 0.098861 -0.063264 -0.207493
0.178449 -0.059586 0.075248 -0.148317 -0.166944
0.222051 -0.062864 0.048954 -0.494247 -0.354156
0.222051 -0.062864 0.048954 -0.494247 -0.354156
0.222051 -0.062864 0.048954 -0.494247 -0.354156
0.222051 -0.062864 0.048954 -0.494247 -0.354156
0.173165 -0.20289 0.049554 -0.22184 -0.171378
0.17241 -0.24543 0.052396 -0.132042 -0.126677
0.280874 -0.085838 0.139203 0.231356 0.018514
0.219088 -0.161295 0.019441 -0.030718 0.072363
0.183794 -0.21907 -0.027349 0.080754 0.196052
0.236542 -0.172638 0.027274 -0.069633 -0.06509
0.25341 -0.148235 0.055789 0.013832 -0.013125
0.154571 -0.255673 -0.042338 -0.10398 0.078497
0.180172 -0.229946 0.064734 0.125021 -0.103797
0.274597 -0.116166 0.144665 0.001905 -0.402117
0.274023 -0.022722 0.108702 -0.357087 -0.54056
0.274023 -0.022722 0.108702 -0.357087 -0.54056
0.293628 -0.084719 0.188141 0.062378 -0.362451
0.293628 -0.084719 0.188141 0.062378 -0.362451
0.323918 -0.012324 0.204592 -0.148839 -0.504912
0.252305 -0.15977 0.121282 -0.100823 -0.237087
0.252305 -0.15977 0.121282 -0.100823 -0.237087
0.281713 -0.096661 0.042633 -0.293592 -0.065677
0.216228 -0.144067 0.000254 -0.415647 -0.122741
0.216228 -0.144067 0.000254 -0.415647 -0.122741
0.277351 -0.022273 0.077949 -0.418781 -0.276816
0.348042 0.000291 0.125213 -0.380386 -0.388534
0.348042 0.000291 0.125213 -0.380386 -0.388534
0.348042 0.000291 0.125213 -0.380386 -0.388534
0.348042 0.000291 0.125213 -0.380386 -0.388534
0.348042 0.000291 0.125213 -0.380386 -0.388534
0.348042 0.000291 0.125213 -0.380386 -0.388534
0.348042 0.000291 0.125213 -0.380386 -0.388534
0.348042 0.000291 0.125213 -0.380386 -0.388534
0.348042 0.000291 0.125213 -0.380386 -0.388534
0.348042 0.000291 0.125213 -0.380386 -0.388534
0.202199 -0.108266 0.058429 -0.140458 -0.137744
0.202199 -0.108266 0.058429 -0.140458 -0.137744
0.088418 -0.228271 0.01601 0.01635 -0.022905
0.088418 -0.228271 0.01601 0.01635 -0.022905
0.053767 -0.265805 -0.064467 -0.053439 0.260092
0.063467 -0.223205 -0.059579 -0.058332 0.229564
0.063467 -0.223205 -0.059579 -0.058332 0.229564
0.063467 -0.223205 -0.059579 -0.058332 0.229564
0.162315 -0.181668 0.017831 0.063367 0.189208
0.162315 -0.181668 0.017831 0.063367 0.189208
0.162315 -0.181668 0.017831 0.063367 0.189208
0.162315 -0.181668 0.017831 0.063367 0.189208
0.162315 -0.181668 0.017831 0.063367 0.189208
0.16435 -0.243862 0.070237 0.330571 0.234467
0.16435 -0.243862 0.070237 0.330571 0.234467
0.211511 -0.283989 0.045583 0.2214 0.26301
0.183603 -0.358227 -0.022005 0.029312 0.200316
0.194101 -0.308976 0.022902 0.288233 0.252436
0.194101 -0.308976 0.022902 0.288233 0.252436
0.194101 -0.308976 0.022902 0.288233 0.252436
0.194101 -0.308976 0.022902 0.288233 0.252436
0.194101 -0.308976 0.022902 0.288233 0.252436
0.17422 -0.315046 -0.040033 0.104171 0.372508
0.101871 -0.411807 -0.10814 0.019247 0.424349
0.183369 -0.214897 -0.001313 0.011842 0.266496
0.183369 -0.214897 -0.001313 0.011842 0.266496
0.17664 -0.193772 0.021095 0.015837 0.223227
0.076087 -0.284631 -0.11576 -0.213588 0.28707
0.236709 -0.048761 0.078228 0.023798 0.084057
0.262261 -0.129722 0.021726 -0.087889 0.106206
0.262261 -0.129722 0.021726 -0.087889 0.106206
0.262261 -0.129722 0.021726 -0.087889 0.106206
0.171968 -0.164349 -0.015526 -0.232158 0.049299
0.142157 -0.262097 -0.032732 -0.043853 0.170028
0.105206 -0.338479 -0.0144 0.088803 0.170162
0.105206 -0.338479 -0.0144 0.088803 0.170162
0.056884 -0.400381 -0.062096 0.187756 0.259932
0.056884 -0.400381 -0.062096 0.187756 0.259932
0.048767 -0.352712 -0.125985 -0.028993 0.40089
0.121167 -0.18969 -0.045174 -0.158173 0.20512
0.126451 -0.230566 -0.013395 0.058368 0.183963
0.121079 -0.287397 -0.059506 -0.053585 0.184623
0.121079 -0.287397 -0.059506 -0.053585 0.184623
0.212031 -0.22663 -0.03366 -0.197346 0.087493
0.240735 -0.042005 0.110947 -0.005716 -0.138763
0.26185 -0.237471 0.047518 0.0785 0.220571
0.196115 -0.284868 0.013631 0.162884 0.223417
0.169884 -0.320315 -0.039658 -0.039541 0.123773
0.239704 -0.235555 0.03634 -0.073705 0.016075
0.181439 -0.316395 0.01285 0.184456 0.299098
0.166135 -0.294545 -0.009838 -0.018497 0.143113
0.166135 -0.294545 -0.009838 -0.018497 0.143113
0.166135 -0.294545 -0.009838 -0.018497 0.143113
0.186194 -0.254514 0.040038 -0.059829 -0.035183
0.170216 -0.304329 -0.053318 -0.259035 0.047398
0.170216 -0.304329 -0.053318 -0.259035 0.047398
0.17812 -0.30512 -0.037951 -0.29556 -0.042573
0.250023 -0.139997 0.037341 -0.308071 -0.230587
0.250023 -0.139997 0.037341 -0.308071 -0.230587
0.250023 -0.139997 0.037341 -0.308071 -0.230587
0.250023 -0.139997 0.037341 -0.308071 -0.230587
0.13362 -0.236743 -0.072906 -0.323809 -0.085525
0.13362 -0.236743 -0.072906 -0.323809 -0.085525
0.121706 -0.209647 -0.086039 -0.360876 -0.057284
0.2829 -0.007738 0.115577 -0.309048 -0.450148
0.2829 -0.007738 0.115577 -0.309048 -0.450148
0.2829 -0.007738 0.115577 -0.309048 -0.450148
0.2829 -0.007738 0.115577 -0.309048 -0.450148
0.2829 -0.007738 0.115577 -0.309048 -0.450148
0.2829 -0.007738 0.115577 -0.309048 -0.450148
0.2829 -0.007738 0.115577 -0.309048 -0.450148
0.2829 -0.007738 0.115577 -0.309048 -0.450148
0.281294 -0.088504 0.133147 -0.078485 -0.313505
0.281294 -0.088504 0.133147 -0.078485 -0.313505
0.281294 -0.088504 0.133147 -0.078485 -0.313505
0.281294 -0.088504 0.133147 -0.078485 -0.313505
0.281294 -0.088504 0.133147 -0.078485 -0.313505
0.203887 -0.148678 0.098628 0.099494 -0.080568
0.251794 -0.072204 0.079445 -0.185308 -0.143205
0.176302 -0.182844 0.018615 -0.070247 0.017781
0.176302 -0.182844 0.018615 -0.070247 0.017781
0.176302 -0.182844 0.018615 -0.070247 0.017781
0.204125 -0.192967 0.007629 -0.324771 -0.182552
0.204125 -0.192967 0.007629 -0.324771 -0.182552
0.204125 -0.192967 0.007629 -0.324771 -0.182552
0.226243 -0.149608 0.030866 -0.200966 -0.120101
0.241015 -0.0738 0.093261 -0.214259 -0.293421
0.241015 -0.0738 0.093261 -0.214259 -0.293421
0.263933 -0.082599 0.067162 -0.308198 -0.211332
0.173276 -0.112335 0.077624 0.075224 0.07309
0.173276 -0.112335 0.077624 0.075224 0.07309
0.211883 -0.099382 0.096975 0.011766 0.001854
0.193952 -0.097521 0.040446 -0.242358 -0.05854
0.270776 -0.059265 0.141255 -0.044763 -0.160861
0.270776 -0.059265 0.141255 -0.044763 -0.160861
0.261015 -0.004392 0.156055 -0.229647 -0.496452
0.261015 -0.004392 0.156055 -0.229647 -0.496452
0.106162 -0.204512 -0.004618 -0.132442 -0.081681
0.106162 -0.204512 -0.004618 -0.132442 -0.081681
0.267338 -0.011904 0.125809 0.026133 -0.089841
0.195538 -0.118011 0.059662 0.143122 0.195703
0.139122 -0.162991 0.015892 -0.007179 0.227076
0.115515 -0.128758 -0.009134 -0.092603 0.207933
0.115515 -0.128758 -0.009134 -0.092603 0.207933
0.119829 -0.124125 -0.018421 -0.095969 0.229842
0.15163 -0.050549 0.052375 -0.133554 -0.056548
0.260455 0.012308 0.147205 -0.063741 -0.175803
0.263818 -0.080268 0.03063 -0.294645 -0.153305
0.263818 -0.080268 0.03063 -0.294645 -0.153305
0.26012 -0.084168 0.090028 0.086479 0.123925
0.235221 -0.107412 0.062675 0.096298 0.181165
0.230142 -0.13442 0.010965 -0.218142 -0.086968
0.221933 -0.167778 0.003675 -0.313667 -0.090082
0.221933 -0.167778 0.003675 -0.313667 -0.090082
0.128577 -0.18249 -0.042099 -0.17578 0.089561
0.197275 -0.134453 -0.004068 -0.00919 0.174263
0.183633 -0.129873 -0.002485 -0.308037 -0.127357
0.262467 -0.13089 0.095919 -0.338011 -0.393913
0.262467 -0.13089 0.095919 -0.338011 -0.393913
0.262467 -0.13089 0.095919 -0.338011 -0.393913
0.262467 -0.13089 0.095919 -0.338011 -0.393913
0.235628 -0.079307 0.110078 -0.262177 -0.32727
0.133357 -0.185791 0.001602 -0.204539 0.024054
0.252387 -0.137806 0.109134 0.107011 -0.013674
0.188027 -0.186119 0.075247 0.118351 0.091532
0.188027 -0.186119 0.075247 0.118351 0.091532
0.222274 -0.127356 0.090282 0.092211 0.116634
0.222274 -0.127356 0.090282 0.092211 0.116634
0.235372 -0.067995 0.078031 0.093744 0.043423
0.302702 0.024579 0.168163 0.079961 -0.187269
0.302702 0.024579 0.168163 0.079961 -0.187269
0.302702 0.024579 0.168163 0.079961 -0.187269
0.193176 -0.057024 0.009785 -0.086506 0.060682
0.169941 -0.176387 -0.010289 -0.282876 -0.075387
0.175593 -0.189969 0.011555 -0.203649 -0.164242
0.17022 -0.248881 -0.00325 -0.165727 0.046716
0.17022 -0.248881 -0.00325 -0.165727 0.046716
0.176689 -0.208736 0.050326 -0.046884 -0.121922
0.133514 -0.18726 0.033509 -0.21216 -0.072683
0.159546 -0.114319 -0.015812 -0.485354 -0.141485
0.159546 -0.114319 -0.015812 -0.485354 -0.141485
0.159546 -0.114319 -0.015812 -0.485354 -0.141485
0.159546 -0.114319 -0.015812 -0.485354 -0.141485
0.159546 -0.114319 -0.015812 -0.485354 -0.141485
0.129544 -0.182367 -0.051269 -0.338171 0.023671
0.240401 -0.035558 0.060178 -0.126942 -0.028886
0.241459 -0.082456 0.122261 0.190781 0.05033
0.247901 -0.073602 0.139112 0.211527 0.095357
0.146224 -0.162597 0.063946 0.155407 0.15015
0.186141 -0.143829 0.060941 0.140517 0.193317
0.186141 -0.143829 0.060941 0.140517 0.193317
0.140619 -0.131404 0.005094 -0.022543 0.232824
0.123711 -0.192918 -0.056752 -0.029488 0.27283
0.123711 -0.192918 -0.056752 -0.029488 0.27283
0.164687 -0.142841 -0.011224 -0.227027 0.000918
0.164687 -0.142841 -0.011224 -0.227027 0.000918
0.147702 -0.26397 -0.036564 -0.039474 0.145364
0.147702 -0.26397 -0.036564 -0.039474 0.145364
0.2393 -0.19581 0.039706 -0.032399 0.031042
0.244664 -0.101622 0.085305 0.041935 -0.170607
0.162398 -0.168737 0.021604 0.374066 0.452123
0.131096 -0.275243 -0.126903 -0.25977 0.209891
0.131096 -0.275243 -0.126903 -0.25977 0.209891
0.262264 0.006499 0.055537 -0.234783 -0.19075
0.262264 0.006499 0.055537 -0.234783 -0.19075
0.296459 0.036143 0.113503 -0.012762 -0.063464
0.151879 -0.205134 -0.034303 -0.023632 0.225207
0.151879 -0.205134 -0.034303 -0.023632 0.225207
0.246495 -0.130776 0.05473 0.002752 0.084417
0.246495 -0.130776 0.05473 0.002752 0.084417
0.255922 -0.113592 -0.008897 -0.273418 0.019102
0.263965 -0.129616 0.003962 -0.092504 0.131963
0.243088 -0.067696 -0.03406 -0.282991 0.114395
0.243088 -0.067696 -0.03406 -0.282991 0.114395
0.121829 -0.233063 -0.096928 -0.22343 0.26151
0.121089 -0.211831 -0.077192 -0.113499 0.283842
0.174346 -0.147557 -0.007747 -0.009306 0.24276
0.173414 -0.080119 0.010341 -0.04594 0.114028
0.145962 -0.070742 0.026842 -0.180861 -0.06396
0.225209 -0.00386 0.056674 -0.193194 -0.106428
0.048943 -0.270516 -0.098718 -0.250003 0.108975
0.048943 -0.270516 -0.098718 -0.250003 0.108975
0.13382 -0.22207 -0.068765 -0.273983 0.016842
0.13382 -0.22207 -0.068765 -0.273983 0.016842
0.182132 -0.109706 0.066319 -0.060667 -0.04262
0.188694 -0.231181 0.030489 -0.127282 -0.011218
0.188694 -0.231181 0.030489 -0.127282 -0.011218
0.217494 -0.158565 0.066877 -0.205883 -0.230898
0.217494 -0.158565 0.066877 -0.205883 -0.230898
0.295048 0.049122 0.155593 -0.179449 -0.330765
0.266724 -0.069321 0.111927 0.130832 -0.015692
0.243663 -0.109023 0.092228 0.357004 0.231101
0.243663 -0.109023 0.092228 0.357004 0.231101
0.256448 -0.087797 0.113768 0.335264 0.170911
0.256448 -0.087797 0.113768 0.335264 0.170911
0.256448 -0.087797 0.113768 0.335264 0.170911
0.125204 -0.193729 -0.043834 -0.006456 0.326079
0.125204 -0.193729 -0.043834 -0.006456 0.326079
-0.005737 -0.340169 -0.07133 -0.067597 0.109378
-0.005737 -0.340169 -0.07133 -0.067597 0.109378
0.114863 -0.263683 -0.025123 -0.252016 -0.152912
0.179148 -0.099987 0.068533 -0.080256 -0.223862
0.054792 -0.171413 -0.073445 -0.409363 -0.06362
0.054792 -0.171413 -0.073445 -0.409363 -0.06362
0.169533 -0.096958 -0.010339 -0.44899 -0.1041
0.169533 -0.096958 -0.010339 -0.44899 -0.1041
0.088788 -0.18274 -0.026385 -0.216697 0.014677
0.088788 -0.18274 -0.026385 -0.216697 0.014677
0.108381 -0.302067 -0.067684 -0.336014 -0.014423
0.108381 -0.302067 -0.067684 -0.336014 -0.014423
0.199235 -0.212987 0.048414 -0.032478 -0.090676
0.213939 -0.183369 0.118584 0.214611 -0.070044
0.215001 -0.162754 0.069798 0.257246 0.233764
0.220176 -0.181511 0.069422 0.057133 0.074547
0.243906 -0.136282 0.03186 -0.016848 0.146911
0.199236 -0.177883 0.03077 0.019503 0.186674
0.199236 -0.177883 0.03077 0.019503 0.186674
0.277154 -0.075294 0.10165 -0.20873 -0.250119
0.328439 -0.036153 0.137834 0.024686 -0.059531
0.328439 -0.036153 0.137834 0.024686 -0.059531
0.328439 -0.036153 0.137834 0.024686 -0.059531
0.085441 -0.266052 -0.037448 0.044519 0.296819
0.135859 -0.204962 -0.009768 -0.087252 0.125355
0.102281 -0.266091 -0.017908 0.087731 0.214073
0.102281 -0.266091 -0.017908 0.087731 0.214073
0.102281 -0.266091 -0.017908 0.087731 0.214073
0.102281 -0.266091 -0.017908 0.087731 0.214073
0.059318 -0.278925 -0.09876 0.1275 0.439235
0.192022 -0.094072 0.008525 0.003618 0.15379
0.192022 -0.094072 0.008525 0.003618 0.15379
0.192022 -0.094072 0.008525 0.003618 0.15379
0.205028 -0.24837 0.025225 0.058755 0.084523
0.086182 -0.376545 -0.013266 0.055909 0.0832
0.06238 -0.408711 -0.081441 -0.139156 0.043718
0.06238 -0.408711 -0.081441 -0.139156 0.043718
0.06238 -0.408711 -0.081441 -0.139156 0.043718
0.06213 -0.460537 -0.121333 -0.07528 0.287964
0.06213 -0.460537 -0.121333 -0.07528 0.287964
0.06213 -0.460537 -0.121333 -0.07528 0.287964
0.1634 -0.244584 -0.018823 -0.356176 -0.039121
0.1634 -0.244584 -0.018823 -0.356176 -0.039121
0.122876 -0.216986 -0.020432 -0.002339 0.075317
0.122876 -0.216986 -0.020432 -0.002339 0.075317
0.122876 -0.216986 -0.020432 -0.002339 0.075317
0.117574 -0.171733 -0.031305 0.187834 0.356704
0.117574 -0.171733 -0.031305 0.187834 0.356704
0.117574 -0.171733 -0.031305 0.187834 0.356704
0.117574 -0.171733 -0.031305 0.187834 0.356704
0.117574 -0.171733 -0.031305 0.187834 0.356704
0.117574 -0.171733 -0.031305 0.187834 0.356704
0.117574 -0.171733 -0.031305 0.187834 0.356704
0.264251 -0.074694 0.127534 -0.080251 -0.303288
0.264251 -0.074694 0.127534 -0.080251 -0.303288
0.251549 -0.046856 0.112452 -0.128344 -0.246761
0.169417 -0.080358 0.013943 -0.085345 0.004479
0.169417 -0.080358 0.013943 -0.085345 0.004479
0.257258 -0.077365 0.120667 0.132148 -0.070857
0.293843 -0.032944 0.158854 0.147119 -0.126225
0.193765 -0.134236 0.082582 0.086346 -0.117523
0.194827 -0.1216 0.063521 0.049795 -0.116887
0.18149 -0.183382 -0.004462 -0.155561 -0.11334
0.157203 -0.186073 0.0093 -0.073166 -0.045906
0.157203 -0.186073 0.0093 -0.073166 -0.045906
0.264174 -0.041897 0.122865 -0.061683 -0.175954
0.264174 -0.041897 0.122865 -0.061683 -0.175954
0.186366 -0.080903 0.069754 -0.034036 -0.068708
0.166381 -0.042973 0.063676 -0.005064 0.002593
0.166381 -0.042973 0.063676 -0.005064 0.002593
0.166115 -0.170987 0.047916 -0.003844 -0.040744
0.166115 -0.170987 0.047916 -0.003844 -0.040744
0.122928 -0.270897 -0.023161 -0.20547 -0.078191
0.122928 -0.270897 -0.023161 -0.20547 -0.078191
0.122928 -0.270897 -0.023161 -0.20547 -0.078191
0.122928 -0.270897 -0.023161 -0.20547 -0.078191
0.133451 -0.287751 0.012825 -0.001922 -0.049228
0.149226 -0.228545 0.036562 0.099551 0.088445
0.09397 -0.276491 0.023871 -0.164608 -0.186841
0.114282 -0.258453 0.010492 -0.241703 -0.194729
0.10883 -0.199412 0.0778 0.173128 -0.003976
0.058788 -0.284702 -0.037299 0.083165 0.240086
0.058788 -0.284702 -0.037299 0.083165 0.240086
0.073134 -0.287001 -0.060206 0.180701 0.403892
0.073134 -0.287001 -0.060206 0.180701 0.403892
0.073134 -0.287001 -0.060206 0.180701 0.403892
0.073134 -0.287001 -0.060206 0.180701 0.403892
0.130129 -0.212398 -0.020117 0.011327 0.220051
0.153599 -0.289891 0.027611 0.103823 0.106797
0.226885 -0.207928 0.0284 0.017039 0.132602
0.22761 -0.25744 0.007514 -0.013837 0.129358
0.218988 -0.23034 0.107614 0.31123 0.151845
0.222463 -0.196107 0.042857 -0.184779 -0.07373
0.222463 -0.196107 0.042857 -0.184779 -0.07373
0.224269 -0.176075 0.047886 -0.198443 -0.080515
0.224269 -0.176075 0.047886 -0.198443 -0.080515
0.044192 -0.361577 -0.071682 -0.067884 0.202221
0.010764 -0.382859 -0.05001 0.265314 0.362447
0.010764 -0.382859 -0.05001 0.265314 0.362447
0.088043 -0.172144 -0.005811 0.001545 0.109939
0.139291 -0.14356 0.051665 -0.137751 -0.242395
0.05858 -0.191632 0.010062 0.000476 0.016625
0.11442 -0.226124 -0.005172 -0.103481 -0.038823
0.11442 -0.226124 -0.005172 -0.103481 -0.038823
0.11442 -0.226124 -0.005172 -0.103481 -0.038823
0.199548 -0.172082 0.036282 -0.106842 -0.073831
0.199548 -0.172082 0.036282 -0.106842 -0.073831
0.20233 -0.220449 -0.008448 -0.184208 -0.036782
0.056724 -0.416861 -0.143481 -0.265745 0.195804
0.056724 -0.416861 -0.143481 -0.265745 0.195804
0.052919 -0.350207 -0.133766 -0.46065 0.09124
0.001134 -0.444769 -0.116678 -0.098781 0.274978
0.108233 -0.331372 -0.045234 -0.1764 0.066424
0.108233 -0.331372 -0.045234 -0.1764 0.066424
0.108233 -0.331372 -0.045234 -0.1764 0.066424
0.205763 -0.295613 -0.046269 -0.433466 -0.018259
0.095479 -0.403221 -0.10251 -0.14261 0.322377
0.117881 -0.347666 -0.052306 0.050986 0.342595
0.109643 -0.438191 -0.101693 -0.16748 0.210279
0.109803 -0.44015 -0.08396 -0.075327 0.21633
0.109803 -0.44015 -0.08396 -0.075327 0.21633
0.217066 -0.347709 0.052809 0.140754 0.030865
0.302591 -0.167001 0.186041 0.32014 0.01406
0.320967 -0.12831 0.180613 0.056252 -0.213199
0.142766 -0.201894 0.042425 0.199382 0.155168
0.142766 -0.201894 0.042425 0.199382 0.155168
0.224691 -0.088721 0.155131 0.299574 0.032634
0.300705 -0.029383 0.116772 0.057535 -0.045039
0.161306 -0.126444 0.017479 -0.192841 -0.140104
0.182888 -0.059118 0.025962 -0.157917 -0.015918
0.145325 -0.139642 0.059491 0.008352 -0.116921
0.145325 -0.139642 0.059491 0.008352 -0.116921
0.164803 -0.127222 0.091001 0.113024 -0.067516
0.101972 -0.274268 0.008013 -0.19468 -0.123409
0.205219 -0.187381 0.040751 -0.144198 -0.026366
0.089336 -0.311879 -0.056517 -0.206333 0.108112
0.07435 -0.344537 -0.062474 -0.279462 -0.023553
0.097729 -0.294616 -2.2e-05 -0.174008 -0.147313
0.115613 -0.354103 -0.019631 -0.068816 0.063657
0.093534 -0.406255 -0.051594 0.176623 0.397908
0.093534 -0.406255 -0.051594 0.176623 0.397908
0.093534 -0.406255 -0.051594 0.176623 0.397908
0.057235 -0.42961 -0.067972 0.251146 0.486393
0.011046 -0.488398 -0.103171 0.215707 0.49489
0.140941 -0.299821 0.008212 0.141389 0.142473
0.140941 -0.299821 0.008212 0.141389 0.142473
0.088553 -0.337396 -0.058615 -0.02837 0.12453
-0.058557 -0.516368 -0.115281 0.224202 0.380341
-0.058557 -0.516368 -0.115281 0.224202 0.380341
0.129476 -0.23125 0.03801 0.484454 0.388223
0.149957 -0.194159 0.033143 0.221784 0.232208
0.194601 -0.104729 0.055897 0.045808 0.014374
0.238827 -0.054019 0.113591 0.136329 0.003423
0.116761 -0.228436 -0.017018 0.031866 0.166019
0.142481 -0.235473 0.001927 0.031989 0.164634
0.160658 -0.197227 0.015984 -0.071414 0.001418
0.160658 -0.197227 0.015984 -0.071414 0.001418
0.311539 -0.067873 0.121487 -0.0855 -0.270607
0.218032 -0.235059 0.001649 -0.277191 -0.077321
0.130331 -0.335692 -0.112197 -0.194972 0.27867
0.202557 -0.223756 0.013012 -0.125804 -0.056009
0.133734 -0.27143 -0.038723 -0.16884 0.006577
0.133734 -0.27143 -0.038723 -0.16884 0.006577
0.138862 -0.298003 -0.008077 -0.090485 -0.08282
0.138862 -0.298003 -0.008077 -0.090485 -0.08282
0.145716 -0.290566 -0.023542 -0.225372 -0.139646
0.145716 -0.290566 -0.023542 -0.225372 -0.139646
0.145716 -0.290566 -0.023542 -0.225372 -0.139646
0.109168 -0.332505 -0.06809 -0.291367 -0.031879
0.109168 -0.332505 -0.06809 -0.291367 -0.031879
0.109168 -0.332505 -0.06809 -0.291367 -0.031879
0.194545 -0.216087 0.01269 -0.233483 -0.10231
0.271383 -0.111319 0.05993 -0.021318 0.032146
0.263998 -0.104896 0.013011 -0.383313 -0.167421
0.238547 -0.071286 0.041569 -0.217574 -0.159818
0.173536 -0.129414 0.008657 -0.238949 -0.163533
0.188415 -0.171631 -0.018454 -0.483124 -0.238995
0.188415 -0.171631 -0.018454 -0.483124 -0.238995
0.188415 -0.171631 -0.018454 -0.483124 -0.238995
0.193266 -0.195704 0.007639 -0.26885 -0.182807
0.193266 -0.195704 0.007639 -0.26885 -0.182807
0.117717 -0.279143 -0.0633 -0.375322 -0.118979
0.117717 -0.279143 -0.0633 -0.375322 -0.118979
0.191351 -0.222895 0.020924 -0.197085 -0.243323
0.181291 -0.207583 0.00633 -0.042141 0.078536
0.219762 -0.062563 0.078701 -0.01185 -0.128427
0.224582 -0.137257 0.02552 -0.101443 0.027367
0.224582 -0.137257 0.02552 -0.101443 0.027367
0.224582 -0.137257 0.02552 -0.101443 0.027367
0.224582 -0.137257 0.02552 -0.101443 0.027367
0.242904 -0.114427 0.043663 0.002839 -0.000473
0.189688 -0.13266 -0.013461 -0.221772 0.021915
0.12696 -0.20252 -0.036972 -0.329456 -0.063025
0.12696 -0.20252 -0.036972 -0.329456 -0.063025
0.139613 -0.24953 -0.030035 -0.196768 0.118532
0.118685 -0.313483 -0.040863 0.046468 0.289373
0.140162 -0.282111 -0.050949 -0.287629 0.007163
0.1414 -0.223333 -0.04569 -0.300011 0.011048
0.1414 -0.223333 -0.04569 -0.300011 0.011048
0.1414 -0.223333 -0.04569 -0.300011 0.011048
0.1414 -0.223333 -0.04569 -0.300011 0.011048
0.1414 -0.223333 -0.04569 -0.300011 0.011048
0.176054 -0.154689 0.062013 0.037154 0.025835
0.243338 -0.107764 0.118639 0.063696 -0.038409
0.180349 -0.128926 0.013419 -0.156919 -0.167904
0.189228 -0.180613 0.017214 -0.143483 -0.137708
0.152854 -0.151646 0.028039 -0.236159 -0.251395
0.229915 -0.130597 0.081685 0.026311 -0.129095
0.244822 -0.111863 0.108387 0.009388 -0.223948
0.163689 -0.216588 0.008193 -0.157521 -0.200408
0.074319 -0.218143 -0.075826 -0.155309 0.090895
0.179865 -0.196735 -0.024446 -0.337446 -0.056637
0.179865 -0.196735 -0.024446 -0.337446 -0.056637
0.179865 -0.196735 -0.024446 -0.337446 -0.056637
0.226846 -0.130165 0.008637 -0.048164 0.167659
0.204972 -0.192411 -0.022868 -0.248851 0.010512
0.213471 -0.095969 0.070111 -0.177847 -0.246931
0.213471 -0.095969 0.070111 -0.177847 -0.246931
0.213471 -0.095969 0.070111 -0.177847 -0.246931
0.150458 -0.146458 0.043634 -0.136928 -0.134276
0.150458 -0.146458 0.043634 -0.136928 -0.134276
0.231636 -0.078815 0.110424 0.031019 -0.156617
0.158508 -0.174413 0.034015 -0.090897 -0.111115
0.215652 -0.121219 0.080011 -0.015939 -0.120778
0.215652 -0.121219 0.080011 -0.015939 -0.120778
0.285847 -0.122593 0.076633 -0.029496 -0.017524
0.185942 -0.127412 0.062723 -0.064267 -0.177218
0.180907 -0.071528 0.074229 -0.063947 -0.158105
0.180907 -0.071528 0.074229 -0.063947 -0.158105
0.091711 -0.22731 -0.022511 -0.02256 0.019381
0.129766 -0.348887 -0.035592 0.145326 0.265515
0.047743 -0.432885 -0.1198 -0.180709 0.273013
0.06289 -0.437588 -0.102001 -0.149132 0.2077
0.06289 -0.437588 -0.102001 -0.149132 0.2077
0.131036 -0.377104 -0.084529 -0.137461 0.220014
0.170845 -0.217685 -0.048698 -0.245657 0.081914
0.108927 -0.29781 -0.06426 -0.210104 0.097115
0.17637 -0.265741 -0.04305 -0.363037 0.027748
0.207164 -0.260244 0.051832 -0.147932 -0.108064
0.226361 -0.174849 0.058917 -0.176074 -0.196402
0.251963 -0.220936 0.022988 -0.157549 0.0082
0.251963 -0.220936 0.022988 -0.157549 0.0082
0.210721 -0.272378 0.04364 -0.099063 -0.141203
0.215599 -0.258977 0.034672 0.02643 0.059267
0.26753 -0.228117 0.034474 -0.131813 0.034128
0.201597 -0.243113 -0.00182 -0.443733 -0.180956
0.252268 -0.100718 0.070933 -0.305071 -0.215344
0.208175 -0.254776 -0.009025 -0.263421 -0.070658
0.171615 -0.301479 -0.014651 -0.200977 -0.001544
0.200804 -0.107196 0.023281 -0.169191 -0.000988
0.200804 -0.107196 0.023281 -0.169191 -0.000988
0.247391 -0.089679 0.137547 0.167764 0.004465
0.258866 -0.098615 0.119947 -0.070712 -0.210691
0.263705 -0.090291 0.116832 -0.080427 -0.151039
0.233098 -0.102407 0.032058 -0.226974 -0.022111
0.196323 -0.128232 0.042453 -0.272047 -0.237428
0.196323 -0.128232 0.042453 -0.272047 -0.237428
0.136397 -0.292495 -0.026473 -0.260687 -0.057232
0.206727 -0.226717 0.038126 -0.16008 -0.120847
0.276373 -0.136373 0.083598 0.009833 -0.05761
0.360185 -0.017599 0.137156 -0.347916 -0.318516
0.360185 -0.017599 0.137156 -0.347916 -0.318516
0.354928 -0.030035 0.164113 -0.065653 -0.172223
0.238871 -0.185105 0.077775 -0.162698 -0.172967
0.240882 -0.132426 0.079248 -0.166776 -0.130748
0.090146 -0.256671 0.007783 0.40731 0.498727
0.124264 -0.190317 0.011701 0.245598 0.33946
0.108536 -0.231349 -0.04761 0.006303 0.26362
0.277387 -0.054762 0.086499 -0.03279 -0.03191
0.16336 -0.194335 0.003722 0.017075 0.058819
0.16336 -0.194335 0.003722 0.017075 0.058819
0.207317 -0.227939 -0.035045 -0.519114 -0.182026
0.207317 -0.227939 -0.035045 -0.519114 -0.182026
0.140511 -0.254922 -0.078356 -0.52988 -0.097501
0.140511 -0.254922 -0.078356 -0.52988 -0.097501
0.21359 -0.109381 0.052969 -0.103152 -0.064012
0.21359 -0.109381 0.052969 -0.103152 -0.064012
0.213541 -0.060411 0.087324 0.095066 0.019802
0.178815 -0.136747 -0.018452 -0.215869 -0.017062
0.202125 -0.137014 0.076864 0.174103 0.072337
0.230227 -0.115821 0.134698 0.169505 -0.044453
0.248675 -0.124734 0.101727 0.147039 0.12821
0.166295 -0.305241 -0.004626 0.080823 0.265255
0.174415 -0.204643 0.011447 -0.057711 0.130973
0.218016 -0.158192 0.040089 -0.206393 -0.030519
0.218016 -0.158192 0.040089 -0.206393 -0.030519
0.218016 -0.158192 0.040089 -0.206393 -0.030519
0.148077 -0.24627 -0.023186 -0.171582 0.008616
0.211469 -0.162744 -0.008318 -0.039872 0.175517
0.180786 -0.141476 -0.002089 0.036358 0.237035
0.34812 -0.042157 0.168707 -0.009369 -0.188836
0.197243 -0.237224 0.019132 -0.045748 0.048096
0.198851 -0.26648 0.0474 -0.170197 -0.216075
0.098211 -0.401404 -0.029828 0.232337 0.255318
0.154012 -0.387818 0.001685 0.136741 0.098313
0.087396 -0.473617 -0.077425 0.064726 0.287389
0.15448 -0.262614 0.08572 0.347059 0.19052
-0.028491 -0.502533 -0.155432 0.091708 0.384983
-0.047931 -0.458085 -0.2238 -0.419613 0.200287
0.218094 -0.087944 0.065371 0.10125 0.120928
0.218094 -0.087944 0.065371 0.10125 0.120928
0.128783 -0.174229 0.014571 0.20591 0.248614
0.128783 -0.174229 0.014571 0.20591 0.248614
0.128783 -0.174229 0.014571 0.20591 0.248614
0.093312 -0.325479 -0.068222 -0.126323 0.118016
0.093312 -0.325479 -0.068222 -0.126323 0.118016
0.183415 -0.203144 0.03167 -0.08771 -0.152216
0.168949 -0.262254 -0.046044 -0.107082 0.045231
0.244905 -0.128202 0.044017 -0.067514 -0.048719
0.244905 -0.128202 0.044017 -0.067514 -0.048719
0.24864 -0.104718 -0.000561 -0.29309 -0.077673
0.235415 -0.143319 -0.010832 -0.041178 0.220622
0.207446 -0.172236 0.04614 0.176995 0.175419
0.148521 -0.286782 0.017133 0.126896 0.153978
0.202961 -0.166117 0.061453 0.047331 0.064112
0.184624 -0.128101 0.066 -0.022093 -0.019735
0.159345 -0.279481 -0.019319 -0.195444 0.069952
0.191899 -0.144622 0.100278 0.069533 0.016941
0.191899 -0.144622 0.100278 0.069533 0.016941
0.338787 0.002174 0.207173 0.286452 0.049218
0.23115 -0.092762 0.098511 0.113127 0.174726
0.22752 -0.118329 0.119455 0.09215 -0.075927
0.22752 -0.118329 0.119455 0.09215 -0.075927
0.262617 -0.095502 0.103535 -0.015773 -0.020053
0.13969 -0.150782 0.032956 0.233114 0.21866
0.173089 -0.108371 0.047066 -0.000833 0.040711
0.189154 -0.133841 0.086143 -0.141511 -0.143894
0.189154 -0.133841 0.086143 -0.141511 -0.143894
0.167262 -0.153226 0.078645 0.119709 0.0359
0.170384 -0.128721 0.074439 0.053052 -0.015541
0.246383 -0.04772 0.142528 0.091586 -0.118292
0.246383 -0.04772 0.142528 0.091586 -0.118292
0.143967 -0.204427 0.011194 -0.13327 0.010092
0.235361 -0.062276 0.074206 -0.128666 -0.038993
0.209571 0.027901 0.096975 -0.152722 -0.067952
0.118929 -0.105169 -0.070224 -0.406839 -0.030123
0.083737 -0.22617 -0.084287 -0.578072 -0.127054
0.083737 -0.22617 -0.084287 -0.578072 -0.127054
0.083737 -0.22617 -0.084287 -0.578072 -0.127054
0.141696 -0.22097 -0.066221 -0.406296 0.066071
0.161536 -0.135631 0.031775 -0.132954 0.046714
0.213953 -0.094122 0.089365 0.03199 0.041857
0.178293 -0.187677 0.04434 -0.052074 0.033237
0.11383 -0.272555 -0.019816 -0.149357 -0.011137
0.180727 -0.172189 0.072444 -0.099938 -0.219114
0.160449 -0.282951 -0.009792 -0.160451 0.004548
0.329388 0.046126 0.190295 0.142061 -0.060546
0.226876 -0.056109 0.090019 0.161235 0.071495
0.188389 -0.04941 0.065126 -0.296558 -0.260647
0.188389 -0.04941 0.065126 -0.296558 -0.260647
0.22179 -0.055609 0.094121 -0.082714 -0.112079
0.22179 -0.055609 0.094121 -0.082714 -0.112079
0.07839 -0.322298 -0.078403 -0.066743 0.251458
0.133536 -0.276404 -0.019523 0.051686 0.190415
0.237664 -0.090844 0.035487 -0.285075 -0.153158
0.237664 -0.090844 0.035487 -0.285075 -0.153158
0.237664 -0.090844 0.035487 -0.285075 -0.153158
0.237664 -0.090844 0.035487 -0.285075 -0.153158
0.164018 -0.229419 0.057215 0.028668 -0.021379
-0.021925 -0.36333 -0.190076 -0.190339 0.354175
0.029203 -0.249513 -0.092169 -0.18348 0.159966
0.114054 -0.139239 0.029353 -0.162265 -0.126484
0.114054 -0.139239 0.029353 -0.162265 -0.126484
0.177754 -0.054533 0.141543 0.06986 -0.193246
0.263002 -0.055409 0.179191 0.261222 -0.077487
0.250693 -0.072837 0.144192 0.249648 -0.0807
0.262547 -0.082562 0.135818 0.302147 0.173697
0.262547 -0.082562 0.135818 0.302147 0.173697
0.262547 -0.082562 0.135818 0.302147 0.173697
0.262547 -0.082562 0.135818 0.302147 0.173697
0.262547 -0.082562 0.135818 0.302147 0.173697
0.082815 -0.368253 -0.01583 0.215544 0.278568
0.138337 -0.238392 0.002988 -0.166607 -0.063622
0.099413 -0.319058 -0.035505 -0.0605 0.050014
0.208196 -0.207632 0.06821 0.254688 0.243947
0.104039 -0.386081 -0.044149 0.234053 0.501204
0.104039 -0.386081 -0.044149 0.234053 0.501204
0.104039 -0.386081 -0.044149 0.234053 0.501204
0.104039 -0.386081 -0.044149 0.234053 0.501204
0.104039 -0.386081 -0.044149 0.234053 0.501204
0.104039 -0.386081 -0.044149 0.234053 0.501204
0.104039 -0.386081 -0.044149 0.234053 0.501204
0.104039 -0.386081 -0.044149 0.234053 0.501204
0.119777 -0.340323 -0.053604 -0.097143 0.234358
0.201651 -0.266943 0.00404 -0.230498 -0.035908
0.13526 -0.361491 -0.090912 -0.359009 0.036631
0.034708 -0.365009 -0.112948 -0.368326 0.10847
0.098125 -0.374426 -0.065455 -0.291742 0.058872
0.098125 -0.374426 -0.065455 -0.291742 0.058872
0.132277 -0.286739 -0.008589 -0.277019 -0.101766
0.193832 -0.093443 0.049742 -0.076494 -0.039453
0.171825 -0.117847 0.03348 -0.040204 0.055065
0.167995 -0.331819 0.000724 -0.007871 0.089201
0.167995 -0.331819 0.000724 -0.007871 0.089201
0.231175 -0.180063 0.059487 -0.293299 -0.283684
0.270614 -0.065014 0.068718 -0.309708 -0.230736
0.324645 0.046905 0.151323 -0.272944 -0.413673
0.269366 -0.019532 0.141112 -0.035527 -0.158558
0.203941 -0.080175 0.085595 -0.07829 -0.117082
0.042459 -0.105979 -0.003369 -0.155234 -0.029013
-0.01081 -0.323492 -0.094956 -0.101973 0.051673
0.085468 -0.198075 0.027639 0.236117 0.203795
0.139078 -0.340222 -0.016361 0.107337 0.227698
0.20146 -0.276014 -0.0012 -0.119175 0.005836
0.20146 -0.276014 -0.0012 -0.119175 0.005836
0.138763 -0.322166 -0.030842 0.099283 0.204737
0.184224 -0.254092 -0.012146 0.105558 0.227819
0.184224 -0.254092 -0.012146 0.105558 0.227819
0.185314 -0.194748 -0.000337 -0.226341 -0.138552
0.185314 -0.194748 -0.000337 -0.226341 -0.138552
0.185314 -0.194748 -0.000337 -0.226341 -0.138552
0.185314 -0.194748 -0.000337 -0.226341 -0.138552
0.185314 -0.194748 -0.000337 -0.226341 -0.138552
0.156149 -0.230377 -0.055302 -0.275509 0.022355
0.156149 -0.230377 -0.055302 -0.275509 0.022355
0.194371 -0.137054 0.023013 -0.189238 -0.030656
0.194371 -0.137054 0.023013 -0.189238 -0.030656
0.149185 -0.198917 -0.002449 -0.026293 0.192807
0.143956 -0.1841 -0.019645 -0.201524 0.029698
0.143956 -0.1841 -0.019645 -0.201524 0.029698
0.151211 -0.128304 0.062689 -0.118784 -0.057858
0.114632 -0.212894 0.041866 -0.034085 0.062697
0.114632 -0.212894 0.041866 -0.034085 0.062697
0.01143 -0.316312 -0.053197 0.049999 0.258915
0.060226 -0.164981 -0.00576 -0.016008 0.121664
0.18071 -0.097894 0.087175 -0.299765 -0.412496
0.18071 -0.097894 0.087175 -0.299765 -0.412496
0.108678 -0.162245 0.051252 -0.286009 -0.375721
0.1349 -0.164791 0.047724 -0.255067 -0.323704
0.044615 -0.247106 -0.050263 -0.052286 0.107595
0.184818 -0.189736 0.064495 0.169424 0.162957
0.196533 -0.222172 0.015507 0.049833 0.204058
0.222874 -0.226973 0.008124 -0.222865 -0.008134
0.222874 -0.226973 0.008124 -0.222865 -0.008134
0.197793 -0.261955 -0.005013 -0.244856 -0.047486
0.197793 -0.261955 -0.005013 -0.244856 -0.047486
0.197793 -0.261955 -0.005013 -0.244856 -0.047486
0.197793 -0.261955 -0.005013 -0.244856 -0.047486
0.197793 -0.261955 -0.005013 -0.244856 -0.047486
0.197793 -0.261955 -0.005013 -0.244856 -0.047486
0.197793 -0.261955 -0.005013 -0.244856 -0.047486
0.197793 -0.261955 -0.005013 -0.244856 -0.047486
0.292593 -0.00275 0.124232 -0.021158 -0.129541
0.271432 -0.082212 0.098902 -0.205222 -0.305171
0.207146 -0.204016 -0.002438 -0.411448 -0.169104
0.207146 -0.204016 -0.002438 -0.411448 -0.169104
0.207146 -0.204016 -0.002438 -0.411448 -0.169104
0.207146 -0.204016 -0.002438 -0.411448 -0.169104
0.207146 -0.204016 -0.002438 -0.411448 -0.169104
0.207146 -0.204016 -0.002438 -0.411448 -0.169104
0.15998 -0.226172 0.018564 -0.214146 -0.157113
0.212308 -0.158545 0.033404 -0.198444 -0.050195
0.073601 -0.19271 -0.074476 -0.246372 0.154665
0.101126 -0.139274 -0.029931 -0.31318 -0.004013
0.230066 -0.060124 0.133088 -0.050057 -0.197478
0.316235 0.028682 0.170377 -0.260478 -0.426997
0.329047 -0.029067 0.171781 0.013185 -0.243786
0.329047 -0.029067 0.171781 0.013185 -0.243786
0.329047 -0.029067 0.171781 0.013185 -0.243786
0.329047 -0.029067 0.171781 0.013185 -0.243786
0.287308 -0.09282 0.110254 -0.031534 -0.125542
0.287308 -0.09282 0.110254 -0.031534 -0.125542
0.287308 -0.09282 0.110254 -0.031534 -0.125542
0.244703 -0.041567 0.104559 -0.031237 -0.07662
0.238638 -0.041593 0.106094 -0.100796 -0.127855
0.238638 -0.041593 0.106094 -0.100796 -0.127855
0.174055 -0.19919 0.022484 -0.269227 -0.094898
0.17067 -0.095045 0.050334 -0.237521 -0.141944
0.184417 -0.115887 0.085401 -0.100807 -0.129491
0.240448 -0.128344 0.124133 -0.132518 -0.295762
0.221071 -0.054431 0.157581 0.149907 -0.108163
0.270753 0.002066 0.200867 0.11192 -0.284655
0.251717 -0.025158 0.15963 0.233057 -0.05423
0.251717 -0.025158 0.15963 0.233057 -0.05423
0.251717 -0.025158 0.15963 0.233057 -0.05423
0.251717 -0.025158 0.15963 0.233057 -0.05423
0.251717 -0.025158 0.15963 0.233057 -0.05423
0.237339 -0.11093 0.110504 0.07955 -0.106432
0.199799 -0.167823 0.037539 0.119078 0.111353
0.199799 -0.167823 0.037539 0.119078 0.111353
0.156128 -0.231783 -0.02419 -0.095261 0.063029
0.156128 -0.231783 -0.02419 -0.095261 0.063029
0.076114 -0.287895 -0.068825 0.023256 0.228932
0.200337 -0.07168 0.10926 0.15514 -0.022349
0.22345 -0.100568 0.066276 -0.169764 -0.161276
0.22345 -0.100568 0.066276 -0.169764 -0.161276
0.093603 -0.332767 -0.079239 -0.195417 0.092962
0.122946 -0.240082 -0.09566 -0.121735 0.204725
0.107136 -0.273585 -0.091511 0.090642 0.389872
0.088533 -0.303712 -0.08246 0.087198 0.333191
0.177806 -0.213758 0.038607 0.247363 0.257034
0.23291 -0.132956 0.059678 0.172233 0.184845
0.192961 -0.169403 0.00379 0.119957 0.275629
0.216155 -0.136018 0.01063 -0.066455 0.071633
0.219369 -0.138623 0.020639 0.022777 0.114732
0.119218 -0.283311 -0.078378 -0.498301 -0.041844
0.119218 -0.283311 -0.078378 -0.498301 -0.041844
0.119218 -0.283311 -0.078378 -0.498301 -0.041844
0.119218 -0.283311 -0.078378 -0.498301 -0.041844
0.119218 -0.283311 -0.078378 -0.498301 -0.041844
0.119218 -0.283311 -0.078378 -0.498301 -0.041844
0.119218 -0.283311 -0.078378 -0.498301 -0.041844
0.119218 -0.283311 -0.078378 -0.498301 -0.041844
0.244445 -0.079341 0.046537 -0.597718 -0.41782
0.244445 -0.079341 0.046537 -0.597718 -0.41782
0.244445 -0.079341 0.046537 -0.597718 -0.41782
0.244445 -0.079341 0.046537 -0.597718 -0.41782
0.244445 -0.079341 0.046537 -0.597718 -0.41782
0.244445 -0.079341 0.046537 -0.597718 -0.41782
0.244445 -0.079341 0.046537 -0.597718 -0.41782
0.244445 -0.079341 0.046537 -0.597718 -0.41782
0.244445 -0.079341 0.046537 -0.597718 -0.41782
0.244445 -0.079341 0.046537 -0.597718 -0.41782
0.244445 -0.079341 0.046537 -0.597718 -0.41782
0.244445 -0.079341 0.046537 -0.597718 -0.41782
0.244445 -0.079341 0.046537 -0.597718 -0.41782
0.244445 -0.079341 0.046537 -0.597718 -0.41782
0.244445 -0.079341 0.046537 -0.597718 -0.41782
0.244445 -0.079341 0.046537 -0.597718 -0.41782
0.244445 -0.079341 0.046537 -0.597718 -0.41782
0.231624 -0.075952 0.120007 0.041883 -0.207887
0.096135 -0.342701 -0.113325 -0.180835 0.177875
0.096135 -0.342701 -0.113325 -0.180835 0.177875
0.068338 -0.314044 -0.122213 -0.307087 0.060745
0.057477 -0.321109 -0.110526 -0.333047 0.068325
0.057477 -0.321109 -0.110526 -0.333047 0.068325
0.057477 -0.321109 -0.110526 -0.333047 0.068325
0.057477 -0.321109 -0.110526 -0.333047 0.068325
0.017809 -0.320472 -0.103444 -0.393467 -0.183968
-0.004467 -0.314955 -0.136162 -0.503924 -0.17946
0.041933 -0.27956 -0.10761 -0.340912 -0.047835
0.027019 -0.321305 -0.10031 -0.384815 -0.156104
0.027019 -0.321305 -0.10031 -0.384815 -0.156104
0.267822 -0.021562 0.102471 -0.05788 -0.14257
0.267822 -0.021562 0.102471 -0.05788 -0.14257
0.267822 -0.021562 0.102471 -0.05788 -0.14257
0.26593 -0.023893 0.098323 -0.048506 -0.107079
0.199184 -0.019174 0.133921 0.155553 -0.180238
0.125181 -0.257068 0.017706 0.087048 0.170867
0.116846 -0.334048 -0.073507 -0.258624 0.090453
0.108738 -0.299838 -0.016603 -0.101571 0.038199
0.217444 -0.144771 0.139302 0.362749 0.1067
0.217444 -0.144771 0.139302 0.362749 0.1067
0.282864 -0.144043 0.06416 0.277687 0.370681
0.114824 -0.24181 -0.030954 -0.152855 0.130232
0.254454 -0.064139 0.052045 -0.178679 0.03775
0.206645 -0.054639 0.043328 -0.429073 -0.213416
0.225463 0.011963 0.074706 -0.087439 0.068663
0.232653 -0.000284 0.028675 -0.195259 0.123183
0.176996 -0.044709 -0.005089 -0.256363 0.08422
0.175393 -0.058997 -0.006932 -0.41086 -0.031956
0.175393 -0.058997 -0.006932 -0.41086 -0.031956
0.165801 -0.099279 -0.001898 -0.408636 -0.111239
0.231056 -0.030919 0.06259 -0.293014 -0.241167
0.231056 -0.030919 0.06259 -0.293014 -0.241167
0.15808 -0.195305 0.002699 -0.049436 0.11714
0.159798 -0.183968 0.03303 0.022531 0.064631
0.159798 -0.183968 0.03303 0.022531 0.064631
0.124905 -0.263172 -0.07163 0.048808 0.405448
0.124905 -0.263172 -0.07163 0.048808 0.405448
0.159368 -0.163272 -0.004189 -0.061669 0.177148
0.159368 -0.163272 -0.004189 -0.061669 0.177148
0.233202 -0.032806 0.129028 0.197096 0.092824
0.190999 -0.06343 0.078683 0.040405 0.051696
0.208078 -0.071685 0.047487 -0.28492 -0.171336
0.057539 -0.336862 -0.072123 -0.137535 0.108871
0.057539 -0.336862 -0.072123 -0.137535 0.108871
0.195627 -0.11755 0.000739 -0.279578 0.012628
0.146338 -0.22306 -0.02561 -0.116393 0.14542
0.146338 -0.22306 -0.02561 -0.116393 0.14542
0.192716 -0.1723 0.061151 -0.185722 -0.137486
0.192716 -0.1723 0.061151 -0.185722 -0.137486
0.192716 -0.1723 0.061151 -0.185722 -0.137486
0.192716 -0.1723 0.061151 -0.185722 -0.137486
0.197193 -0.213135 0.047435 -0.139994 -0.027064
0.197193 -0.213135 0.047435 -0.139994 -0.027064
0.175114 -0.217245 -0.00848 -0.247169 0.078186
0.175114 -0.217245 -0.00848 -0.247169 0.078186
0.094875 -0.224464 -0.025302 -0.33759 -0.134464
0.250399 -0.104337 0.027562 -0.00775 0.168155
0.229792 -0.081571 0.067351 0.030498 -0.0416
0.229792 -0.081571 0.067351 0.030498 -0.0416
0.275416 -0.10296 0.033679 -0.178022 -0.002311
0.198139 -0.220952 0.022219 0.116825 0.165144
0.135695 -0.281939 -0.040311 0.148939 0.368055
0.135695 -0.281939 -0.040311 0.148939 0.368055
0.178813 -0.250359 -0.021661 0.13184 0.207471
0.170411 -0.165322 -0.035955 0.111445 0.450067
0.06523 -0.270899 -0.097238 -0.146334 0.159066
0.090178 -0.365375 -0.127444 -0.32118 0.164941
0.090178 -0.365375 -0.127444 -0.32118 0.164941
0.090178 -0.365375 -0.127444 -0.32118 0.164941
0.090178 -0.365375 -0.127444 -0.32118 0.164941
0.090178 -0.365375 -0.127444 -0.32118 0.164941
0.090178 -0.365375 -0.127444 -0.32118 0.164941
0.090178 -0.365375 -0.127444 -0.32118 0.164941
0.090178 -0.365375 -0.127444 -0.32118 0.164941
0.021343 -0.321524 -0.177439 -0.301977 0.263022
0.072361 -0.268996 -0.134005 -0.123461 0.31499
0.223581 -0.056746 0.040885 0.123099 0.240502
0.315253 -0.095924 0.141985 0.142323 -0.042369
0.315253 -0.095924 0.141985 0.142323 -0.042369
0.315253 -0.095924 0.141985 0.142323 -0.042369
0.315253 -0.095924 0.141985 0.142323 -0.042369
0.315253 -0.095924 0.141985 0.142323 -0.042369
0.315253 -0.095924 0.141985 0.142323 -0.042369
0.295798 -0.108015 0.124186 0.065217 -0.148191
0.319811 -0.09397 0.137376 0.017319 -0.166647
0.201105 -0.282423 -0.042405 -0.473275 -0.215902
0.234964 -0.246113 -0.016766 -0.482611 -0.249525
0.234964 -0.246113 -0.016766 -0.482611 -0.249525
0.19198 -0.313934 -0.045911 -0.019281 0.201468
0.146045 -0.350786 -0.055324 0.171291 0.301366
0.146045 -0.350786 -0.055324 0.171291 0.301366
0.146045 -0.350786 -0.055324 0.171291 0.301366
0.048821 -0.402446 -0.179734 -0.268077 0.249421
0.049768 -0.279151 -0.117386 -0.358551 0.043817
0.153351 -0.165079 -0.008804 -0.010419 0.169392
0.212444 -0.23074 0.010887 0.082322 0.220641
0.221233 -0.203627 0.080834 0.133601 0.059905
0.221233 -0.203627 0.080834 0.133601 0.059905
0.209795 -0.216326 0.054857 0.102759 0.090875
0.156442 -0.233385 -0.003674 0.015794 0.196734
0.180961 -0.306679 0.032326 0.007597 0.08413
0.207031 -0.191624 0.00328 -0.371182 -0.154971
0.227271 -0.138105 0.015869 -0.278933 -0.048134
0.227271 -0.138105 0.015869 -0.278933 -0.048134
0.076635 -0.195631 0.003684 -0.15511 -0.124682
0.136034 -0.142497 0.058742 -0.166799 -0.214618
0.136034 -0.142497 0.058742 -0.166799 -0.214618
0.136034 -0.142497 0.058742 -0.166799 -0.214618
0.136034 -0.142497 0.058742 -0.166799 -0.214618
0.233278 -0.021723 0.071515 -0.28511 -0.10602
0.189936 -0.235946 0.031887 -0.16112 -0.075229
0.176479 -0.225399 0.024062 -0.005468 -0.085517
0.206535 -0.174568 0.047342 -0.227723 -0.256887
0.206535 -0.174568 0.047342 -0.227723 -0.256887
0.206535 -0.174568 0.047342 -0.227723 -0.256887
0.206535 -0.174568 0.047342 -0.227723 -0.256887
0.157354 -0.202773 -0.047844 -0.509259 -0.157556
0.147205 -0.274651 -0.036224 -0.381654 -0.148536
0.147205 -0.274651 -0.036224 -0.381654 -0.148536
0.239835 -0.107298 0.14394 0.006923 -0.247054
0.186796 -0.163131 0.112528 0.009543 -0.195599
0.260574 -0.09744 0.115759 -0.107834 -0.186022
0.260574 -0.09744 0.115759 -0.107834 -0.186022
0.216204 -0.117945 0.099571 -0.061018 -0.132195
0.216204 -0.117945 0.099571 -0.061018 -0.132195
0.238939 -0.118211 0.078004 -0.009819 -0.050304
0.307682 -0.041866 0.134554 -0.11781 -0.251102
