-0.172811 -0.031592 -0.242214 -0.619804 -0.471214
0.262374 -0.181798 0.077512 -0.110918 -0.1926
0.35294 0.059386 0.181076 -0.052933 -0.246498
0.235054 -0.181906 0.013382 0.008914 0.148494
0.186607 -0.16189 0.006145 -0.219186 -0.063529
0.186607 -0.16189 0.006145 -0.219186 -0.063529
0.11958 -0.224469 -0.055978 -0.310971 0.090447
0.11958 -0.224469 -0.055978 -0.310971 0.090447
0.222007 -0.187295 0.065141 -0.006774 -0.083304
0.222007 -0.187295 0.065141 -0.006774 -0.083304
0.261283 -0.1115 0.101976 -0.042095 -0.14675
0.1904 -0.230504 0.013111 -0.045763 0.010721
0.1904 -0.230504 0.013111 -0.045763 0.010721
0.131735 -0.259932 -0.037748 -0.238259 -0.009871
0.207481 -0.095694 0.022055 -0.393964 -0.291129
0.167346 -0.206693 0.074518 0.073902 -0.036578
0.195401 -0.12835 -0.020353 -0.193641 0.083128
0.195401 -0.12835 -0.020353 -0.193641 0.083128
0.203129 -0.142693 0.002676 -0.116083 0.116501
0.165643 -0.264588 -0.023974 -0.10189 0.019633
0.165643 -0.264588 -0.023974 -0.10189 0.019633
0.210847 -0.167736 0.03558 -0.09501 0.033817
0.170294 -0.193161 0.002067 -0.406657 -0.143461
0.23083 -0.163803 0.050272 -0.07605 0.020815
0.180293 -0.19521 0.10569 0.069697 -0.081758
0.180293 -0.19521 0.10569 0.069697 -0.081758
0.223048 -0.128945 0.115491 0.134512 -0.079232
0.223048 -0.128945 0.115491 0.134512 -0.079232
0.223048 -0.128945 0.115491 0.134512 -0.079232
0.130993 -0.302908 0.043399 0.092505 -0.067849
0.144893 -0.286706 -0.016855 -0.478749 -0.251747
0.144893 -0.286706 -0.016855 -0.478749 -0.251747
0.144893 -0.286706 -0.016855 -0.478749 -0.251747
0.144893 -0.286706 -0.016855 -0.478749 -0.251747
0.224252 -0.107894 0.045076 -0.616529 -0.430253
0.224252 -0.107894 0.045076 -0.616529 -0.430253
0.07194 -0.325477 -0.093186 -0.566851 -0.115388
0.07194 -0.325477 -0.093186 -0.566851 -0.115388
0.07194 -0.325477 -0.093186 -0.566851 -0.115388
0.07194 -0.325477 -0.093186 -0.566851 -0.115388
0.07194 -0.325477 -0.093186 -0.566851 -0.115388
0.07194 -0.325477 -0.093186 -0.566851 -0.115388
0.07194 -0.325477 -0.093186 -0.566851 -0.115388
0.07194 -0.325477 -0.093186 -0.566851 -0.115388
0.07194 -0.325477 -0.093186 -0.566851 -0.115388
0.255018 -0.142193 0.0985 0.139076 0.151499
0.121639 -0.265592 -0.004394 0.074423 0.198182
0.121639 -0.265592 -0.004394 0.074423 0.198182
0.214652 -0.180751 0.055862 0.149282 0.177153
0.25489 -0.156453 0.062615 0.11285 0.237451
0.25489 -0.156453 0.062615 0.11285 0.237451
0.182841 -0.1666 0.059728 0.031536 -0.046792
0.182841 -0.1666 0.059728 0.031536 -0.046792
0.180356 -0.160483 0.035471 -0.353791 -0.294218
0.180356 -0.160483 0.035471 -0.353791 -0.294218
0.192448 -0.168316 0.071019 0.042396 -0.040973
0.192448 -0.168316 0.071019 0.042396 -0.040973
0.240872 -0.080114 0.08203 -0.026009 -0.041607
0.129825 -0.115753 -0.007131 -0.073946 0.136423
0.146592 -0.077982 0.023692 -0.037564 0.070065
0.157058 -0.272841 -0.040453 -0.031357 0.131612
0.130862 -0.171902 -0.044841 -0.103283 0.149967
0.215771 -0.07731 0.006436 -0.081142 0.128973
0.215771 -0.07731 0.006436 -0.081142 0.128973
0.142628 -0.076037 0.010572 0.088475 0.257983
0.204029 -0.143048 0.061714 0.262548 0.307448
0.204029 -0.143048 0.061714 0.262548 0.307448
0.204029 -0.143048 0.061714 0.262548 0.307448
0.204029 -0.143048 0.061714 0.262548 0.307448
0.204029 -0.143048 0.061714 0.262548 0.307448
0.204029 -0.143048 0.061714 0.262548 0.307448
0.127486 -0.1439 0.018947 0.091966 0.194627
0.168909 -0.216009 -0.068957 -0.550627 -0.194585
0.168909 -0.216009 -0.068957 -0.550627 -0.194585
0.168909 -0.216009 -0.068957 -0.550627 -0.194585
0.168909 -0.216009 -0.068957 -0.550627 -0.194585
0.168909 -0.216009 -0.068957 -0.550627 -0.194585
0.175493 -0.19783 -0.034321 -0.348621 -0.152706
0.253361 -0.028087 0.066431 -0.334413 -0.357909
0.253361 -0.028087 0.066431 -0.334413 -0.357909
0.253361 -0.028087 0.066431 -0.334413 -0.357909
0.253361 -0.028087 0.066431 -0.334413 -0.357909
0.253361 -0.028087 0.066431 -0.334413 -0.357909
0.253361 -0.028087 0.066431 -0.334413 -0.357909
0.253361 -0.028087 0.066431 -0.334413 -0.357909
0.202008 -0.121127 0.045676 -0.14751 -0.123628
0.202008 -0.121127 0.045676 -0.14751 -0.123628
0.202008 -0.121127 0.045676 -0.14751 -0.123628
0.202008 -0.121127 0.045676 -0.14751 -0.123628
0.202008 -0.121127 0.045676 -0.14751 -0.123628
0.202008 -0.121127 0.045676 -0.14751 -0.123628
0.229251 -0.064678 0.117701 0.126797 -0.02457
0.099344 -0.321228 -0.092232 -0.35798 0.087771
0.099344 -0.321228 -0.092232 -0.35798 0.087771
0.105741 -0.201411 -0.113478 -0.39389 0.155162
0.201673 -0.107055 -0.0071 -0.310851 -0.025293
0.201673 -0.107055 -0.0071 -0.310851 -0.025293
0.201673 -0.107055 -0.0071 -0.310851 -0.025293
0.180604 -0.250415 0.062115 0.127266 -0.058343
0.056951 -0.435988 -0.064793 0.069914 0.089176
0.037957 -0.359589 -0.038074 0.094404 0.041212
-0.038107 -0.425797 -0.149766 -0.040001 0.212521
-0.038107 -0.425797 -0.149766 -0.040001 0.212521
-0.016083 -0.413566 -0.094499 0.084795 0.187293
-0.016083 -0.413566 -0.094499 0.084795 0.187293
0.181727 -0.21011 0.042554 -0.111291 -0.077979
0.192635 -0.209359 0.021795 -0.130235 -0.137454
0.231612 -0.143931 0.067039 0.006416 -0.042486
0.231612 -0.143931 0.067039 0.006416 -0.042486
0.257793 -0.103596 0.072952 -0.094122 -0.035066
0.255267 -0.136345 0.020937 -0.253731 -0.146093
0.146429 -0.150882 -0.012246 -0.187908 -0.055982
0.146429 -0.150882 -0.012246 -0.187908 -0.055982
0.084536 -0.16671 -0.089267 -0.352245 0.032164
0.197652 -0.052619 0.023848 -0.157565 -0.091165
0.296588 -0.004262 0.137804 0.108577 -0.136463
0.296588 -0.004262 0.137804 0.108577 -0.136463
0.252775 -0.053301 0.058439 -0.096081 -0.072297
0.252775 -0.053301 0.058439 -0.096081 -0.072297
0.130917 -0.246761 -0.077802 -0.253547 0.054348
0.083204 -0.262617 -0.076255 -0.063396 0.186713
0.083204 -0.262617 -0.076255 -0.063396 0.186713
0.042871 -0.283346 -0.035992 -0.060896 -0.129792
0.091032 -0.160763 -0.023465 -0.13298 -0.140971
0.153595 -0.145142 -0.048509 -0.290407 -0.104473
0.153595 -0.145142 -0.048509 -0.290407 -0.104473
0.153595 -0.145142 -0.048509 -0.290407 -0.104473
0.195806 -0.20484 -0.012995 -0.080272 0.062798
0.177161 -0.18888 -0.030408 -0.184408 0.019904
0.177161 -0.18888 -0.030408 -0.184408 0.019904
0.130811 -0.178141 -0.044015 0.033071 0.330809
0.20053 -0.119272 -0.001672 -0.191707 0.009225
0.20053 -0.119272 -0.001672 -0.191707 0.009225
0.20053 -0.119272 -0.001672 -0.191707 0.009225
0.266288 -0.103482 0.098094 0.114731 -0.064335
0.283385 -0.113279 0.059216 -0.027206 -0.01244
0.249846 -0.115107 0.02937 -0.310174 -0.208674
0.249846 -0.115107 0.02937 -0.310174 -0.208674
0.119697 -0.333707 -0.042471 -0.107371 0.003361
0.119697 -0.333707 -0.042471 -0.107371 0.003361
0.136335 -0.353377 -0.050096 -0.078164 0.04779
0.276636 -0.102769 0.077538 -0.16754 -0.251615
0.276636 -0.102769 0.077538 -0.16754 -0.251615
0.276636 -0.102769 0.077538 -0.16754 -0.251615
0.214507 -0.162442 0.052952 0.136705 0.044249
0.214507 -0.162442 0.052952 0.136705 0.044249
0.262035 -0.17588 0.033499 -0.025074 0.018693
0.126979 -0.314088 -0.065357 0.125289 0.266963
0.234439 -0.145503 0.039273 0.126673 0.191302
0.199735 -0.258933 -0.016673 -0.217171 -0.036089
0.172801 -0.20448 -0.002147 -0.145631 -0.020938
0.191506 -0.171587 0.094808 0.267207 0.140059
0.191506 -0.171587 0.094808 0.267207 0.140059
0.105113 -0.224657 -0.00593 0.16319 0.283003
0.104439 -0.219957 -0.051839 0.141553 0.367368
0.104439 -0.219957 -0.051839 0.141553 0.367368
0.104439 -0.219957 -0.051839 0.141553 0.367368
0.104439 -0.219957 -0.051839 0.141553 0.367368
0.07859 -0.244926 -0.069582 -0.092179 0.153962
0.07859 -0.244926 -0.069582 -0.092179 0.153962
0.134755 -0.1721 -0.026984 -0.115843 0.061422
0.134755 -0.1721 -0.026984 -0.115843 0.061422
0.148634 -0.142056 -0.040805 -0.244232 0.048416
0.247442 -0.122455 0.085467 -0.019545 -0.148125
0.229148 -0.096934 0.086673 -0.137213 -0.21228
0.259817 -0.022196 0.126133 -0.127349 -0.223155
0.185923 -0.107355 0.030232 -0.109616 -0.042265
0.129562 -0.227064 -0.005426 0.113347 0.273944
0.197795 -0.097327 0.087198 -0.046054 -0.068592
0.197795 -0.097327 0.087198 -0.046054 -0.068592
0.249253 0.028812 0.16899 -0.035248 -0.382083
0.249253 0.028812 0.16899 -0.035248 -0.382083
0.249253 0.028812 0.16899 -0.035248 -0.382083
0.328359 0.091345 0.223903 0.105105 -0.317562
0.26759 -0.036973 0.199371 0.194819 -0.261174
0.26759 -0.036973 0.199371 0.194819 -0.261174
0.320482 0.070123 0.188932 0.058207 -0.164411
0.278023 -0.033739 0.162288 -0.181598 -0.30736
0.278023 -0.033739 0.162288 -0.181598 -0.30736
0.25602 -0.029273 0.135525 -0.253531 -0.324196
0.25602 -0.029273 0.135525 -0.253531 -0.324196
0.158967 -0.096234 0.056495 -0.099227 -0.023486
0.220685 0.012111 0.10762 0.028348 -0.098285
0.124247 -0.102756 0.014232 0.048658 0.077309
0.040327 -0.37024 -0.123097 -0.323082 0.172445
0.118194 -0.214644 0.00151 0.055785 0.087977
0.072512 -0.325274 -0.028759 0.029868 0.142119
0.072512 -0.325274 -0.028759 0.029868 0.142119
0.134177 -0.273982 0.061742 0.208322 0.078519
0.134177 -0.273982 0.061742 0.208322 0.078519
0.110237 -0.36891 0.013464 0.195461 0.176423
0.110237 -0.36891 0.013464 0.195461 0.176423
0.266154 -0.240208 0.076992 0.259487 0.20608
0.183511 -0.355212 -0.00417 0.314305 0.377992
0.260775 -0.150458 0.087919 -0.083212 -0.057193
0.243399 -0.069628 0.158472 0.237651 -0.065835
0.179551 -0.139637 0.08121 0.212093 0.112889
0.179551 -0.139637 0.08121 0.212093 0.112889
0.196756 -0.130603 0.055941 0.182143 0.111216
0.196756 -0.130603 0.055941 0.182143 0.111216
0.196756 -0.130603 0.055941 0.182143 0.111216
0.094843 -0.226611 0.008623 0.113604 0.097435
0.094843 -0.226611 0.008623 0.113604 0.097435
0.167836 -0.161272 0.090025 0.184611 0.035928
0.245468 -0.015154 0.118319 -0.009428 -0.028798
0.161528 -0.193884 -0.016722 -0.175564 0.01475
0.117674 -0.254017 -0.007231 -0.04362 0.080564
0.199529 -0.267606 0.014598 -0.009868 0.063216
0.199529 -0.267606 0.014598 -0.009868 0.063216
0.199529 -0.267606 0.014598 -0.009868 0.063216
0.263239 -0.135716 0.075863 -0.124088 -0.178436
0.277261 -0.04651 0.121429 -0.27882 -0.416882
0.277261 -0.04651 0.121429 -0.27882 -0.416882
0.277261 -0.04651 0.121429 -0.27882 -0.416882
0.277261 -0.04651 0.121429 -0.27882 -0.416882
0.277261 -0.04651 0.121429 -0.27882 -0.416882
0.277261 -0.04651 0.121429 -0.27882 -0.416882
0.201491 -0.103753 0.045075 -0.341512 -0.276429
0.201491 -0.103753 0.045075 -0.341512 -0.276429
0.201491 -0.103753 0.045075 -0.341512 -0.276429
0.201491 -0.103753 0.045075 -0.341512 -0.276429
0.201491 -0.103753 0.045075 -0.341512 -0.276429
0.201491 -0.103753 0.045075 -0.341512 -0.276429
0.205804 -0.038711 0.077811 -0.350552 -0.471997
0.205804 -0.038711 0.077811 -0.350552 -0.471997
0.205804 -0.038711 0.077811 -0.350552 -0.471997
0.1151 -0.160846 0.00367 -0.199132 -0.202505
0.1151 -0.160846 0.00367 -0.199132 -0.202505
0.159674 -0.209327 0.004371 -0.209911 -0.027014
0.195024 -0.199634 0.015741 -0.248594 -0.10951
0.195024 -0.199634 0.015741 -0.248594 -0.10951
0.151758 -0.208843 0.054851 0.223655 0.131216
0.151758 -0.208843 0.054851 0.223655 0.131216
0.120608 -0.418413 -0.038147 0.066078 0.278018
0.120608 -0.418413 -0.038147 0.066078 0.278018
0.112166 -0.35626 -0.034884 -0.143745 0.146272
0.107691 -0.400824 -0.054556 -0.195547 0.128226
0.045103 -0.485685 -0.104785 -0.046087 0.277777
0.045103 -0.485685 -0.104785 -0.046087 0.277777
0.067924 -0.506433 -0.090177 -0.178261 -0.022453
0.075287 -0.562837 -0.091544 -0.145158 0.129218
0.075287 -0.562837 -0.091544 -0.145158 0.129218
0.075287 -0.562837 -0.091544 -0.145158 0.129218
0.075287 -0.562837 -0.091544 -0.145158 0.129218
0.239576 -0.337715 0.014893 -0.186186 -0.11189
0.155898 -0.325216 0.017647 -0.189952 -0.055425
0.188167 -0.30418 0.010122 -0.468608 -0.278974
0.188167 -0.30418 0.010122 -0.468608 -0.278974
0.213744 -0.257998 0.045746 -0.22073 -0.21093
0.213744 -0.257998 0.045746 -0.22073 -0.21093
0.145283 -0.232666 -0.012282 -0.430176 -0.220847
0.145283 -0.232666 -0.012282 -0.430176 -0.220847
0.145283 -0.232666 -0.012282 -0.430176 -0.220847
0.145283 -0.232666 -0.012282 -0.430176 -0.220847
0.187641 -0.290777 0.019694 -0.055172 0.140554
0.208259 -0.219451 0.049954 0.005375 0.140797
0.143313 -0.308944 0.008104 0.366823 0.404703
0.143313 -0.308944 0.008104 0.366823 0.404703
0.135991 -0.321987 -0.08567 -0.162108 0.175143
0.23437 -0.200472 0.003202 -0.247585 -0.092834
0.23437 -0.200472 0.003202 -0.247585 -0.092834
0.186636 -0.224291 -0.019723 -0.121402 0.186016
0.186636 -0.224291 -0.019723 -0.121402 0.186016
0.20483 -0.231575 -0.005547 -0.032922 0.138319
0.20483 -0.231575 -0.005547 -0.032922 0.138319
0.098598 -0.370401 -0.093885 -0.173303 0.131413
0.098598 -0.370401 -0.093885 -0.173303 0.131413
0.098598 -0.370401 -0.093885 -0.173303 0.131413
0.165854 -0.231512 -0.03343 -0.280667 -0.093709
0.165854 -0.231512 -0.03343 -0.280667 -0.093709
0.165854 -0.231512 -0.03343 -0.280667 -0.093709
0.165854 -0.231512 -0.03343 -0.280667 -0.093709
0.189248 -0.12395 0.035127 -0.285721 -0.212716
0.149229 -0.18437 0.028675 0.006187 0.033821
0.130305 -0.164599 0.060067 0.070447 0.045186
0.191658 -0.09415 0.107083 0.29636 0.180696
0.133824 -0.171051 0.047564 0.198154 0.214396
0.133824 -0.171051 0.047564 0.198154 0.214396
0.223323 -0.215189 0.078948 0.075131 0.003558
0.252135 -0.077092 0.103017 -0.01876 -0.019893
0.208347 -0.122169 0.106216 0.131424 0.009021
0.229532 -0.121394 0.128614 0.114072 -0.038826
0.229532 -0.121394 0.128614 0.114072 -0.038826
0.177082 -0.117012 0.13915 0.24522 -0.042996
0.177082 -0.117012 0.13915 0.24522 -0.042996
0.249561 -0.04512 0.155904 0.128509 -0.109247
0.109388 -0.176386 0.045787 0.128424 0.070037
0.061527 -0.348823 -0.030097 0.010638 0.11681
0.061527 -0.348823 -0.030097 0.010638 0.11681
0.163193 -0.240198 0.000612 0.268792 0.304866
0.097981 -0.342442 -0.096187 0.032889 0.389605
0.222599 -0.21725 -0.007228 0.110622 0.352207
0.222599 -0.21725 -0.007228 0.110622 0.352207
0.160022 -0.243871 -0.063726 -0.043632 0.327256
0.127645 -0.30016 -0.068155 -0.173507 0.163449
0.127645 -0.30016 -0.068155 -0.173507 0.163449
0.060325 -0.383474 -0.044269 0.097274 0.189167
0.120978 -0.391908 -0.095627 -0.204825 0.197568
0.142838 -0.351712 -0.054729 -0.159753 0.174518
0.164384 -0.273595 -0.089315 -0.421271 0.149541
0.164384 -0.273595 -0.089315 -0.421271 0.149541
0.164384 -0.273595 -0.089315 -0.421271 0.149541
0.164384 -0.273595 -0.089315 -0.421271 0.149541
0.164384 -0.273595 -0.089315 -0.421271 0.149541
0.164384 -0.273595 -0.089315 -0.421271 0.149541
0.164384 -0.273595 -0.089315 -0.421271 0.149541
0.2536 -0.135991 0.034536 -0.309928 -0.0663
0.2536 -0.135991 0.034536 -0.309928 -0.0663
0.219757 -0.160679 0.058602 -0.024847 0.058895
0.206101 -0.180102 0.067134 -0.021121 -0.009882
0.247539 -0.143884 0.123729 0.238174 0.02521
0.367615 -0.042957 0.198431 0.268649 0.144989
0.39472 -0.054981 0.159519 0.009194 -0.215812
0.424487 0.078487 0.199506 -0.038338 -0.108476
0.424487 0.078487 0.199506 -0.038338 -0.108476
0.397108 0.08052 0.139631 -0.340657 -0.266743
0.397108 0.08052 0.139631 -0.340657 -0.266743
0.217201 -0.085996 0.030329 0.070656 0.231248
0.222057 -0.04789 0.083543 0.025174 0.018096
0.228342 -0.094941 0.081175 0.163296 0.139798
0.182204 -0.176025 0.001975 -0.050341 0.087394
0.20149 -0.094626 0.050452 -0.005856 0.072935
0.156177 -0.300506 -0.011617 -0.311351 -0.164993
0.156177 -0.300506 -0.011617 -0.311351 -0.164993
0.175687 -0.229917 -0.026731 -0.075843 0.189616
0.150328 -0.191604 -0.036417 -0.504297 -0.225318
0.150328 -0.191604 -0.036417 -0.504297 -0.225318
0.150328 -0.191604 -0.036417 -0.504297 -0.225318
0.226395 -0.098871 0.090936 -0.165322 -0.31208
0.226395 -0.098871 0.090936 -0.165322 -0.31208
0.246766 -0.081621 0.136578 -0.02279 -0.216312
0.246766 -0.081621 0.136578 -0.02279 -0.216312
0.173639 -0.224741 0.029163 0.088904 0.08966
0.173639 -0.224741 0.029163 0.088904 0.08966
0.173639 -0.224741 0.029163 0.088904 0.08966
0.173639 -0.224741 0.029163 0.088904 0.08966
0.054602 -0.297262 -0.067169 -0.080573 0.16897
0.114653 -0.23312 -0.012429 0.087113 0.15386
0.114653 -0.23312 -0.012429 0.087113 0.15386
0.153555 -0.207675 -0.01764 -0.002889 0.172488
0.153555 -0.207675 -0.01764 -0.002889 0.172488
0.252682 -0.120207 0.091832 0.179215 0.185718
0.178706 -0.058019 0.087386 0.085275 0.070814
0.230343 -0.023257 0.086714 -0.183901 -0.074127
0.230343 -0.023257 0.086714 -0.183901 -0.074127
0.177097 -0.083778 0.073658 0.011331 -0.001954
0.177097 -0.083778 0.073658 0.011331 -0.001954
0.14667 -0.208766 0.004276 -0.231812 -0.022393
0.14667 -0.208766 0.004276 -0.231812 -0.022393
0.241924 -0.121759 0.097997 0.19263 0.211296
0.293959 -0.026405 0.107887 -0.140922 -0.036273
0.267294 -0.051489 0.146226 0.320302 0.131239
0.267294 -0.051489 0.146226 0.320302 0.131239
0.292263 -0.126698 0.093854 0.023318 0.107005
0.242674 -0.190103 -0.001934 -0.285344 0.019514
0.295082 -0.137846 0.0604 -0.035689 -0.025868
0.232389 -0.251831 -0.032607 -0.106359 0.079003
0.164827 -0.3582 -0.071703 0.029567 0.328904
0.105066 -0.453477 -0.175691 -0.322869 0.330935
0.101787 -0.428605 -0.145966 -0.243717 0.343855
0.105026 -0.376409 -0.084132 -0.12812 0.134449
0.105026 -0.376409 -0.084132 -0.12812 0.134449
0.182468 -0.205445 0.053128 0.071483 0.038083
0.161437 -0.23812 -0.005851 -0.005459 0.147
0.110606 -0.32151 -0.054391 0.087594 0.343925
0.153429 -0.18503 0.058233 0.109606 0.095903
0.121815 -0.282662 0.001425 0.137995 0.275563
0.121815 -0.282662 0.001425 0.137995 0.275563
0.221198 -0.150176 0.047076 -0.125764 0.027822
0.221198 -0.150176 0.047076 -0.125764 0.027822
0.21139 -0.097492 0.037974 0.017444 0.198784
0.15993 -0.166964 -0.010309 -0.006718 0.296573
0.195638 -0.181532 0.09376 0.29474 0.246183
0.195638 -0.181532 0.09376 0.29474 0.246183
0.127614 -0.243276 0.007082 0.42184 0.523123
0.127614 -0.243276 0.007082 0.42184 0.523123
0.249064 -0.191124 0.05026 0.051743 0.107827
0.249064 -0.191124 0.05026 0.051743 0.107827
0.249064 -0.191124 0.05026 0.051743 0.107827
0.281441 -0.099587 0.10455 0.083667 0.008133
0.181106 -0.239124 -0.007376 -0.366365 -0.140749
0.181106 -0.239124 -0.007376 -0.366365 -0.140749
0.181106 -0.239124 -0.007376 -0.366365 -0.140749
0.101587 -0.331455 -0.102735 -0.480487 -0.02522
0.138449 -0.301064 -0.033225 -0.144479 0.160979
0.053635 -0.353029 -0.073198 0.018223 0.348836
0.053635 -0.353029 -0.073198 0.018223 0.348836
0.082308 -0.356472 -0.061292 -0.027687 0.268824
0.082308 -0.356472 -0.061292 -0.027687 0.268824
0.082308 -0.356472 -0.061292 -0.027687 0.268824
0.188831 -0.170513 0.006931 -0.1366 0.06843
0.19259 -0.133549 0.029226 -0.128251 0.009604
0.199128 -0.120858 0.035689 -0.19836 -0.045468
0.245171 -0.149766 0.040157 -0.051117 0.13091
0.245171 -0.149766 0.040157 -0.051117 0.13091
0.212248 -0.124441 0.041496 0.058958 0.179128
0.31816 -0.000309 0.127975 -0.060932 -0.117796
0.31816 -0.000309 0.127975 -0.060932 -0.117796
0.319872 -0.051089 0.124001 -0.402845 -0.301463
0.241954 -0.177712 0.097458 0.233073 0.197831
0.297891 -0.055514 0.207199 0.239537 -0.093808
0.262618 -0.109176 0.144236 0.173949 -0.003963
0.262618 -0.109176 0.144236 0.173949 -0.003963
0.290034 -0.093211 0.142174 -0.008502 -0.169554
0.290034 -0.093211 0.142174 -0.008502 -0.169554
0.308848 -0.041813 0.186557 0.255417 -0.03416
0.312252 -0.045005 0.14057 -0.113686 -0.119252
0.312252 -0.045005 0.14057 -0.113686 -0.119252
0.267765 -0.116757 0.096029 -0.209222 -0.215305
0.267765 -0.116757 0.096029 -0.209222 -0.215305
0.306959 -0.031798 0.128205 0.184892 0.105904
0.306959 -0.031798 0.128205 0.184892 0.105904
0.253954 -0.179132 0.107129 -0.0852 -0.166961
0.252209 -0.135723 0.128216 0.012232 -0.070592
0.025849 -0.299903 -0.033837 -0.233265 -0.079874
0.025849 -0.299903 -0.033837 -0.233265 -0.079874
0.063213 -0.240633 -0.072209 -0.237376 0.032482
0.063213 -0.240633 -0.072209 -0.237376 0.032482
0.13446 -0.229799 -0.012631 -0.140629 -0.000943
0.13446 -0.229799 -0.012631 -0.140629 -0.000943
0.07531 -0.340305 -0.055903 0.012716 0.181362
0.07531 -0.340305 -0.055903 0.012716 0.181362
0.193051 -0.17142 -0.01417 -0.264786 -0.137241
0.193051 -0.17142 -0.01417 -0.264786 -0.137241
0.193051 -0.17142 -0.01417 -0.264786 -0.137241
0.193051 -0.17142 -0.01417 -0.264786 -0.137241
0.226754 -0.104855 0.068208 -0.050025 -0.145546
0.084553 -0.237675 -0.01125 -0.254871 -0.059621
0.084553 -0.237675 -0.01125 -0.254871 -0.059621
0.084553 -0.237675 -0.01125 -0.254871 -0.059621
0.166744 -0.202678 0.060164 -0.206974 -0.183781
0.186203 -0.205156 0.074339 -0.077347 -0.068927
0.071602 -0.266822 -0.014383 -0.112451 -0.020575
0.071602 -0.266822 -0.014383 -0.112451 -0.020575
0.025849 -0.37644 -0.046315 0.005911 0.094916
0.069492 -0.422109 -0.152208 -0.169133 0.318622
0.114561 -0.418074 -0.065142 -0.06022 0.206987
0.193104 -0.155749 0.064173 -0.239791 -0.171261
0.193104 -0.155749 0.064173 -0.239791 -0.171261
0.205339 -0.130307 0.080034 -0.289573 -0.379117
0.199735 -0.123663 0.046567 -0.075575 -0.058217
0.143959 -0.217183 -0.00168 -0.14063 0.020864
0.104399 -0.272491 -0.039165 -0.216048 0.051886
0.083481 -0.303473 -0.074268 -0.176633 0.111713
0.065806 -0.365625 -0.082321 -0.001322 0.188285
0.080682 -0.238367 0.00907 0.313677 0.31608
0.080682 -0.238367 0.00907 0.313677 0.31608
0.080682 -0.238367 0.00907 0.313677 0.31608
0.080682 -0.238367 0.00907 0.313677 0.31608
0.080682 -0.238367 0.00907 0.313677 0.31608
0.296614 -0.034162 0.098323 -0.158437 -0.218037
0.296614 -0.034162 0.098323 -0.158437 -0.218037
0.159481 -0.20451 0.035016 -0.133673 -0.134911
0.159481 -0.20451 0.035016 -0.133673 -0.134911
0.227195 -0.070523 0.106273 0.04612 -0.08077
0.164927 -0.142035 0.005192 -0.166215 -0.077554
0.137982 -0.299678 -0.042604 0.001199 0.179745
0.137982 -0.299678 -0.042604 0.001199 0.179745
0.137982 -0.299678 -0.042604 0.001199 0.179745
0.249559 -0.114569 0.069602 0.080101 0.059995
0.236295 -0.127597 0.034207 -0.171487 -0.094684
0.236295 -0.127597 0.034207 -0.171487 -0.094684
0.197107 -0.204726 0.01709 -0.042514 0.059457
0.26544 -0.110012 0.052915 -0.136541 -0.028374
0.26544 -0.110012 0.052915 -0.136541 -0.028374
0.26544 -0.110012 0.052915 -0.136541 -0.028374
0.162501 -0.164847 -0.012269 -0.182151 -0.002931
0.115559 -0.270042 -0.080444 -0.151886 0.096782
0.115559 -0.270042 -0.080444 -0.151886 0.096782
0.115559 -0.270042 -0.080444 -0.151886 0.096782
0.215823 -0.200407 0.02951 -0.252184 -0.073414
0.226629 -0.198314 -0.00109 -0.454332 -0.155038
0.097671 -0.254745 -0.095397 -0.251299 0.187558
0.116017 -0.231094 -0.052278 -0.201572 0.129095
0.18282 -0.093625 0.016455 -0.291791 -0.001503
0.107576 -0.149726 -0.018472 -0.441969 -0.15375
0.107576 -0.149726 -0.018472 -0.441969 -0.15375
0.111807 -0.12951 -0.008655 -0.476513 -0.211154
0.111807 -0.12951 -0.008655 -0.476513 -0.211154
0.120614 -0.331598 -0.060482 0.119939 0.307524
0.120614 -0.331598 -0.060482 0.119939 0.307524
0.120614 -0.331598 -0.060482 0.119939 0.307524
0.120614 -0.331598 -0.060482 0.119939 0.307524
0.089827 -0.303827 -0.082138 0.008002 0.247147
0.076353 -0.183588 -0.018009 -0.087328 0.085338
-0.018524 -0.318608 -0.113922 -0.168751 0.252638
-0.016465 -0.308897 -0.038153 -0.420613 -0.2583
0.014754 -0.282804 -0.036346 0.116294 0.181683
0.07768 -0.147086 -0.001049 0.163681 0.199228
0.07768 -0.147086 -0.001049 0.163681 0.199228
0.154752 -0.215113 0.017229 0.161089 0.231874
0.154752 -0.215113 0.017229 0.161089 0.231874
0.159182 -0.108867 0.096538 0.070708 -0.094463
0.175551 -0.229961 0.040351 -0.28134 -0.228442
0.175551 -0.229961 0.040351 -0.28134 -0.228442
0.185839 -0.17608 0.067241 -0.111763 -0.086331
0.185839 -0.17608 0.067241 -0.111763 -0.086331
0.106015 -0.305527 -0.066544 -0.036977 0.249333
0.106015 -0.305527 -0.066544 -0.036977 0.249333
0.008292 -0.435498 -0.144895 -0.161755 0.233255
0.070563 -0.367221 -0.100519 -0.099707 0.170839
0.154186 -0.127988 0.022266 -0.220521 -0.210111
0.154186 -0.127988 0.022266 -0.220521 -0.210111
0.267861 -0.024485 0.092176 -0.261904 -0.309342
0.267861 -0.024485 0.092176 -0.261904 -0.309342
0.224604 -0.003359 0.093333 0.104481 -0.048212
0.165337 -0.154747 0.01798 0.112462 0.121576
0.090826 -0.359569 -0.040551 0.044821 0.12967
0.134154 -0.374258 -0.018659 0.05922 0.079709
0.122758 -0.37899 -0.022985 0.033302 0.195996
0.130564 -0.191237 -0.029821 -0.135271 0.147011
0.130564 -0.191237 -0.029821 -0.135271 0.147011
0.10897 -0.221237 -0.05911 -0.161895 0.155927
0.156346 -0.203253 0.009301 -0.244869 -0.190498
0.172543 -0.1342 -0.014328 -0.435755 -0.22014
0.172543 -0.1342 -0.014328 -0.435755 -0.22014
0.172543 -0.1342 -0.014328 -0.435755 -0.22014
0.172543 -0.1342 -0.014328 -0.435755 -0.22014
0.172543 -0.1342 -0.014328 -0.435755 -0.22014
0.172543 -0.1342 -0.014328 -0.435755 -0.22014
0.172543 -0.1342 -0.014328 -0.435755 -0.22014
0.117198 -0.217874 -0.019518 -0.280851 -0.150205
0.117198 -0.217874 -0.019518 -0.280851 -0.150205
0.117198 -0.217874 -0.019518 -0.280851 -0.150205
0.117198 -0.217874 -0.019518 -0.280851 -0.150205
0.203552 -0.09001 0.064854 -0.152479 -0.198822
0.272415 -0.08021 0.107502 0.041905 -0.099043
0.144286 -0.156825 -0.015557 -0.307462 -0.163647
0.144286 -0.156825 -0.015557 -0.307462 -0.163647
0.102048 -0.181993 -0.058796 -0.174485 0.137795
0.019303 -0.223549 -0.065256 -0.295816 -0.064421
0.019303 -0.223549 -0.065256 -0.295816 -0.064421
0.032143 -0.287278 -0.083726 -0.166422 0.103508
0.092873 -0.247498 -0.011958 -0.16397 -0.024986
-0.001181 -0.284575 -0.094469 -0.214335 0.141275
0.002607 -0.33794 -0.086124 -0.093905 0.154294
0.002607 -0.33794 -0.086124 -0.093905 0.154294
0.061305 -0.191903 -0.056464 -0.102768 0.124021
0.220431 -0.071708 0.032581 -0.248802 -0.179545
0.10758 -0.268771 -0.056542 -0.156461 0.050583
0.10758 -0.268771 -0.056542 -0.156461 0.050583
0.073443 -0.360655 -0.100615 -0.078905 0.191729
0.152783 -0.251357 0.044247 -0.109384 -0.183829
0.152783 -0.251357 0.044247 -0.109384 -0.183829
0.152783 -0.251357 0.044247 -0.109384 -0.183829
0.198036 -0.241999 0.085183 -0.027741 -0.220898
0.196326 -0.131819 0.080091 -0.200409 -0.238386
0.156112 -0.167268 0.064266 0.048929 -0.013195
0.145992 -0.20984 0.0192 0.137963 0.251316
0.168985 -0.234318 0.053528 0.116501 0.174459
0.227377 -0.15858 0.085 0.029562 0.083207
0.221265 -0.172565 0.113014 0.271757 0.151877
0.249729 -0.104012 0.060308 -0.065896 0.054906
0.249729 -0.104012 0.060308 -0.065896 0.054906
0.293831 -0.097323 0.150425 0.20408 -0.023353
0.269153 -0.036205 0.094732 0.092935 0.073818
0.269153 -0.036205 0.094732 0.092935 0.073818
0.191846 -0.046405 0.038938 -0.125968 0.022459
0.191846 -0.046405 0.038938 -0.125968 0.022459
0.120387 -0.107098 -0.009362 -0.125958 -0.00263
-0.000876 -0.283424 -0.17557 -0.396769 0.15284
-0.07259 -0.449486 -0.177126 0.01173 0.45269
-0.036868 -0.41055 -0.147486 -0.25554 0.204935
0.12308 -0.235616 -0.050706 -0.518217 -0.192403
0.227613 -0.055039 0.076976 -0.199285 -0.199004
0.232433 -0.150996 0.044845 -0.352926 -0.252114
0.232433 -0.150996 0.044845 -0.352926 -0.252114
0.194217 -0.196479 0.015358 -0.355263 -0.155688
0.194217 -0.196479 0.015358 -0.355263 -0.155688
0.096981 -0.259317 -0.087536 -0.318703 0.069279
0.10872 -0.32112 -0.064358 -0.214392 0.098282
0.135794 -0.241293 -0.034193 0.005237 0.206493
0.082318 -0.304877 -0.075301 -0.086416 0.212996
0.082318 -0.304877 -0.075301 -0.086416 0.212996
0.164772 -0.242773 -0.026299 -0.056157 0.165213
0.164772 -0.242773 -0.026299 -0.056157 0.165213
0.145951 -0.210749 -0.003132 -0.02786 0.176001
0.257416 -0.125948 0.063615 -0.108726 -0.123926
0.204965 -0.160079 0.025881 -0.134581 -0.08452
0.16168 -0.102956 0.062959 -0.061673 -0.164873
0.183781 -0.14004 0.036601 -0.136256 -0.141144
0.170674 -0.135289 0.078344 0.221606 0.057839
0.272068 -0.094298 0.14508 0.274066 -0.041752
0.291686 -0.060223 0.171681 0.018972 -0.305355
0.291686 -0.060223 0.171681 0.018972 -0.305355
0.291686 -0.060223 0.171681 0.018972 -0.305355
0.185372 -0.179631 0.03399 -0.339616 -0.300979
0.185372 -0.179631 0.03399 -0.339616 -0.300979
0.185372 -0.179631 0.03399 -0.339616 -0.300979
0.185372 -0.179631 0.03399 -0.339616 -0.300979
0.185372 -0.179631 0.03399 -0.339616 -0.300979
0.185372 -0.179631 0.03399 -0.339616 -0.300979
0.185372 -0.179631 0.03399 -0.339616 -0.300979
0.185372 -0.179631 0.03399 -0.339616 -0.300979
0.185372 -0.179631 0.03399 -0.339616 -0.300979
0.261436 -0.070607 0.037959 -0.537766 -0.358696
0.261436 -0.070607 0.037959 -0.537766 -0.358696
0.234249 -0.090185 0.065489 -0.146491 -0.197161
0.254475 -0.03469 0.105582 -0.238653 -0.339071
0.254475 -0.03469 0.105582 -0.238653 -0.339071
0.164486 -0.155685 0.000489 -0.388054 -0.250559
0.162574 -0.219245 0.042778 -0.218275 -0.345581
0.153411 -0.241383 0.022085 -0.251728 -0.300614
0.142073 -0.223679 -0.007474 -0.160788 -0.047079
0.142073 -0.223679 -0.007474 -0.160788 -0.047079
0.142073 -0.223679 -0.007474 -0.160788 -0.047079
0.098141 -0.308453 -0.078392 -0.508655 -0.178137
0.120456 -0.3332 -0.059831 -0.369698 -0.104851
0.260325 -0.081393 0.109736 0.241827 0.088662
0.288152 -0.026297 0.12291 0.205274 0.202942
0.288152 -0.026297 0.12291 0.205274 0.202942
0.288152 -0.026297 0.12291 0.205274 0.202942
0.194562 -0.100972 0.09272 0.327903 0.31666
0.194562 -0.100972 0.09272 0.327903 0.31666
0.194562 -0.100972 0.09272 0.327903 0.31666
0.152057 -0.128713 0.070679 0.095265 -0.01847
0.169818 -0.111087 0.06223 0.025224 -0.013802
0.13902 -0.249072 0.027033 0.22823 0.24794
0.13902 -0.249072 0.027033 0.22823 0.24794
0.17695 -0.304129 -0.006597 0.095256 0.26905
0.263586 -0.146498 0.111579 0.172225 0.022082
0.229634 -0.07573 0.123833 0.091607 0.005799
0.229634 -0.07573 0.123833 0.091607 0.005799
0.243562 -0.045679 0.146073 -0.028738 -0.204536
0.257049 -0.125803 0.127787 -0.18306 -0.346214
0.207998 -0.099631 0.134659 0.11454 -0.117945
0.203166 -0.114904 0.132219 0.262539 0.049644
0.262366 -0.139062 0.121044 0.132634 -0.006673
0.262366 -0.139062 0.121044 0.132634 -0.006673
0.26461 -0.126291 0.110983 0.014344 -0.072295
0.26461 -0.126291 0.110983 0.014344 -0.072295
0.262933 -0.104556 0.090132 -0.098197 -0.160524
0.141079 -0.263136 -0.004139 -0.156487 -0.173813
0.208362 -0.19586 0.048136 0.013974 -0.080099
0.249222 -0.121863 0.128048 0.058261 -0.236778
0.2194 -0.156825 0.124158 0.091216 -0.182218
0.2194 -0.156825 0.124158 0.091216 -0.182218
0.220621 -0.121073 0.101612 -0.163089 -0.297434
0.220621 -0.121073 0.101612 -0.163089 -0.297434
0.260394 -0.038034 0.11885 -0.243934 -0.412512
0.260394 -0.038034 0.11885 -0.243934 -0.412512
0.260394 -0.038034 0.11885 -0.243934 -0.412512
0.260394 -0.038034 0.11885 -0.243934 -0.412512
0.260394 -0.038034 0.11885 -0.243934 -0.412512
0.260394 -0.038034 0.11885 -0.243934 -0.412512
0.260394 -0.038034 0.11885 -0.243934 -0.412512
0.260394 -0.038034 0.11885 -0.243934 -0.412512
0.213601 -0.078814 0.069103 -0.313243 -0.34431
0.213601 -0.078814 0.069103 -0.313243 -0.34431
0.213601 -0.078814 0.069103 -0.313243 -0.34431
0.213601 -0.078814 0.069103 -0.313243 -0.34431
0.19363 -0.112663 0.033307 -0.429356 -0.324909
0.19363 -0.112663 0.033307 -0.429356 -0.324909
0.19363 -0.112663 0.033307 -0.429356 -0.324909
0.19363 -0.112663 0.033307 -0.429356 -0.324909
0.19363 -0.112663 0.033307 -0.429356 -0.324909
0.19363 -0.112663 0.033307 -0.429356 -0.324909
0.193673 -0.123692 -0.010181 -0.371049 -0.147799
0.255661 -0.048584 0.080737 -0.16061 -0.119739
0.334688 -0.033 0.138488 0.106474 0.056254
0.280538 -0.094221 0.080929 0.024532 0.106734
0.234103 -0.146116 0.035133 0.047329 0.17066
0.266258 -0.17005 0.024562 -0.021948 0.152737
0.266258 -0.17005 0.024562 -0.021948 0.152737
0.176777 -0.174078 0.033035 0.153813 0.278788
0.171888 -0.256612 0.009284 0.015141 0.095173
0.171888 -0.256612 0.009284 0.015141 0.095173
0.092055 -0.402207 -0.044938 0.123702 0.243091
0.009954 -0.437391 -0.141276 0.007295 0.372094
0.078699 -0.365227 -0.109239 -0.217232 0.082632
0.210529 -0.203808 0.029756 -0.005151 0.089746
0.234682 -0.110417 0.092261 0.176107 0.098103
0.234682 -0.110417 0.092261 0.176107 0.098103
0.234682 -0.110417 0.092261 0.176107 0.098103
0.356013 0.03155 0.19339 -0.069941 -0.316831
0.257269 -0.125273 0.141773 0.114087 -0.144894
0.257269 -0.125273 0.141773 0.114087 -0.144894
0.2419 -0.070268 0.149005 -0.072811 -0.27769
0.233513 -0.03947 0.100866 -0.202562 -0.189368
0.192069 -0.048884 0.056683 -0.251127 -0.144436
0.07837 -0.218033 -0.028798 -0.287372 -0.135217
0.07837 -0.218033 -0.028798 -0.287372 -0.135217
0.127117 -0.206957 0.0234 -0.166188 -0.198804
0.127117 -0.206957 0.0234 -0.166188 -0.198804
0.127117 -0.206957 0.0234 -0.166188 -0.198804
0.140698 -0.261269 -0.039318 -0.263466 -0.126954
0.156343 -0.226589 0.032819 0.159189 0.151528
0.156343 -0.226589 0.032819 0.159189 0.151528
0.198478 -0.169468 0.084209 0.247609 0.112444
0.198478 -0.169468 0.084209 0.247609 0.112444
0.180606 -0.157479 0.059619 0.340054 0.316129
0.180606 -0.157479 0.059619 0.340054 0.316129
0.081742 -0.282158 -0.022867 0.201534 0.265797
-0.020426 -0.397737 -0.099535 0.024688 0.118416
0.042087 -0.296265 -0.084407 -0.201146 -0.011924
0.129113 -0.17987 0.028019 0.139401 0.159924
0.138103 -0.227087 0.008062 -0.131332 -0.075103
0.144756 -0.217855 0.040702 -0.024669 0.000453
0.142817 -0.218642 0.03775 -0.121532 -0.171068
0.142817 -0.218642 0.03775 -0.121532 -0.171068
0.160194 -0.133919 0.003951 -0.215595 -0.091813
0.160194 -0.133919 0.003951 -0.215595 -0.091813
0.19694 -0.155673 0.012449 -0.168506 0.063979
0.207608 -0.122189 0.012315 -0.446808 -0.2396
0.207608 -0.122189 0.012315 -0.446808 -0.2396
0.269443 -0.100015 0.025326 -0.375393 -0.147614
0.269443 -0.100015 0.025326 -0.375393 -0.147614
0.237024 -0.124788 0.001287 -0.162951 0.050046
0.237024 -0.124788 0.001287 -0.162951 0.050046
0.188618 -0.211712 0.003062 -0.159728 0.048662
0.188618 -0.211712 0.003062 -0.159728 0.048662
0.196402 -0.112936 0.050922 0.096509 0.171243
0.196402 -0.112936 0.050922 0.096509 0.171243
0.196402 -0.112936 0.050922 0.096509 0.171243
0.196402 -0.112936 0.050922 0.096509 0.171243
0.210465 -0.165988 0.072934 0.237256 0.196139
0.21055 -0.159202 0.082615 0.028866 -0.025618
0.21055 -0.159202 0.082615 0.028866 -0.025618
0.207452 -0.138885 0.085919 0.094439 -0.070033
0.114267 -0.326056 0.030009 -0.010971 -0.131015
0.223681 -0.294361 0.045529 -0.140035 -0.181091
0.14502 -0.322052 0.04951 0.114433 -0.063928
0.264555 -0.083484 0.175605 0.074659 -0.336437
0.292964 -0.159791 0.172954 0.112241 -0.379901
0.341892 0.037147 0.142174 -0.008029 -0.184361
0.305238 -0.084717 0.057832 -0.07147 0.000977
0.284338 -0.123077 0.043261 0.053403 0.161101
0.259022 -0.161593 0.077579 -0.118032 -0.265312
0.159141 -0.271287 0.030489 0.000368 -0.138142
0.079009 -0.285489 0.002038 -0.041577 -0.011622
0.231049 -0.159203 0.12263 0.140098 0.02701
0.229965 -0.20838 0.074955 0.157468 -0.002977
0.288748 -0.174712 0.092183 -0.030095 -0.212166
0.211828 -0.208892 0.051884 0.340814 0.325844
0.220973 -0.12356 0.017093 -0.010323 0.167947
0.236018 -0.126755 -0.001006 -0.187759 0.093874
0.191759 -0.212125 -0.007765 0.077161 0.284758
0.156248 -0.228648 0.027043 0.201028 0.262209
0.156248 -0.228648 0.027043 0.201028 0.262209
0.156248 -0.228648 0.027043 0.201028 0.262209
0.29987 -0.036052 0.099125 -0.176992 -0.166823
0.354234 0.013776 0.171212 -0.01145 -0.194357
0.307168 0.024379 0.164722 -0.051414 -0.18238
0.307168 0.024379 0.164722 -0.051414 -0.18238
0.316438 0.010028 0.130468 -0.144516 -0.193986
0.147387 -0.166039 -0.009396 0.036504 0.209943
0.214423 -0.036509 0.024756 -0.254445 -0.08201
0.16907 -0.091311 0.048193 0.095743 0.067908
0.130383 -0.158497 0.025399 0.158922 0.131868
0.057548 -0.276025 -0.096788 -0.347723 -0.015965
0.097733 -0.225238 -0.03223 0.091315 0.318861
0.097733 -0.225238 -0.03223 0.091315 0.318861
0.097733 -0.225238 -0.03223 0.091315 0.318861
0.097733 -0.225238 -0.03223 0.091315 0.318861
0.097733 -0.225238 -0.03223 0.091315 0.318861
0.097733 -0.225238 -0.03223 0.091315 0.318861
0.164525 -0.19967 0.031888 0.027058 0.054277
0.150774 -0.165028 -0.013608 -0.16273 0.116493
0.080321 -0.288439 -0.116879 -0.383927 0.138504
0.080321 -0.288439 -0.116879 -0.383927 0.138504
0.101478 -0.213981 -0.038911 -0.128214 0.106721
0.131969 -0.168732 0.02952 -0.046377 -0.042872
0.091244 -0.348024 -0.080331 -0.149176 0.154477
0.091244 -0.348024 -0.080331 -0.149176 0.154477
0.075561 -0.360422 -0.073132 -0.074032 0.160026
0.091024 -0.294631 -0.084418 0.173051 0.452291
0.091024 -0.294631 -0.084418 0.173051 0.452291
0.134099 -0.323991 -0.052946 0.140775 0.231092
0.134099 -0.323991 -0.052946 0.140775 0.231092
0.152819 -0.269557 -0.077476 -0.03185 0.21564
0.075912 -0.309515 -0.091314 0.027816 0.182793
-0.015067 -0.350631 -0.07975 0.153093 0.293219
0.025235 -0.27077 -0.035377 0.295976 0.377587
0.048702 -0.291838 -0.012483 0.203406 0.289909
0.160467 -0.095272 0.093584 0.138115 -0.018714
0.158668 -0.108188 0.124875 0.165551 -0.087657
0.133437 -0.123981 0.07377 0.125885 0.030617
0.162231 -0.096013 0.070257 -0.048008 0.015043
0.162231 -0.096013 0.070257 -0.048008 0.015043
0.185816 -0.065087 0.132385 0.057232 -0.11604
0.276552 0.018833 0.237237 0.22692 -0.256131
0.189076 -0.10053 0.142339 0.105848 -0.173308
0.189076 -0.10053 0.142339 0.105848 -0.173308
0.250235 0.041562 0.172132 0.001215 -0.286608
0.206895 -0.011253 0.127939 -0.073538 -0.253773
0.11565 -0.130533 0.033987 -0.025914 0.068337
0.110176 -0.098188 -0.013277 -0.247245 -0.040246
0.107896 -0.114167 -0.03117 -0.387381 -0.095772
0.155604 -0.133617 -0.010571 -0.4849 -0.264776
0.191396 -0.220389 -0.011347 -0.271356 -0.068008
0.217702 -0.204154 0.014777 -0.185183 0.011425
0.217702 -0.204154 0.014777 -0.185183 0.011425
0.15415 -0.318588 -0.014433 0.372509 0.49578
0.15415 -0.318588 -0.014433 0.372509 0.49578
0.181126 -0.287818 -0.069043 -0.15291 0.272331
0.150267 -0.272661 -0.074111 -0.366603 0.053138
0.150267 -0.272661 -0.074111 -0.366603 0.053138
0.210879 -0.17234 0.00795 0.110383 0.233029
0.222611 -0.072049 0.054286 0.210576 0.213806
0.222611 -0.072049 0.054286 0.210576 0.213806
0.218691 -0.068754 0.050571 0.092884 0.134276
0.253667 -0.015661 0.093891 -0.042517 -0.135286
0.241987 -0.055254 0.104377 -0.151051 -0.180157
0.241987 -0.055254 0.104377 -0.151051 -0.180157
0.241987 -0.055254 0.104377 -0.151051 -0.180157
0.167231 -0.217233 0.037107 -0.066786 0.01786
0.167231 -0.217233 0.037107 -0.066786 0.01786
0.197098 -0.139126 0.063112 0.001089 0.041539
0.197098 -0.139126 0.063112 0.001089 0.041539
0.197098 -0.139126 0.063112 0.001089 0.041539
0.197098 -0.139126 0.063112 0.001089 0.041539
0.047839 -0.365171 -0.077072 0.117175 0.404492
0.127848 -0.266643 -0.018965 0.025059 0.203916
0.127848 -0.266643 -0.018965 0.025059 0.203916
0.262801 -0.15023 0.087572 -0.135199 -0.235476
0.157265 -0.220585 0.039939 0.009626 0.001438
0.056832 -0.245786 -0.060787 -0.304415 -0.12424
0.029312 -0.355276 -0.130564 -0.229747 0.118031
0.013123 -0.364328 -0.125669 -0.144045 0.201494
0.109582 -0.16218 -0.009281 -0.231123 -0.196476
0.193993 -0.105169 0.076616 -0.132547 -0.275031
0.1777 -0.113067 0.047628 -0.181257 -0.210288
0.130538 -0.190058 0.016282 -0.066961 -0.072333
0.150047 -0.136149 -0.026479 -0.344833 -0.164944
0.150047 -0.136149 -0.026479 -0.344833 -0.164944
0.150047 -0.136149 -0.026479 -0.344833 -0.164944
0.150047 -0.136149 -0.026479 -0.344833 -0.164944
0.259808 -0.054272 0.105433 -0.264827 -0.383295
0.259808 -0.054272 0.105433 -0.264827 -0.383295
0.259808 -0.054272 0.105433 -0.264827 -0.383295
0.259808 -0.054272 0.105433 -0.264827 -0.383295
0.278126 -0.149051 0.029465 -0.273253 -0.148655
0.269839 -0.109874 0.065445 -0.478582 -0.448935
0.269839 -0.109874 0.065445 -0.478582 -0.448935
0.269839 -0.109874 0.065445 -0.478582 -0.448935
0.269839 -0.109874 0.065445 -0.478582 -0.448935
0.269839 -0.109874 0.065445 -0.478582 -0.448935
0.269839 -0.109874 0.065445 -0.478582 -0.448935
0.269839 -0.109874 0.065445 -0.478582 -0.448935
0.269839 -0.109874 0.065445 -0.478582 -0.448935
0.269839 -0.109874 0.065445 -0.478582 -0.448935
0.269839 -0.109874 0.065445 -0.478582 -0.448935
0.269839 -0.109874 0.065445 -0.478582 -0.448935
0.269839 -0.109874 0.065445 -0.478582 -0.448935
0.269839 -0.109874 0.065445 -0.478582 -0.448935
0.269839 -0.109874 0.065445 -0.478582 -0.448935
0.269839 -0.109874 0.065445 -0.478582 -0.448935
0.269839 -0.109874 0.065445 -0.478582 -0.448935
0.269839 -0.109874 0.065445 -0.478582 -0.448935
0.269839 -0.109874 0.065445 -0.478582 -0.448935
0.269839 -0.109874 0.065445 -0.478582 -0.448935
0.269839 -0.109874 0.065445 -0.478582 -0.448935
0.269839 -0.109874 0.065445 -0.478582 -0.448935
0.178664 -0.132549 0.017099 -0.420536 -0.315235
0.189749 -0.191251 0.009347 -0.258828 -0.181459
0.189749 -0.191251 0.009347 -0.258828 -0.181459
0.189749 -0.191251 0.009347 -0.258828 -0.181459
0.200898 -0.06355 0.039779 -0.299194 -0.296616
0.166923 -0.173332 0.024279 0.221046 0.314541
0.252942 -0.107441 0.072978 0.132174 0.228902
0.114957 -0.220065 0.00297 0.21332 0.229299
0.081446 -0.22694 -0.122364 -0.119857 0.312109
0.081446 -0.22694 -0.122364 -0.119857 0.312109
0.081446 -0.22694 -0.122364 -0.119857 0.312109
0.081446 -0.22694 -0.122364 -0.119857 0.312109
0.148553 -0.101968 -0.010196 -0.018014 0.155553
0.204403 -0.108333 0.044289 -0.07237 0.064319
0.051926 -0.283891 -0.013644 0.14289 0.278726
0.167831 -0.105111 0.084724 0.176094 0.118027
0.238626 -0.057175 0.115915 0.133568 0.014864
0.110724 -0.229606 -0.002352 0.010322 0.040358
0.174165 -0.265995 -0.012563 -0.154302 -0.001717
0.211917 -0.223953 -0.045231 -0.558855 -0.119757
0.190924 -0.185451 0.009972 -0.282995 -0.094779
0.190924 -0.185451 0.009972 -0.282995 -0.094779
0.190924 -0.185451 0.009972 -0.282995 -0.094779
0.218754 -0.142991 0.035607 -0.252906 -0.087264
0.226092 -0.089235 0.038315 -0.307678 -0.180912
0.140035 -0.201845 -0.060245 -0.368502 0.034751
0.140035 -0.201845 -0.060245 -0.368502 0.034751
0.088232 -0.236687 -0.049174 -0.180692 0.145636
0.038282 -0.31181 -0.090116 -0.169781 0.223326
0.189386 -0.154031 0.038431 0.00725 0.033644
0.210593 -0.099129 -0.012498 -0.37896 -0.122536
0.21165 -0.135217 0.000133 -0.205177 0.075994
0.155217 -0.245104 -0.093902 -0.272689 0.195215
0.206322 -0.144204 0.020112 -0.254846 -0.194973
0.204476 -0.180811 0.041914 -0.120378 -0.158072
0.204476 -0.180811 0.041914 -0.120378 -0.158072
0.291755 -0.127418 0.099975 0.013614 -0.05637
0.291755 -0.127418 0.099975 0.013614 -0.05637
0.160498 -0.143856 0.060418 -0.130399 -0.238391
0.141997 -0.142399 0.030803 -0.023232 -0.009631
0.141997 -0.142399 0.030803 -0.023232 -0.009631
0.141997 -0.142399 0.030803 -0.023232 -0.009631
0.046592 -0.319749 -0.102376 -0.131561 0.186563
0.084119 -0.279276 -0.087793 -0.280779 0.018555
0.164293 -0.260345 0.023471 -0.236336 -0.29176
0.145814 -0.315522 -0.06115 -0.420142 -0.175701
0.084076 -0.312009 -0.022005 -0.109605 -0.050925
0.084076 -0.312009 -0.022005 -0.109605 -0.050925
0.173536 -0.264883 -0.003078 -0.047263 0.132534
0.086881 -0.362595 -0.030651 -0.110429 -0.036039
0.117475 -0.193098 -0.032018 -0.386425 -0.179495
0.142768 -0.162506 0.014917 -0.144639 -0.095405
0.199014 -0.203306 0.044942 0.091784 0.142888
0.193003 -0.13741 0.024067 -0.011295 0.103339
0.193003 -0.13741 0.024067 -0.011295 0.103339
0.206542 -0.1348 0.059929 0.169406 0.15381
0.185818 -0.253438 0.006122 0.064886 0.1656
0.150543 -0.319061 0.007391 0.254265 0.364726
0.150543 -0.319061 0.007391 0.254265 0.364726
0.193768 -0.127579 0.126692 0.356882 0.100567
0.204101 -0.115451 0.130554 0.265169 0.072464
0.252964 -0.189982 0.086239 0.070881 -0.028077
0.312217 -0.084441 0.159594 0.050725 -0.210134
0.312217 -0.084441 0.159594 0.050725 -0.210134
0.288817 -0.142418 0.074154 -0.106383 -0.100344
0.094447 -0.363984 -0.03386 -0.046089 0.062752
0.086245 -0.293855 -0.070713 -0.501106 -0.151479
0.086245 -0.293855 -0.070713 -0.501106 -0.151479
0.086245 -0.293855 -0.070713 -0.501106 -0.151479
0.127378 -0.211071 -0.035106 -0.462113 -0.088731
0.127378 -0.211071 -0.035106 -0.462113 -0.088731
0.181033 -0.205819 -0.025426 -0.482644 -0.129133
0.182665 -0.102272 0.040473 -0.007448 0.06225
0.256069 -0.068436 0.108577 -0.17072 -0.168188
0.256069 -0.068436 0.108577 -0.17072 -0.168188
0.244289 -0.100277 0.12333 0.181503 0.085556
0.242292 -0.098956 0.056435 -0.082032 0.00268
0.241719 -0.104744 0.059655 0.175647 0.176873
0.321179 -0.052467 0.132617 0.090412 -0.046581
0.267044 -0.097388 0.043499 -0.078286 0.053236
0.267044 -0.097388 0.043499 -0.078286 0.053236
0.267044 -0.097388 0.043499 -0.078286 0.053236
0.210508 -0.167498 -0.010586 -0.221325 -0.066958
0.257632 -0.152469 0.028824 -0.302172 -0.040028
0.257632 -0.152469 0.028824 -0.302172 -0.040028
0.111081 -0.314412 -0.069827 -0.236386 0.035445
0.14553 -0.252474 -0.010978 0.03108 0.213789
0.239374 -0.132882 0.082605 0.120201 0.063162
0.239374 -0.132882 0.082605 0.120201 0.063162
0.239374 -0.132882 0.082605 0.120201 0.063162
0.238951 -0.128079 0.07344 0.163939 0.172922
0.2303 -0.116051 0.034838 -0.078629 0.042926
0.195047 -0.170055 0.013518 0.087024 0.198283
0.111135 -0.212565 0.01828 -0.0274 -0.040727
0.097914 -0.291651 -0.070673 -0.027569 0.207544
0.117006 -0.228992 -0.006835 0.204265 0.272247
0.200822 -0.182797 0.033139 -0.192683 -0.061961
0.227356 -0.060899 0.096435 -0.090038 -0.123912
0.227356 -0.060899 0.096435 -0.090038 -0.123912
0.245531 -0.0967 0.100839 0.029514 -0.020639
0.245531 -0.0967 0.100839 0.029514 -0.020639
0.216753 -0.107044 0.037538 -0.27396 -0.175435
0.216753 -0.107044 0.037538 -0.27396 -0.175435
0.242454 -0.187014 0.022766 -0.265896 -0.155365
0.242454 -0.187014 0.022766 -0.265896 -0.155365
0.067838 -0.215545 -0.020949 0.037657 0.047103
0.061895 -0.276656 0.007886 0.285449 0.199345
0.033923 -0.274577 -0.06589 0.051608 0.167346
0.033923 -0.274577 -0.06589 0.051608 0.167346
0.125079 -0.195817 -0.075406 -0.030295 0.307433
0.125079 -0.195817 -0.075406 -0.030295 0.307433
0.125079 -0.195817 -0.075406 -0.030295 0.307433
0.192351 -0.137326 -0.026572 -0.217818 0.109593
0.325117 0.050076 0.17347 0.105177 -0.016087
0.227712 0.023412 0.160143 0.159248 -0.035754
0.243373 -0.049226 0.140469 0.086086 -0.151564
0.243373 -0.049226 0.140469 0.086086 -0.151564
0.242829 -0.163286 0.087332 -0.060124 -0.142544
0.224189 -0.215029 0.064152 0.024323 -0.107353
0.149319 -0.232242 -0.023718 -0.406025 -0.176944
0.150823 -0.23523 0.026914 -0.121078 -0.06368
0.150823 -0.23523 0.026914 -0.121078 -0.06368
0.150823 -0.23523 0.026914 -0.121078 -0.06368
0.21338 -0.238195 0.042674 -0.037815 -0.039507
0.206932 -0.164512 0.017918 -0.343471 -0.290695
0.206932 -0.164512 0.017918 -0.343471 -0.290695
0.206932 -0.164512 0.017918 -0.343471 -0.290695
0.206932 -0.164512 0.017918 -0.343471 -0.290695
0.152773 -0.171668 -0.057803 -0.575708 -0.142725
0.152773 -0.171668 -0.057803 -0.575708 -0.142725
0.152773 -0.171668 -0.057803 -0.575708 -0.142725
0.152773 -0.171668 -0.057803 -0.575708 -0.142725
0.152773 -0.171668 -0.057803 -0.575708 -0.142725
0.152773 -0.171668 -0.057803 -0.575708 -0.142725
0.152773 -0.171668 -0.057803 -0.575708 -0.142725
0.152773 -0.171668 -0.057803 -0.575708 -0.142725
0.152773 -0.171668 -0.057803 -0.575708 -0.142725
0.152773 -0.171668 -0.057803 -0.575708 -0.142725
0.249327 -0.056724 0.076157 -0.170078 -0.192903
0.249327 -0.056724 0.076157 -0.170078 -0.192903
0.242798 -0.051385 0.091237 -0.020454 -0.125363
0.303156 0.014892 0.137223 -0.084543 -0.240661
0.303156 0.014892 0.137223 -0.084543 -0.240661
0.303156 0.014892 0.137223 -0.084543 -0.240661
0.277838 -0.052016 0.092354 -0.108447 -0.070911
0.277838 -0.052016 0.092354 -0.108447 -0.070911
0.277838 -0.052016 0.092354 -0.108447 -0.070911
0.240086 -0.073784 -0.001798 -0.543564 -0.184913
0.240086 -0.073784 -0.001798 -0.543564 -0.184913
0.191436 -0.167123 -0.015951 -0.298519 -0.131729
0.171619 -0.180094 -0.02998 -0.113473 0.180455
0.168161 -0.108838 -0.024698 -0.032371 0.258496
0.145803 -0.170279 -0.044677 -0.343025 -0.035121
0.145803 -0.170279 -0.044677 -0.343025 -0.035121
0.122094 -0.170074 -0.012051 -0.145548 -0.03381
0.051058 -0.306843 -0.086452 -0.219121 0.055334
0.075835 -0.272454 -0.015423 0.262479 0.377763
0.12118 -0.251028 -0.000562 0.047013 0.126223
0.156871 -0.216425 0.063495 0.018225 -0.023403
0.271448 -0.146448 0.166851 0.219607 -0.041874
0.318864 -0.054171 0.15993 0.233907 0.085007
0.261859 -0.020532 0.126297 0.03289 -0.052292
0.261859 -0.020532 0.126297 0.03289 -0.052292
0.261859 -0.020532 0.126297 0.03289 -0.052292
0.230628 -0.069548 0.072442 0.16567 0.241776
0.230628 -0.069548 0.072442 0.16567 0.241776
0.221473 -0.060291 0.036309 -0.417751 -0.290009
0.184928 -0.12329 0.010969 -0.207253 -0.036416
0.219367 -0.06399 0.041207 -0.236627 -0.08399
0.166723 -0.170939 0.039887 0.00326 0.010145
0.169517 -0.185377 0.00752 -0.140252 -0.005141
0.089141 -0.280345 -0.08955 -0.24557 0.093188
0.183803 -0.076561 -0.016932 -0.381112 -0.08722
0.165715 -0.098896 0.020779 -0.208394 -0.114771
0.165715 -0.098896 0.020779 -0.208394 -0.114771
0.165715 -0.098896 0.020779 -0.208394 -0.114771
0.227014 -0.079543 0.017489 -0.041986 0.133631
0.138708 -0.22105 -0.044958 -0.095351 0.054819
0.138708 -0.22105 -0.044958 -0.095351 0.054819
0.131416 -0.323787 -0.073874 -0.213839 0.026301
0.131416 -0.323787 -0.073874 -0.213839 0.026301
0.144042 -0.226891 -0.052487 -0.118923 0.028391
0.212326 -0.182428 0.072943 0.011246 -0.148483
0.128239 -0.272703 -0.064902 -0.288354 -0.010557
0.128239 -0.272703 -0.064902 -0.288354 -0.010557
0.128239 -0.272703 -0.064902 -0.288354 -0.010557
0.128239 -0.272703 -0.064902 -0.288354 -0.010557
0.125918 -0.276409 -0.022949 -0.049515 0.014588
0.111927 -0.278607 0.003539 0.170934 0.185091
0.072151 -0.270361 -0.068858 0.100232 0.32268
0.022953 -0.321247 -0.092606 0.074956 0.410118
0.093447 -0.217877 -0.021822 0.190656 0.364244
0.0693 -0.328413 -0.030537 0.077885 0.183209
0.0693 -0.328413 -0.030537 0.077885 0.183209
0.0693 -0.328413 -0.030537 0.077885 0.183209
0.192331 -0.158952 0.097371 -0.039971 -0.234056
0.201649 -0.306204 0.023211 -0.034177 -0.004807
0.090156 -0.41056 -0.12896 -0.554588 -0.083818
0.090156 -0.41056 -0.12896 -0.554588 -0.083818
0.090156 -0.41056 -0.12896 -0.554588 -0.083818
-0.099914 -0.616704 -0.22232 -0.316463 0.244519
-0.099914 -0.616704 -0.22232 -0.316463 0.244519
-0.038168 -0.590204 -0.134165 -0.000257 0.303263
-0.038168 -0.590204 -0.134165 -0.000257 0.303263
-0.038168 -0.590204 -0.134165 -0.000257 0.303263
-0.038168 -0.590204 -0.134165 -0.000257 0.303263
0.044195 -0.436642 -0.075536 -0.269125 -0.027486
0.044195 -0.436642 -0.075536 -0.269125 -0.027486
0.044195 -0.436642 -0.075536 -0.269125 -0.027486
0.131309 -0.344141 0.005823 -0.306961 -0.177446
0.168195 -0.267471 -0.044878 -0.406658 -0.176354
0.187182 -0.108114 0.132406 0.128433 -0.101313
0.151218 -0.143517 0.073656 0.052541 -0.007886
0.151218 -0.143517 0.073656 0.052541 -0.007886
0.134262 -0.181385 0.072553 0.067678 -0.060859
0.104707 -0.209271 0.045527 0.021045 -0.067027
0.077446 -0.263571 -0.064168 -0.34436 -0.10064
0.002331 -0.369756 -0.115027 -0.283915 0.026591
0.06257 -0.337106 -0.080642 -0.351372 -0.034526
0.093022 -0.317267 -0.043737 -0.225018 -0.033511
0.119356 -0.264711 -0.052756 -0.329715 -0.077323
0.128128 -0.276154 -0.074087 -0.298295 0.036956
0.128128 -0.276154 -0.074087 -0.298295 0.036956
0.128128 -0.276154 -0.074087 -0.298295 0.036956
0.22092 -0.25241 -0.018748 -0.16448 -0.007231
0.22092 -0.25241 -0.018748 -0.16448 -0.007231
0.22092 -0.25241 -0.018748 -0.16448 -0.007231
0.149669 -0.273407 -0.113077 -0.443 0.054834
0.149669 -0.273407 -0.113077 -0.443 0.054834
0.161054 -0.230496 -0.055433 -0.262861 0.018231
0.161054 -0.230496 -0.055433 -0.262861 0.018231
0.161054 -0.230496 -0.055433 -0.262861 0.018231
0.155948 -0.210649 -0.048399 -0.311425 -0.064927
0.184473 -0.178849 -0.048082 -0.203951 0.152699
0.152998 -0.210862 -0.092483 -0.510924 0.025949
0.152998 -0.210862 -0.092483 -0.510924 0.025949
0.151814 -0.213365 0.059192 -0.108356 -0.217381
0.108151 -0.289878 0.035098 -0.004461 -0.153481
0.06016 -0.346162 -0.051786 -0.085262 -0.010889
-0.024748 -0.345639 -0.03831 0.144392 0.037183
0.055243 -0.1858 0.034853 0.100453 -0.116902
-0.000177 -0.249645 -0.079286 -0.064007 0.056269
0.011559 -0.270665 -0.143385 -0.27981 0.085912
0.136497 -0.220104 -0.058604 -0.290113 -0.017038
0.160016 -0.1547 -0.023638 -0.318058 -0.120077
0.170302 -0.13626 -0.004345 -0.219975 -0.065856
0.23997 -0.06697 0.038227 -0.240786 -0.127604
0.144737 -0.200494 -0.062087 -0.161438 0.161586
0.144737 -0.200494 -0.062087 -0.161438 0.161586
0.201505 -0.109363 0.023963 -0.161555 -0.085347
0.242302 -0.125625 0.037129 -0.348599 -0.276812
0.242302 -0.125625 0.037129 -0.348599 -0.276812
0.180921 -0.172333 -0.00872 -0.259137 -0.116506
0.196284 -0.09765 0.077091 0.103967 0.049929
0.196284 -0.09765 0.077091 0.103967 0.049929
0.15764 -0.123841 0.046406 -0.072636 -0.068417
0.296719 0.017225 0.191642 -0.085235 -0.303814
0.185855 -0.048639 0.103511 0.203539 0.124024
0.185855 -0.048639 0.103511 0.203539 0.124024
0.185855 -0.048639 0.103511 0.203539 0.124024
0.225791 -0.093533 0.004137 -0.086799 0.216137
0.225791 -0.093533 0.004137 -0.086799 0.216137
0.201504 -0.054746 0.049695 0.157127 0.19701
0.267392 -0.039058 0.164896 0.370028 0.02628
0.276629 -0.016647 0.155054 0.015184 -0.298898
0.130708 -0.220732 -0.030781 -0.065114 0.101912
0.09702 -0.295531 -0.025659 0.192475 0.261883
0.055925 -0.370705 -0.051056 0.112763 0.268266
0.055925 -0.370705 -0.051056 0.112763 0.268266
0.144856 -0.256076 0.012233 0.004896 0.117275
0.196499 -0.253099 -0.005424 -0.110124 0.048919
0.196499 -0.253099 -0.005424 -0.110124 0.048919
0.1062 -0.338354 -0.139347 -0.423572 0.075707
0.131523 -0.320727 -0.123617 -0.35046 0.134062
0.133569 -0.294767 -0.106029 -0.26228 0.154374
0.108854 -0.292728 -0.069935 -0.193486 0.157149
0.108854 -0.292728 -0.069935 -0.193486 0.157149
0.107637 -0.238146 -0.084452 -0.26541 0.111188
0.08453 -0.238674 -0.050343 -0.134719 0.124933
0.08453 -0.238674 -0.050343 -0.134719 0.124933
0.08453 -0.238674 -0.050343 -0.134719 0.124933
0.141692 -0.211645 -0.058226 -0.159911 0.114319
0.187787 -0.195799 0.040069 -0.236347 -0.166151
0.130806 -0.290906 -0.002177 0.028833 0.153335
0.112269 -0.245072 -0.003314 0.054297 0.104889
0.112269 -0.245072 -0.003314 0.054297 0.104889
0.112269 -0.245072 -0.003314 0.054297 0.104889
0.072702 -0.374704 -0.100221 -0.234278 0.214055
0.034838 -0.43979 -0.127655 -0.056079 0.439285
0.014656 -0.422618 -0.137655 -0.163361 0.347998
0.04307 -0.336276 -0.070313 0.104587 0.421701
0.04307 -0.336276 -0.070313 0.104587 0.421701
0.04307 -0.336276 -0.070313 0.104587 0.421701
0.145908 -0.259623 -0.021756 0.116688 0.274859
0.140014 -0.236546 0.00881 -0.181815 -0.183437
0.097437 -0.262922 -0.004044 -0.190986 -0.234663
0.231933 -0.159066 0.03348 -0.493667 -0.352983
0.231933 -0.159066 0.03348 -0.493667 -0.352983
0.231933 -0.159066 0.03348 -0.493667 -0.352983
0.231933 -0.159066 0.03348 -0.493667 -0.352983
0.231933 -0.159066 0.03348 -0.493667 -0.352983
0.231933 -0.159066 0.03348 -0.493667 -0.352983
0.231933 -0.159066 0.03348 -0.493667 -0.352983
0.231933 -0.159066 0.03348 -0.493667 -0.352983
0.231933 -0.159066 0.03348 -0.493667 -0.352983
0.231933 -0.159066 0.03348 -0.493667 -0.352983
0.211918 -0.336409 -0.002126 -0.309976 -0.180502
0.156916 -0.339299 -0.050446 -0.431506 -0.085071
0.142679 -0.357193 -0.013646 0.021199 0.090032
0.174985 -0.265966 0.017035 0.044621 0.046634
0.114778 -0.13504 0.023587 -0.075487 -0.16525
0.180819 -0.131604 0.04422 0.164984 0.10923
0.083519 -0.193888 -0.048782 -0.250637 -0.064576
0.052745 -0.260525 -0.04705 -0.00643 0.111727
0.100709 -0.206223 -0.00736 -0.219701 -0.127345
0.016149 -0.330953 -0.094443 -0.08523 0.0227
0.179195 -0.153984 0.00947 -0.453157 -0.219535
0.179195 -0.153984 0.00947 -0.453157 -0.219535
0.179195 -0.153984 0.00947 -0.453157 -0.219535
0.179195 -0.153984 0.00947 -0.453157 -0.219535
0.179195 -0.153984 0.00947 -0.453157 -0.219535
0.179195 -0.153984 0.00947 -0.453157 -0.219535
0.179195 -0.153984 0.00947 -0.453157 -0.219535
0.210837 -0.196585 0.038121 -0.084839 -0.028425
0.210837 -0.196585 0.038121 -0.084839 -0.028425
0.210837 -0.196585 0.038121 -0.084839 -0.028425
0.137733 -0.335288 -0.081575 -0.255319 0.056479
0.202169 -0.252477 -0.015377 -0.161837 0.024633
0.227643 -0.260854 -0.032197 -0.311635 -0.032781
0.227643 -0.260854 -0.032197 -0.311635 -0.032781
0.170708 -0.229425 -0.021891 -0.236807 -0.083831
0.170708 -0.229425 -0.021891 -0.236807 -0.083831
0.154595 -0.192562 0.001903 -0.068902 0.065225
0.209011 -0.223621 0.032289 0.075944 0.184537
0.165462 -0.353637 -0.030928 0.038321 0.282743
0.165462 -0.353637 -0.030928 0.038321 0.282743
0.165462 -0.353637 -0.030928 0.038321 0.282743
0.165462 -0.353637 -0.030928 0.038321 0.282743
0.291883 -0.166277 0.05704 0.010031 0.152349
0.250643 -0.145386 0.125057 0.06443 -0.135978
0.250643 -0.145386 0.125057 0.06443 -0.135978
0.250643 -0.145386 0.125057 0.06443 -0.135978
0.250643 -0.145386 0.125057 0.06443 -0.135978
0.22691 -0.186673 0.087859 -0.023939 -0.129054
0.253619 -0.149541 0.094895 0.004808 -0.069037
0.230331 -0.085354 0.056816 -0.205438 -0.208651
0.230331 -0.085354 0.056816 -0.205438 -0.208651
0.230331 -0.085354 0.056816 -0.205438 -0.208651
0.243905 -0.101782 0.058231 -0.198302 -0.170668
0.243905 -0.101782 0.058231 -0.198302 -0.170668
0.243905 -0.101782 0.058231 -0.198302 -0.170668
0.134868 -0.179908 -0.036922 -0.188847 0.159841
0.134868 -0.179908 -0.036922 -0.188847 0.159841
0.124042 -0.211586 -0.007307 -0.088242 0.117389
0.104335 -0.281788 -0.077863 -0.345998 0.06328
0.104335 -0.281788 -0.077863 -0.345998 0.06328
0.032665 -0.346311 -0.130478 -0.245276 0.263439
0.032665 -0.346311 -0.130478 -0.245276 0.263439
0.082218 -0.350109 -0.045728 0.047017 0.234707
0.082218 -0.350109 -0.045728 0.047017 0.234707
0.053839 -0.369636 -0.053174 0.154507 0.281656
0.118326 -0.400978 -0.029912 0.069382 0.136304
0.166073 -0.263667 0.068257 0.250358 0.145913
0.193715 -0.129247 0.075708 0.212998 0.107533
0.198345 -0.133717 0.049314 0.035223 0.09488
0.1461 -0.200194 -0.062149 -0.243039 0.107417
0.067816 -0.265887 -0.060622 -0.055997 0.1569
0.187166 -0.132521 0.000292 -0.01647 0.073742
0.215473 -0.065186 0.041264 -0.320589 -0.260329
0.215473 -0.065186 0.041264 -0.320589 -0.260329
0.108998 -0.172202 0.009434 -0.208233 -0.174727
0.108998 -0.172202 0.009434 -0.208233 -0.174727
0.108998 -0.172202 0.009434 -0.208233 -0.174727
0.053611 -0.275805 -0.002371 0.001593 -0.064081
0.053611 -0.275805 -0.002371 0.001593 -0.064081
0.005897 -0.308127 -0.077381 -0.162507 0.00526
0.081919 -0.2771 0.000677 0.137748 0.085747
0.046525 -0.337465 -0.067652 0.129111 0.28628
0.014819 -0.455109 -0.112332 -0.083184 0.158924
0.014819 -0.455109 -0.112332 -0.083184 0.158924
0.07762 -0.350792 -0.033274 0.093304 0.105415
0.047071 -0.417367 -0.060625 0.25423 0.341741
0.077242 -0.338511 -0.054799 0.174361 0.333136
0.077242 -0.338511 -0.054799 0.174361 0.333136
0.134138 -0.218386 0.020059 -0.014542 0.036332
0.134138 -0.218386 0.020059 -0.014542 0.036332
0.134138 -0.218386 0.020059 -0.014542 0.036332
0.202947 -0.109545 0.095121 -0.04043 -0.111587
0.198536 -0.162148 0.027622 -0.070671 0.117209
0.283205 -0.151801 0.085455 -0.095431 -0.044215
0.056223 -0.402835 -0.198853 -0.702443 0.05695
0.153897 -0.24537 -0.103619 -0.46239 0.143051
0.153897 -0.24537 -0.103619 -0.46239 0.143051
0.182018 -0.229156 -0.006028 -0.288081 -0.093701
0.139616 -0.305804 -0.041268 -0.228446 0.012957
0.20731 -0.211683 -0.004083 -0.236033 -0.029151
0.20731 -0.211683 -0.004083 -0.236033 -0.029151
0.20731 -0.211683 -0.004083 -0.236033 -0.029151
0.279856 -0.092762 0.092872 0.02979 -0.018914
