0.968774 -0.377934 0.522555 0.107791 -0.00639
0.186717 -0.184519 0.053455 -0.070716 -0.172604
0.183388 -0.157435 0.015177 -0.121308 -0.023327
0.134719 -0.241183 -0.052881 -0.152897 0.132275
0.14545 -0.16289 0.017773 -0.098285 -0.021691
0.14545 -0.16289 0.017773 -0.098285 -0.021691
0.14545 -0.16289 0.017773 -0.098285 -0.021691
0.242302 -0.067782 0.107651 -0.086643 -0.196712
0.242302 -0.067782 0.107651 -0.086643 -0.196712
0.242302 -0.067782 0.107651 -0.086643 -0.196712
0.285941 -0.080668 0.099032 -0.012267 -0.116886
0.285941 -0.080668 0.099032 -0.012267 -0.116886
0.285941 -0.080668 0.099032 -0.012267 -0.116886
0.285941 -0.080668 0.099032 -0.012267 -0.116886
0.253965 -0.111751 0.080054 -0.185825 -0.255419
0.271787 -0.144868 0.087 -0.090635 -0.150745
0.166439 -0.342791 -0.020221 -0.215666 -0.122529
0.250608 -0.22071 0.034172 -0.364682 -0.322809
0.250608 -0.22071 0.034172 -0.364682 -0.322809
0.214642 -0.186125 -0.019765 -0.330442 -0.029444
0.087969 -0.299037 -0.046816 -0.066439 0.200074
0.087969 -0.299037 -0.046816 -0.066439 0.200074
0.087969 -0.299037 -0.046816 -0.066439 0.200074
0.006209 -0.433368 -0.125521 0.002541 0.394495
0.149182 -0.26498 0.01809 0.376916 0.447214
0.199345 -0.211226 0.033782 0.105173 0.230236
0.041243 -0.410025 -0.116491 -0.346648 -0.001574
0.041243 -0.410025 -0.116491 -0.346648 -0.001574
0.041243 -0.410025 -0.116491 -0.346648 -0.001574
0.181199 -0.177312 0.045295 -0.200827 -0.222074
0.116441 -0.332833 -0.040509 0.025605 0.286026
0.204551 -0.13039 0.000965 -0.256175 0.040734
0.203765 -0.131351 0.002517 -0.209583 0.043337
0.187159 -0.15509 0.042859 0.07777 0.038337
0.288938 -0.084463 0.09022 -0.068405 -0.172712
0.254736 -0.123998 0.011019 -0.209516 -0.089153
0.199544 -0.196149 -0.044281 -0.34075 -0.037752
0.326804 -0.014687 0.105624 -0.318152 -0.321858
0.326804 -0.014687 0.105624 -0.318152 -0.321858
0.326804 -0.014687 0.105624 -0.318152 -0.321858
0.215627 -0.095308 0.057614 -0.333784 -0.248425
0.215627 -0.095308 0.057614 -0.333784 -0.248425
0.181047 -0.169079 0.009907 -0.273006 -0.114799
0.181047 -0.169079 0.009907 -0.273006 -0.114799
0.181047 -0.169079 0.009907 -0.273006 -0.114799
0.065186 -0.350616 -0.103691 -0.22879 0.108769
0.148649 -0.237555 0.018703 0.114763 0.254955
0.169176 -0.174332 0.050855 0.239854 0.28626
0.059765 -0.34208 -0.115363 -0.003214 0.414911
0.013869 -0.374682 -0.123247 -0.169218 0.179488
-0.001037 -0.429045 -0.128068 -0.254842 0.046461
0.113929 -0.226172 0.02881 -0.128604 -0.080202
0.20537 -0.184685 0.041864 -0.064445 -0.046412
0.069651 -0.286577 -0.039279 -0.0062 0.127835
0.088518 -0.294095 -0.069749 0.005815 0.229048
0.190265 -0.12739 0.06257 0.192399 0.106516
0.15819 -0.14027 0.062132 0.066899 0.0123
0.141125 -0.064061 0.078133 0.004583 -0.097869
0.187867 -0.131803 0.070553 0.14229 0.086094
0.197986 -0.135275 0.020883 -0.300965 -0.138189
0.191774 -0.164581 0.034906 -0.366534 -0.254346
0.140228 -0.189233 -0.029008 -0.404564 -0.088422
0.158421 -0.255058 0.004884 0.072808 0.170179
0.158421 -0.255058 0.004884 0.072808 0.170179
0.145127 -0.227077 -0.052815 -0.369813 0.033806
0.195676 -0.223042 -0.039056 -0.176251 0.143909
0.195676 -0.223042 -0.039056 -0.176251 0.143909
0.195676 -0.223042 -0.039056 -0.176251 0.143909
0.195676 -0.223042 -0.039056 -0.176251 0.143909
0.293966 -0.077163 0.107907 -0.004521 -0.067072
0.293966 -0.077163 0.107907 -0.004521 -0.067072
0.286214 -0.100265 0.063726 -0.088045 -0.033095
0.221695 -0.249375 -0.027143 -0.19227 0.073234
0.221695 -0.249375 -0.027143 -0.19227 0.073234
0.253995 -0.224189 0.029399 0.006231 0.164431
0.277681 -0.172812 0.092189 0.113772 -0.00385
0.257204 -0.009532 0.143068 -0.110538 -0.282876
0.207479 -0.095945 0.045735 -0.322015 -0.260905
0.176907 -0.118215 0.041899 -0.161814 -0.042487
0.25711 -0.137723 0.068952 -0.040197 0.01704
0.254628 -0.129962 0.07903 0.05021 0.036265
0.254628 -0.129962 0.07903 0.05021 0.036265
0.162641 -0.244469 -0.006184 0.035195 0.08669
0.15416 -0.134374 0.036171 -0.112918 -0.073459
0.118253 -0.194744 -0.074251 -0.434318 -0.111284
0.143208 -0.210062 -0.044319 -0.130735 -0.00472
0.196568 -0.279464 0.019665 -0.175324 -0.159161
0.196568 -0.279464 0.019665 -0.175324 -0.159161
0.196568 -0.279464 0.019665 -0.175324 -0.159161
0.320344 -0.040276 0.1176 -0.104565 -0.235001
0.333834 -0.037327 0.111903 -0.165354 -0.236713
0.333834 -0.037327 0.111903 -0.165354 -0.236713
0.352716 0.008464 0.143973 -0.082532 -0.232133
0.25145 -0.002393 0.16016 -0.134922 -0.39907
0.14307 -0.155905 0.033156 -0.078405 -0.020274
0.14307 -0.155905 0.033156 -0.078405 -0.020274
0.183229 -0.085191 0.000936 -0.360253 -0.126591
0.206301 -0.109029 -0.006058 -0.399987 -0.072998
0.16901 -0.156699 0.069961 -0.031311 -0.050122
0.194112 -0.103804 0.115059 0.096989 -0.012994
0.161303 -0.268137 0.019773 -0.046295 0.078083
0.329178 0.051955 0.251894 0.284577 -0.09478
0.2185 -0.059901 0.171191 0.333209 0.110112
0.2185 -0.059901 0.171191 0.333209 0.110112
0.2185 -0.059901 0.171191 0.333209 0.110112
0.136848 -0.215025 0.059361 0.264445 0.273954
0.09778 -0.296121 0.030799 0.171851 0.190703
0.09778 -0.296121 0.030799 0.171851 0.190703
0.181622 -0.194617 0.029191 0.221425 0.319212
0.181622 -0.194617 0.029191 0.221425 0.319212
0.181622 -0.194617 0.029191 0.221425 0.319212
0.181622 -0.194617 0.029191 0.221425 0.319212
0.181622 -0.194617 0.029191 0.221425 0.319212
0.186534 -0.153725 0.046717 0.111377 0.054096
0.186534 -0.153725 0.046717 0.111377 0.054096
0.212343 -0.087285 0.06841 -0.026647 -0.138606
0.201688 -0.164585 0.061783 0.002479 -0.116441
0.148137 -0.317746 -0.011311 -0.143744 -0.016872
0.215757 -0.179304 0.072559 -0.007631 -0.017865
0.204652 -0.14488 0.066987 0.018787 0.028336
0.157031 -0.20218 0.014651 0.088196 0.183664
0.157031 -0.20218 0.014651 0.088196 0.183664
0.145229 -0.29435 -0.024438 0.200836 0.336433
0.145229 -0.29435 -0.024438 0.200836 0.336433
0.107531 -0.308769 -0.121687 -0.029872 0.371447
0.148243 -0.274332 -0.065037 0.238945 0.549524
0.17544 -0.225493 -0.025096 0.093612 0.229128
0.143209 -0.238308 -0.026658 0.16699 0.257606
0.143209 -0.238308 -0.026658 0.16699 0.257606
0.216026 -0.145087 -0.019299 -0.163411 0.044133
0.217434 -0.084855 0.026812 -0.30484 -0.17851
0.217434 -0.084855 0.026812 -0.30484 -0.17851
0.172279 -0.215935 -0.029817 -0.175843 -0.030802
0.215805 -0.175292 -0.014188 -0.242368 -0.034457
0.215805 -0.175292 -0.014188 -0.242368 -0.034457
0.243016 -0.052105 0.057175 0.019038 -0.026915
0.243016 -0.052105 0.057175 0.019038 -0.026915
0.304326 -0.056052 0.101895 -0.159996 -0.217786
0.269698 -0.062501 0.107942 -0.109238 -0.157558
0.269698 -0.062501 0.107942 -0.109238 -0.157558
0.218541 -0.155213 0.032709 -0.079151 0.016484
0.156547 -0.204037 -0.044177 -0.145832 0.197128
0.156547 -0.204037 -0.044177 -0.145832 0.197128
0.135527 -0.211796 -0.093521 -0.282059 0.172888
0.135527 -0.211796 -0.093521 -0.282059 0.172888
0.156645 -0.114588 -0.006649 -0.026221 0.117455
0.156645 -0.114588 -0.006649 -0.026221 0.117455
0.170818 -0.11728 -0.008041 0.04899 0.215506
0.170818 -0.11728 -0.008041 0.04899 0.215506
0.170818 -0.11728 -0.008041 0.04899 0.215506
0.225013 -0.033419 0.051553 0.025017 0.176577
0.165403 -0.118027 0.016427 0.232735 0.377707
0.165403 -0.118027 0.016427 0.232735 0.377707
0.171193 -0.128354 -0.037654 -0.138435 0.253858
0.104265 -0.322025 -0.079556 -0.338449 0.055338
0.124871 -0.322269 -0.056141 0.084887 0.323781
0.124871 -0.322269 -0.056141 0.084887 0.323781
0.172206 -0.253737 0.032804 0.186015 0.235124
0.172206 -0.253737 0.032804 0.186015 0.235124
0.097547 -0.169261 0.002011 0.268057 0.318406
0.097547 -0.169261 0.002011 0.268057 0.318406
0.096591 -0.207654 -0.002125 0.288137 0.364681
0.096591 -0.207654 -0.002125 0.288137 0.364681
0.096591 -0.207654 -0.002125 0.288137 0.364681
0.096591 -0.207654 -0.002125 0.288137 0.364681
0.096591 -0.207654 -0.002125 0.288137 0.364681
0.096591 -0.207654 -0.002125 0.288137 0.364681
0.20751 -0.113577 0.047793 -0.279865 -0.216633
0.20751 -0.113577 0.047793 -0.279865 -0.216633
0.20751 -0.113577 0.047793 -0.279865 -0.216633
0.20751 -0.113577 0.047793 -0.279865 -0.216633
0.20751 -0.113577 0.047793 -0.279865 -0.216633
0.20751 -0.113577 0.047793 -0.279865 -0.216633
0.20751 -0.113577 0.047793 -0.279865 -0.216633
0.148791 -0.137334 -0.013174 -0.462786 -0.250273
0.148791 -0.137334 -0.013174 -0.462786 -0.250273
0.148791 -0.137334 -0.013174 -0.462786 -0.250273
0.148791 -0.137334 -0.013174 -0.462786 -0.250273
0.193697 -0.087597 -0.005731 -0.32508 -0.019547
0.234579 -0.063503 0.029411 -0.264697 -0.097858
0.185578 -0.112186 -0.004836 -0.190929 -0.100497
0.260925 -0.037341 0.047228 -0.309313 -0.09831
0.260925 -0.037341 0.047228 -0.309313 -0.09831
0.201689 -0.130553 0.004923 -0.294544 -0.065648
0.201689 -0.130553 0.004923 -0.294544 -0.065648
0.188592 -0.248291 -0.040398 -0.26969 -0.07929
0.083357 -0.353898 -0.076844 -0.089082 0.212998
0.188238 -0.181396 -0.067741 -0.29825 0.100923
0.167463 -0.200165 -0.027108 -0.048494 0.210878
0.129501 -0.276574 -0.072981 -0.241851 0.087671
0.129501 -0.276574 -0.072981 -0.241851 0.087671
0.129501 -0.276574 -0.072981 -0.241851 0.087671
0.129501 -0.276574 -0.072981 -0.241851 0.087671
0.131579 -0.323165 -0.051875 -0.096942 0.10247
0.131579 -0.323165 -0.051875 -0.096942 0.10247
0.243976 -0.226554 0.007105 0.358006 0.514053
0.269355 -0.092829 0.065496 0.23024 0.228109
0.127492 -0.165129 -0.004422 -0.289673 -0.009871
0.141643 -0.233613 0.010434 -0.028538 0.255094
0.119858 -0.204266 0.105042 0.394853 0.164055
0.125247 -0.157833 0.048917 0.030373 0.091482
0.170278 -0.190667 0.035999 0.289678 0.22515
0.125994 -0.267462 -0.096366 -0.357984 0.05059
0.181001 -0.213476 0.022582 -0.16719 -0.019621
0.133795 -0.267235 -0.003811 -0.175803 -0.088788
0.139171 -0.158755 0.032724 -0.184023 -0.085144
0.20929 -0.124521 0.098462 0.047641 -0.006133
0.18085 -0.199368 0.043858 -0.127397 -0.041368
0.18085 -0.199368 0.043858 -0.127397 -0.041368
0.18085 -0.199368 0.043858 -0.127397 -0.041368
0.174858 -0.21985 0.046176 0.058242 0.024706
0.174858 -0.21985 0.046176 0.058242 0.024706
0.276964 -0.066953 0.1063 -0.17348 -0.366727
0.301858 0.004054 0.138093 0.068655 -0.108712
0.217341 -0.087949 0.038841 0.122285 0.231023
0.127264 -0.203926 -0.026402 -0.246102 0.010308
0.137919 -0.23563 -0.053013 -0.414009 -0.10341
0.195769 -0.149717 0.00304 -0.312383 -0.13073
0.195769 -0.149717 0.00304 -0.312383 -0.13073
0.195769 -0.149717 0.00304 -0.312383 -0.13073
0.113523 -0.289366 0.013497 0.187416 0.120371
0.141176 -0.214356 0.020562 0.023551 0.079395
0.178547 -0.216831 0.025855 0.198162 0.277215
0.187916 -0.2248 0.024404 0.095199 0.222686
0.199958 -0.237419 0.0238 -0.046272 0.042729
0.262064 -0.14269 0.053422 -0.138735 -0.070527
0.287798 -0.117209 0.093082 0.014595 -0.044099
0.254683 -0.104938 0.098353 0.013563 -0.022606
0.216035 -0.238575 0.054207 0.027114 0.069939
0.216035 -0.238575 0.054207 0.027114 0.069939
0.268403 -0.092323 0.074515 -0.299939 -0.156329
0.28489 -0.010899 0.115185 0.053757 0.005215
0.311685 0.03561 0.168907 -0.008405 -0.094573
0.26885 0.021076 0.142032 -0.148885 -0.311664
0.229521 -0.065002 0.050824 -0.182104 -0.042347
0.192736 -0.17901 -0.044906 -0.32399 0.023272
0.150085 -0.14609 -0.001339 0.224867 0.324569
0.150085 -0.14609 -0.001339 0.224867 0.324569
0.200699 -0.115506 0.057001 -0.056195 -0.189855
0.200699 -0.115506 0.057001 -0.056195 -0.189855
0.176438 -0.090471 0.013223 -0.174701 -0.039009
0.220596 -0.068011 0.100068 -0.107934 -0.268104
0.220596 -0.068011 0.100068 -0.107934 -0.268104
0.206867 -0.088232 0.116677 0.087703 -0.092988
0.197279 -0.086348 0.084236 -0.025064 -0.156304
0.197279 -0.086348 0.084236 -0.025064 -0.156304
0.35016 0.022475 0.185924 -0.034025 -0.28659
0.35016 0.022475 0.185924 -0.034025 -0.28659
0.35016 0.022475 0.185924 -0.034025 -0.28659
0.316201 0.001019 0.199705 0.190614 -0.180662
0.283221 -0.05257 0.177488 0.056665 -0.194508
0.224244 -0.073232 0.151199 -0.166492 -0.385159
0.312483 -0.018729 0.227602 0.371781 -0.077522
0.252969 -0.009535 0.150236 -0.117015 -0.279339
0.304912 -0.043469 0.135844 -0.08891 -0.185869
0.310536 -0.02866 0.122374 -0.074312 -0.11225
0.158705 -0.219706 -0.031269 -0.120159 0.035256
0.231253 -0.079769 0.083396 0.080734 -0.012554
0.3378 0.032883 0.152009 -0.290672 -0.38856
0.324289 -0.031637 0.141051 -0.220073 -0.333615
0.324289 -0.031637 0.141051 -0.220073 -0.333615
0.276048 -0.039838 0.115736 -0.313526 -0.31339
0.267914 -0.010805 0.121608 -0.076766 -0.189573
0.166205 -0.117927 0.020176 -0.302051 -0.185232
0.166205 -0.117927 0.020176 -0.302051 -0.185232
0.066282 -0.298444 -0.096513 -0.254464 0.102274
0.066282 -0.298444 -0.096513 -0.254464 0.102274
0.119576 -0.284818 -0.085644 -0.180202 0.260898
0.119576 -0.284818 -0.085644 -0.180202 0.260898
0.097449 -0.208187 -0.018539 -0.040647 0.156338
0.157085 -0.167326 0.061881 0.103667 0.094273
0.157085 -0.167326 0.061881 0.103667 0.094273
0.157085 -0.167326 0.061881 0.103667 0.094273
0.157085 -0.167326 0.061881 0.103667 0.094273
0.285453 -0.085675 0.115075 -0.030238 -0.125259
0.285453 -0.085675 0.115075 -0.030238 -0.125259
0.142065 -0.25465 0.02363 0.091978 0.040496
0.142065 -0.25465 0.02363 0.091978 0.040496
0.226117 -0.166025 0.082395 0.2557 0.178475
0.201938 -0.198724 0.050531 0.32723 0.29572
0.213084 -0.2082 0.050694 0.060525 0.104575
0.213084 -0.2082 0.050694 0.060525 0.104575
0.181981 -0.241078 -0.010301 0.039281 0.172077
0.181981 -0.241078 -0.010301 0.039281 0.172077
0.18421 -0.208752 -0.010648 0.012362 0.163713
0.177916 -0.222553 0.007322 -0.020137 0.017295
0.241191 -0.206204 0.122762 0.110341 -0.185782
0.272499 -0.047866 0.187429 0.191562 -0.194527
0.303734 -0.055487 0.20376 0.115634 -0.333816
0.319927 0.040887 0.150182 -0.088304 -0.324089
0.319927 0.040887 0.150182 -0.088304 -0.324089
0.318133 -0.005558 0.134019 -0.080538 -0.239346
0.168235 -0.153857 -0.057425 -0.253468 0.073177
0.168235 -0.153857 -0.057425 -0.253468 0.073177
0.096706 -0.302562 -0.128207 -0.213169 0.204309
0.142114 -0.281933 -0.06797 -0.123665 0.161489
0.210617 -0.111734 0.014489 -0.297714 -0.111352
0.21312 -0.140735 -0.015031 -0.254865 0.06607
0.21312 -0.140735 -0.015031 -0.254865 0.06607
0.21312 -0.140735 -0.015031 -0.254865 0.06607
0.21312 -0.140735 -0.015031 -0.254865 0.06607
0.141234 -0.211418 -0.069366 -0.073434 0.201688
0.141234 -0.211418 -0.069366 -0.073434 0.201688
0.237984 -0.17899 -0.010347 -0.275913 -0.072179
0.2033 -0.103429 0.019625 -0.388262 -0.222757
0.2033 -0.103429 0.019625 -0.388262 -0.222757
0.2033 -0.103429 0.019625 -0.388262 -0.222757
0.2033 -0.103429 0.019625 -0.388262 -0.222757
0.2033 -0.103429 0.019625 -0.388262 -0.222757
0.2033 -0.103429 0.019625 -0.388262 -0.222757
0.2033 -0.103429 0.019625 -0.388262 -0.222757
0.2033 -0.103429 0.019625 -0.388262 -0.222757
0.2033 -0.103429 0.019625 -0.388262 -0.222757
0.2033 -0.103429 0.019625 -0.388262 -0.222757
0.147893 -0.128314 0.032335 -0.077382 0.005829
0.163522 -0.177185 0.048165 -0.061706 0.044124
0.163522 -0.177185 0.048165 -0.061706 0.044124
0.163522 -0.177185 0.048165 -0.061706 0.044124
0.288069 -0.026633 0.174811 0.043488 -0.164446
0.272777 -0.045004 0.155302 0.193981 -0.024586
0.082972 -0.36887 -0.009476 0.198464 0.286338
0.050914 -0.265225 -0.024825 0.004352 0.182933
0.003297 -0.307708 -0.095817 -0.276482 -0.010554
0.003297 -0.307708 -0.095817 -0.276482 -0.010554
-0.045999 -0.363667 -0.095184 0.086835 0.189299
0.144135 -0.254516 0.047538 0.208033 0.117125
0.106663 -0.271153 -0.000521 -0.080472 0.001544
0.167505 -0.120415 0.08302 -0.113281 -0.241074
0.167505 -0.120415 0.08302 -0.113281 -0.241074
0.123999 -0.174706 0.029441 0.242393 0.291147
0.286443 -0.010644 0.179142 0.233027 -0.057636
0.286443 -0.010644 0.179142 0.233027 -0.057636
0.286443 -0.010644 0.179142 0.233027 -0.057636
0.286443 -0.010644 0.179142 0.233027 -0.057636
0.217972 -0.086377 0.083444 0.020363 -0.080871
0.113875 -0.234479 0.03888 0.047596 -0.096262
0.028539 -0.312125 -0.095334 -0.164615 0.149809
0.152977 -0.184042 -0.035628 -0.407692 -0.145007
0.077465 -0.25373 -0.016292 0.032497 0.014505
0.129345 -0.215253 -0.046843 -0.166487 0.02538
0.129345 -0.215253 -0.046843 -0.166487 0.02538
0.150559 -0.284407 -0.102537 -0.301845 0.080378
0.134278 -0.170126 -0.10302 -0.219725 0.235461
0.09505 -0.322917 -0.113673 -0.504361 -0.040231
0.124682 -0.270295 -0.050196 -0.390809 -0.122292
0.124682 -0.270295 -0.050196 -0.390809 -0.122292
0.124682 -0.270295 -0.050196 -0.390809 -0.122292
0.124682 -0.270295 -0.050196 -0.390809 -0.122292
0.124682 -0.270295 -0.050196 -0.390809 -0.122292
0.107207 -0.292987 -0.004533 -0.029165 -0.028283
0.145562 -0.215987 -0.062126 -0.549724 -0.195078
0.145562 -0.215987 -0.062126 -0.549724 -0.195078
0.145562 -0.215987 -0.062126 -0.549724 -0.195078
0.145562 -0.215987 -0.062126 -0.549724 -0.195078
0.161382 -0.129565 -0.025715 -0.469414 -0.139545
0.265409 -0.03438 0.116742 -0.0729 -0.16547
0.265409 -0.03438 0.116742 -0.0729 -0.16547
0.309633 -0.022129 0.087629 -0.218888 -0.229313
0.195285 -0.1522 -0.004536 0.013738 0.136309
0.146666 -0.19843 0.019094 0.119184 0.010033
0.277102 0.006634 0.11426 0.191806 0.103327
0.391373 0.080352 0.202125 0.174139 -0.048464
0.283098 -0.00417 0.189257 0.170959 -0.191359
0.364321 0.039485 0.177783 -0.072983 -0.245809
0.28591 -0.04618 0.111666 -0.062817 -0.140998
0.198041 -0.11004 0.064226 -0.096089 -0.144856
0.174687 -0.284135 -0.076631 -0.3403 0.131049
0.174687 -0.284135 -0.076631 -0.3403 0.131049
0.146399 -0.193544 -0.008557 -0.319393 -0.061431
0.095265 -0.225773 -0.018209 -0.015022 0.126691
0.103987 -0.216247 -0.039401 -0.02655 0.237765
0.103987 -0.216247 -0.039401 -0.02655 0.237765
0.103987 -0.216247 -0.039401 -0.02655 0.237765
0.103987 -0.216247 -0.039401 -0.02655 0.237765
0.114231 -0.210105 -0.042551 0.033756 0.232236
0.114231 -0.210105 -0.042551 0.033756 0.232236
0.098341 -0.231532 -0.04782 0.21143 0.372264
0.168585 -0.187173 -0.000803 0.211119 0.297727
0.188972 -0.172808 -0.025704 -0.048958 0.22787
0.070401 -0.372983 -0.134481 -0.065977 0.45584
0.212436 -0.143907 0.057817 0.128504 0.108765
0.159774 -0.256443 0.004985 -0.144828 0.004303
0.159774 -0.256443 0.004985 -0.144828 0.004303
0.202787 -0.112624 0.032106 -0.116506 0.013127
0.220019 -0.102751 0.029967 -0.137657 0.000394
0.162624 -0.161867 -0.026696 -0.344531 -0.057979
0.162624 -0.161867 -0.026696 -0.344531 -0.057979
0.162624 -0.161867 -0.026696 -0.344531 -0.057979
0.162624 -0.161867 -0.026696 -0.344531 -0.057979
0.218718 -0.123762 0.008274 -0.475302 -0.319811
0.214597 -0.151873 -0.008801 -0.137509 0.065571
0.181189 -0.167385 -0.02705 -0.398454 -0.191041
0.229376 -0.085296 0.015891 -0.010336 0.137415
0.333788 -0.014908 0.102199 -0.043249 -0.011114
0.271256 -0.072979 0.042208 -0.202401 -0.039857
0.258558 -0.122481 0.076124 -0.095198 -0.083872
0.254488 -0.128432 0.089844 0.020134 -0.068759
0.19896 -0.170935 0.042229 -0.184636 -0.10241
0.19896 -0.170935 0.042229 -0.184636 -0.10241
0.225835 -0.147416 0.033939 0.01158 0.114494
0.225835 -0.147416 0.033939 0.01158 0.114494
0.225835 -0.147416 0.033939 0.01158 0.114494
0.225835 -0.147416 0.033939 0.01158 0.114494
0.224479 -0.121706 0.08757 0.160618 0.105456
0.14923 -0.168295 -0.039111 -0.223947 0.065149
0.14923 -0.168295 -0.039111 -0.223947 0.065149
0.114692 -0.228177 -0.101193 -0.171179 0.237789
0.03004 -0.409072 -0.132094 -0.113503 0.299533
0.186007 -0.247225 0.01431 -0.004831 0.101437
0.23416 -0.188718 0.103981 0.113192 -0.054549
0.23416 -0.188718 0.103981 0.113192 -0.054549
0.177076 -0.144671 0.07627 0.019599 -0.129053
0.272464 -0.119797 0.082739 -0.146932 -0.227869
0.278021 -0.119153 0.116926 -0.011316 -0.163095
0.278021 -0.119153 0.116926 -0.011316 -0.163095
0.171583 -0.170961 0.032416 0.115499 0.07504
0.138552 -0.272097 -0.006111 0.191145 0.273981
0.16512 -0.241842 -0.011217 -0.082948 0.019716
-0.007437 -0.404462 -0.119352 -0.047736 0.284182
0.126602 -0.330396 -0.024146 -0.100848 0.10374
0.280511 -0.172281 0.108242 0.161193 -0.020833
0.280511 -0.172281 0.108242 0.161193 -0.020833
0.280511 -0.172281 0.108242 0.161193 -0.020833
0.280511 -0.172281 0.108242 0.161193 -0.020833
0.344508 -0.040133 0.153304 -0.027965 -0.199807
0.154293 -0.221515 -0.041595 -0.239183 0.106828
0.239804 -0.076192 0.052155 -0.181601 -0.07643
0.239804 -0.076192 0.052155 -0.181601 -0.07643
0.262843 -0.100049 0.065583 -0.058033 -0.008304
0.297614 -0.153123 0.095178 -0.098043 -0.082981
0.268573 -0.076981 0.065383 -0.485336 -0.313925
0.203679 -0.159644 -0.019261 -0.38698 -0.146236
0.203679 -0.159644 -0.019261 -0.38698 -0.146236
0.203679 -0.159644 -0.019261 -0.38698 -0.146236
0.156668 -0.267266 -0.034488 -0.261538 -0.023639
0.156668 -0.267266 -0.034488 -0.261538 -0.023639
0.1589 -0.256463 0.018924 -0.005501 -0.009403
0.167434 -0.249928 0.032715 -0.164383 -0.18257
0.167434 -0.249928 0.032715 -0.164383 -0.18257
0.18176 -0.154334 0.056175 0.19986 0.082991
0.18176 -0.154334 0.056175 0.19986 0.082991
0.18176 -0.154334 0.056175 0.19986 0.082991
0.283288 -0.077516 0.141311 0.251729 0.031661
0.294816 -0.040564 0.147796 0.075131 -0.155728
0.294816 -0.040564 0.147796 0.075131 -0.155728
0.304008 0.05734 0.108613 -0.38476 -0.387237
0.233234 -0.093299 0.057829 -0.163495 -0.154398
0.233234 -0.093299 0.057829 -0.163495 -0.154398
0.233234 -0.093299 0.057829 -0.163495 -0.154398
0.258617 -0.085883 0.030222 -0.292933 -0.15615
0.258617 -0.085883 0.030222 -0.292933 -0.15615
0.258617 -0.085883 0.030222 -0.292933 -0.15615
0.297704 0.020646 0.050201 -0.4461 -0.289787
0.297704 0.020646 0.050201 -0.4461 -0.289787
0.297704 0.020646 0.050201 -0.4461 -0.289787
0.297704 0.020646 0.050201 -0.4461 -0.289787
0.279305 -0.086153 0.0177 -0.333041 -0.115933
0.150545 -0.187321 -0.032436 -0.31584 -0.072058
0.14316 -0.218987 -0.041726 -0.323806 -0.051769
0.14316 -0.218987 -0.041726 -0.323806 -0.051769
0.14316 -0.218987 -0.041726 -0.323806 -0.051769
0.16009 -0.313446 -0.045902 -0.042874 0.177785
0.03296 -0.428809 -0.169968 -0.109754 0.390908
0.03296 -0.428809 -0.169968 -0.109754 0.390908
0.160379 -0.168064 0.005014 -0.253124 -0.083787
0.149284 -0.173865 -0.029106 -0.191054 0.052671
0.19361 -0.087045 0.058862 -0.012011 0.05384
0.160949 -0.209946 0.009443 0.155109 0.300226
0.160949 -0.209946 0.009443 0.155109 0.300226
0.209452 -0.22017 -0.015068 -0.22892 0.056216
0.086766 -0.341778 -0.067653 -0.195368 0.193356
0.086766 -0.341778 -0.067653 -0.195368 0.193356
0.148197 -0.180423 -0.030145 -0.315464 0.033368
0.148197 -0.180423 -0.030145 -0.315464 0.033368
0.069659 -0.283582 -0.054589 -0.098207 0.204472
0.069659 -0.283582 -0.054589 -0.098207 0.204472
0.069659 -0.283582 -0.054589 -0.098207 0.204472
0.201105 -0.05064 0.067695 -0.093676 -0.046059
0.24105 -0.015976 0.067231 -0.103463 -0.036855
0.221124 -0.117008 0.017904 0.110797 0.299468
0.292556 0.042588 0.111673 0.080018 0.126196
0.273088 -0.057925 0.105398 0.474442 0.465906
0.273088 -0.057925 0.105398 0.474442 0.465906
0.28574 -0.033908 0.118986 0.516309 0.441427
0.28574 -0.033908 0.118986 0.516309 0.441427
0.28574 -0.033908 0.118986 0.516309 0.441427
0.220733 -0.062663 0.146506 0.169785 -0.057356
0.252926 -0.075045 0.115252 0.204125 0.034559
0.241864 -0.137566 0.09348 -0.043293 -0.155065
0.191381 -0.177115 0.072197 -0.031271 -0.166261
0.100683 -0.309178 -0.069088 -0.188304 0.019344
0.100683 -0.309178 -0.069088 -0.188304 0.019344
0.164097 -0.327628 -0.039709 -0.011155 0.234811
0.164097 -0.327628 -0.039709 -0.011155 0.234811
0.153119 -0.168696 -0.030296 -0.124857 0.146134
0.130054 -0.251846 -0.046305 -0.286702 -0.037816
0.166213 -0.245193 -0.048162 -0.293667 -0.043994
0.245294 -0.056932 0.114722 -0.082822 -0.245269
0.242391 -0.171369 0.078465 -0.000756 -0.042692
0.170251 -0.250563 0.035367 0.087493 0.20518
0.139236 -0.316382 -0.021645 -0.294811 -0.1562
0.232426 -0.227397 0.06483 0.245968 0.17994
0.234104 -0.244231 0.029983 0.144742 0.27989
0.288757 -0.154935 0.069888 0.141174 0.21055
0.26591 -0.142189 0.088256 0.190809 0.121687
0.26591 -0.142189 0.088256 0.190809 0.121687
0.26591 -0.142189 0.088256 0.190809 0.121687
0.27406 -0.128354 0.134208 0.045893 -0.180633
0.27406 -0.128354 0.134208 0.045893 -0.180633
0.28252 -0.12876 0.124528 0.043015 -0.202832
0.167054 -0.197788 -0.002155 -0.322199 -0.164009
0.167054 -0.197788 -0.002155 -0.322199 -0.164009
0.209076 -0.141631 0.028924 -0.242169 -0.133477
0.209076 -0.141631 0.028924 -0.242169 -0.133477
0.148448 -0.244506 -0.011143 -0.191666 -0.030791
0.152991 -0.203222 -0.001115 -0.193568 -0.088425
0.061848 -0.314567 -0.114476 -0.188721 0.191777
0.178142 -0.228256 -0.02624 -0.107233 0.090423
0.178142 -0.228256 -0.02624 -0.107233 0.090423
0.178971 -0.297162 -0.002103 -0.068444 0.035112
0.063392 -0.34757 -0.084396 -0.224414 0.063391
0.063392 -0.34757 -0.084396 -0.224414 0.063391
0.148784 -0.31298 -0.009446 -0.020564 0.125948
0.137409 -0.294004 -0.026939 -0.18705 -0.04958
0.125566 -0.237847 -0.033864 -0.316792 -0.139485
0.125566 -0.237847 -0.033864 -0.316792 -0.139485
0.147832 -0.220142 0.008175 -0.348015 -0.251015
0.147832 -0.220142 0.008175 -0.348015 -0.251015
0.147832 -0.220142 0.008175 -0.348015 -0.251015
0.147832 -0.220142 0.008175 -0.348015 -0.251015
0.147832 -0.220142 0.008175 -0.348015 -0.251015
0.213742 -0.163302 0.105218 0.099909 -0.056434
0.207702 -0.188638 -0.026294 -0.191174 0.168643
0.245361 -0.120387 0.017816 -0.397804 -0.160613
0.245361 -0.120387 0.017816 -0.397804 -0.160613
0.245361 -0.120387 0.017816 -0.397804 -0.160613
0.241891 -0.086865 0.109027 -0.049506 -0.140683
0.241891 -0.086865 0.109027 -0.049506 -0.140683
0.208169 -0.152804 0.010992 -0.326795 -0.107312
0.208169 -0.152804 0.010992 -0.326795 -0.107312
0.21174 -0.232728 0.000878 -0.127477 0.018782
0.21174 -0.232728 0.000878 -0.127477 0.018782
0.21174 -0.232728 0.000878 -0.127477 0.018782
0.277512 -0.146107 0.07129 -0.063624 -0.080838
0.277512 -0.146107 0.07129 -0.063624 -0.080838
0.24038 -0.099299 0.082388 0.065635 -0.020077
0.24038 -0.099299 0.082388 0.065635 -0.020077
0.24038 -0.099299 0.082388 0.065635 -0.020077
0.065251 -0.202861 -0.067645 -0.08311 0.210352
0.065251 -0.202861 -0.067645 -0.08311 0.210352
0.111772 -0.321359 -0.013036 -0.05583 0.000233
0.111772 -0.321359 -0.013036 -0.05583 0.000233
0.159805 -0.349491 -0.049935 0.303221 0.459902
0.159805 -0.349491 -0.049935 0.303221 0.459902
0.159805 -0.349491 -0.049935 0.303221 0.459902
0.159805 -0.349491 -0.049935 0.303221 0.459902
0.088949 -0.364206 -0.074974 0.179982 0.355405
0.224936 -0.201558 0.025842 0.201313 0.208726
0.224936 -0.201558 0.025842 0.201313 0.208726
0.153511 -0.268989 -0.037243 0.08158 0.334002
0.153511 -0.268989 -0.037243 0.08158 0.334002
0.153511 -0.268989 -0.037243 0.08158 0.334002
0.103539 -0.124266 -0.029224 0.106327 0.344744
0.092185 -0.148621 -0.075926 -0.06278 0.373747
0.092185 -0.148621 -0.075926 -0.06278 0.373747
0.132475 -0.170876 -0.008663 0.292271 0.484269
0.132475 -0.170876 -0.008663 0.292271 0.484269
0.19622 -0.092158 0.04796 0.186074 0.216242
0.081069 -0.165281 -0.074801 -0.192174 0.176184
0.081069 -0.165281 -0.074801 -0.192174 0.176184
0.081069 -0.165281 -0.074801 -0.192174 0.176184
0.213407 -0.035091 0.040544 -0.27534 -0.03949
0.226058 -0.064853 0.036506 -0.408606 -0.207303
0.226058 -0.064853 0.036506 -0.408606 -0.207303
0.179802 -0.139621 0.053945 -0.102918 0.019407
0.082791 -0.248604 -0.020078 -0.184015 0.086312
0.171221 -0.200613 0.079169 0.293258 0.272535
0.171221 -0.200613 0.079169 0.293258 0.272535
0.171221 -0.200613 0.079169 0.293258 0.272535
0.171221 -0.200613 0.079169 0.293258 0.272535
0.193394 -0.205789 0.072068 0.09948 0.081912
0.240536 -0.240498 0.11497 0.327533 0.222058
0.240536 -0.240498 0.11497 0.327533 0.222058
0.240536 -0.240498 0.11497 0.327533 0.222058
0.209502 -0.271694 0.085118 0.279027 0.202322
0.143601 -0.398324 -0.001666 0.052671 0.095087
-0.017292 -0.457986 -0.104635 -0.191106 0.052206
0.033189 -0.37986 -0.078592 -0.153999 0.113221
0.033189 -0.37986 -0.078592 -0.153999 0.113221
0.061543 -0.304442 -0.052233 -0.151002 0.058831
0.061543 -0.304442 -0.052233 -0.151002 0.058831
0.061543 -0.304442 -0.052233 -0.151002 0.058831
0.131784 -0.232915 -0.009721 -0.174998 -0.034769
0.082588 -0.360378 -0.068061 0.097145 0.302823
0.114026 -0.365127 -0.008779 0.008871 -0.00206
0.133321 -0.27546 0.01458 -0.050251 0.039612
0.148845 -0.201966 0.052999 -0.040884 -0.060173
0.185404 -0.240475 0.053764 -0.029374 0.01594
0.148451 -0.291222 -0.023114 -0.177016 0.086804
0.218293 -0.208582 0.068396 0.110205 0.100152
0.251908 -0.142988 0.092917 0.11169 0.103659
0.274941 -0.001395 0.224818 0.23556 -0.18401
0.133443 -0.0853 0.166065 0.398147 0.051246
0.070159 -0.302505 -0.07901 -0.179723 0.26424
0.155425 -0.191797 -0.070985 -0.628796 -0.095842
0.155425 -0.191797 -0.070985 -0.628796 -0.095842
0.155991 -0.165368 -0.043733 -0.514205 -0.091904
0.132039 -0.245805 -0.020059 -0.259671 -0.103479
0.156859 -0.249743 -0.011145 -0.276256 -0.099747
0.156859 -0.249743 -0.011145 -0.276256 -0.099747
0.117507 -0.357004 -0.022972 0.007068 0.04823
0.144883 -0.266346 -0.006535 0.27004 0.334183
0.049235 -0.471167 -0.164293 -0.127788 0.246267
0.053722 -0.464969 -0.136231 -0.183957 0.175861
0.113244 -0.275497 0.019371 0.30443 0.344412
0.153988 -0.277749 0.057542 0.226383 0.168976
0.060191 -0.381901 -0.125745 -0.374938 0.150461
0.060191 -0.381901 -0.125745 -0.374938 0.150461
0.060191 -0.381901 -0.125745 -0.374938 0.150461
0.060191 -0.381901 -0.125745 -0.374938 0.150461
0.060191 -0.381901 -0.125745 -0.374938 0.150461
0.060191 -0.381901 -0.125745 -0.374938 0.150461
0.141222 -0.337993 -0.071261 -0.264753 0.140397
0.190048 -0.21714 0.048596 0.052667 0.131626
0.256237 -0.138979 0.139014 0.059037 -0.071558
0.191197 -0.288468 -0.036636 -0.621318 -0.180748
0.191197 -0.288468 -0.036636 -0.621318 -0.180748
0.25098 -0.187105 0.017886 -0.490096 -0.212197
0.25098 -0.187105 0.017886 -0.490096 -0.212197
0.151434 -0.318864 -0.023518 -0.247479 -0.000633
0.151434 -0.318864 -0.023518 -0.247479 -0.000633
0.151434 -0.318864 -0.023518 -0.247479 -0.000633
0.131914 -0.368009 -0.091968 -0.304076 0.077518
0.131914 -0.368009 -0.091968 -0.304076 0.077518
0.201294 -0.326608 -0.061245 -0.283325 0.08535
0.178344 -0.259156 -0.009936 -0.129164 0.061713
0.188874 -0.218108 -0.026825 -0.117863 0.115412
0.236177 -0.17282 0.020427 -0.060502 0.003375
0.236177 -0.17282 0.020427 -0.060502 0.003375
0.236177 -0.17282 0.020427 -0.060502 0.003375
0.236177 -0.17282 0.020427 -0.060502 0.003375
0.109328 -0.318734 -0.055584 -0.056631 0.126817
0.007604 -0.382551 -0.081257 -0.046239 0.165029
0.141934 -0.353006 -0.049102 -0.256861 -0.007186
0.105105 -0.367008 -0.073991 -0.321223 0.022007
0.105105 -0.367008 -0.073991 -0.321223 0.022007
0.162745 -0.348916 -0.035065 0.052414 0.277597
0.216764 -0.269449 -0.053545 -0.200262 0.175526
0.201129 -0.236321 -0.021561 -0.542306 -0.22933
0.201129 -0.236321 -0.021561 -0.542306 -0.22933
0.201129 -0.236321 -0.021561 -0.542306 -0.22933
0.201129 -0.236321 -0.021561 -0.542306 -0.22933
0.214626 -0.174129 0.089016 -0.146612 -0.184479
0.123536 -0.354939 0.047786 0.141302 0.098394
0.082946 -0.409933 -0.017282 0.058158 0.157388
0.062787 -0.320383 -0.023576 0.200299 0.289132
0.239832 -0.125252 0.072973 0.26001 0.197518
0.239832 -0.125252 0.072973 0.26001 0.197518
0.239832 -0.125252 0.072973 0.26001 0.197518
0.194378 -0.208117 0.060942 0.148045 0.065034
0.186914 -0.166835 0.047208 0.220615 0.353313
0.097245 -0.248053 -0.062998 0.09472 0.241008
0.162218 -0.13432 0.000947 -0.291285 -0.193333
0.162218 -0.13432 0.000947 -0.291285 -0.193333
0.235495 -0.111961 0.043825 -0.13206 -0.075434
0.120797 -0.213207 -0.050246 -0.183258 0.038509
0.153459 -0.212407 0.013047 -0.072094 -0.084234
0.175267 -0.098989 0.043725 -0.087629 -0.049055
0.175267 -0.098989 0.043725 -0.087629 -0.049055
0.149031 -0.171331 0.019467 0.111384 0.117301
0.202979 -0.122173 0.018758 -0.240527 -0.112902
0.136334 -0.202002 -0.02529 -0.326482 -0.112117
0.161794 -0.153923 -0.024998 -0.333806 -0.099557
0.161794 -0.153923 -0.024998 -0.333806 -0.099557
0.161436 -0.21136 0.03112 0.114714 0.081156
-0.007707 -0.398509 -0.142321 -0.115561 0.251842
0.020447 -0.400587 -0.072334 -0.087188 0.035932
-0.053491 -0.458741 -0.19624 -0.117 0.308835
-0.053491 -0.458741 -0.19624 -0.117 0.308835
-0.053491 -0.458741 -0.19624 -0.117 0.308835
-0.053491 -0.458741 -0.19624 -0.117 0.308835
-0.053491 -0.458741 -0.19624 -0.117 0.308835
0.088829 -0.373809 -0.063355 -0.095917 0.047591
0.088829 -0.373809 -0.063355 -0.095917 0.047591
0.088829 -0.373809 -0.063355 -0.095917 0.047591
0.113853 -0.330244 -0.052155 -0.12989 0.029091
0.182997 -0.265641 -0.008559 -0.22129 -0.228056
0.200764 -0.293625 0.039805 -0.044787 -0.170188
0.209446 -0.32679 0.039162 -0.150628 -0.1907
0.250351 -0.252241 0.119981 0.02088 -0.234609
0.179174 -0.245103 0.066603 -0.192854 -0.372123
0.179174 -0.245103 0.066603 -0.192854 -0.372123
0.179174 -0.245103 0.066603 -0.192854 -0.372123
0.272108 -0.183248 0.138735 0.209631 0.016415
0.220575 -0.121672 0.075774 -0.086766 -0.015193
0.256806 -0.066409 0.085318 -0.087024 -0.040037
0.255284 -0.082082 0.121827 -0.158611 -0.256906
0.102021 -0.20948 -0.045615 -0.368645 -0.060547
0.102021 -0.20948 -0.045615 -0.368645 -0.060547
0.074883 -0.206644 -0.042889 -0.044253 0.224361
0.074883 -0.206644 -0.042889 -0.044253 0.224361
0.281902 -0.099119 0.16027 0.218746 0.00276
0.252627 -0.103601 0.1594 0.153858 -0.121619
0.232065 -0.158178 0.160808 0.406489 0.064967
0.333604 -0.059341 0.122293 0.131362 0.121489
0.282569 -0.153955 0.042412 0.011399 0.129448
0.194902 -0.186805 -0.018776 -0.2609 -0.124838
0.223821 -0.164058 -0.011575 -0.215217 0.077374
0.223821 -0.164058 -0.011575 -0.215217 0.077374
0.223821 -0.164058 -0.011575 -0.215217 0.077374
0.213526 -0.125883 0.033075 -0.101829 -0.045628
0.213526 -0.125883 0.033075 -0.101829 -0.045628
0.264756 -0.127545 0.062849 -0.039693 0.098541
0.312168 -0.103606 0.138947 0.117433 0.049946
0.312168 -0.103606 0.138947 0.117433 0.049946
0.284538 -0.117068 0.089555 0.014419 0.002584
0.154724 -0.230532 -0.041785 -0.286732 0.054303
0.154724 -0.230532 -0.041785 -0.286732 0.054303
0.154724 -0.230532 -0.041785 -0.286732 0.054303
0.154724 -0.230532 -0.041785 -0.286732 0.054303
0.154724 -0.230532 -0.041785 -0.286732 0.054303
0.126725 -0.234676 -0.056224 -0.246496 0.151039
0.1616 -0.31097 -0.027589 -0.115356 0.030902
0.210037 -0.242183 0.032005 -0.170624 -0.070895
0.209208 -0.164354 0.013145 -0.137334 0.045371
0.209208 -0.164354 0.013145 -0.137334 0.045371
0.209208 -0.164354 0.013145 -0.137334 0.045371
0.117701 -0.174563 0.003616 0.048593 0.103334
0.117701 -0.174563 0.003616 0.048593 0.103334
0.117701 -0.174563 0.003616 0.048593 0.103334
0.117701 -0.174563 0.003616 0.048593 0.103334
0.110633 -0.169596 0.004906 0.128442 0.168106
0.123715 -0.131621 -0.005582 0.058815 0.206699
0.13472 -0.137391 0.005588 0.169024 0.327898
0.035813 -0.27356 -0.083489 -0.021024 0.299058
0.035813 -0.27356 -0.083489 -0.021024 0.299058
0.035813 -0.27356 -0.083489 -0.021024 0.299058
0.035813 -0.27356 -0.083489 -0.021024 0.299058
0.067418 -0.263442 -0.045199 -0.030665 0.165205
0.034084 -0.386927 -0.119182 -0.234199 0.136077
-0.028595 -0.43826 -0.104743 0.224236 0.391393
0.046798 -0.419925 -0.065706 0.099481 0.257252
0.169793 -0.025278 0.098867 0.112559 -0.033018
0.309525 0.026186 0.158483 -0.161042 -0.328
0.309525 0.026186 0.158483 -0.161042 -0.328
0.263564 -0.029208 0.133772 -0.196709 -0.230694
0.226525 -0.096345 0.078589 -0.108169 0.012523
0.170379 -0.149205 0.084327 0.190206 0.098969
0.122456 -0.307474 -0.007848 0.04219 0.126976
0.130883 -0.249982 -0.031792 -0.074171 0.140662
0.130883 -0.249982 -0.031792 -0.074171 0.140662
0.110158 -0.31244 -0.054469 -0.137806 0.066492
0.110158 -0.31244 -0.054469 -0.137806 0.066492
0.132436 -0.215486 -0.044083 -0.182397 0.004783
0.19414 -0.192928 0.043099 -0.15313 -0.211216
0.19414 -0.192928 0.043099 -0.15313 -0.211216
0.19414 -0.192928 0.043099 -0.15313 -0.211216
0.19414 -0.192928 0.043099 -0.15313 -0.211216
0.19414 -0.192928 0.043099 -0.15313 -0.211216
0.211975 -0.176847 0.071617 0.040051 -0.101538
0.246536 -0.128183 0.055995 -0.233729 -0.191756
0.246536 -0.128183 0.055995 -0.233729 -0.191756
0.246536 -0.128183 0.055995 -0.233729 -0.191756
0.246536 -0.128183 0.055995 -0.233729 -0.191756
0.151075 -0.282375 -0.038071 -0.225146 -0.058573
0.262391 -0.131636 0.125551 0.158933 0.055626
0.274974 -0.083197 0.116603 0.010085 -0.043134
0.232768 -0.164375 0.103915 -0.153369 -0.26005
0.185406 -0.208967 0.043281 -0.163873 -0.077681
0.208802 -0.171143 0.067897 -0.102979 -0.045448
0.164123 -0.182605 0.054095 0.203796 0.118406
0.216301 -0.073241 0.057409 -0.243262 -0.231004
0.251827 -0.047559 0.090124 -0.174662 -0.166104
0.174346 -0.185349 0.032143 -0.39404 -0.35431
0.174346 -0.185349 0.032143 -0.39404 -0.35431
0.174346 -0.185349 0.032143 -0.39404 -0.35431
0.171351 -0.230865 0.010116 -0.232228 -0.044681
0.171351 -0.230865 0.010116 -0.232228 -0.044681
0.171351 -0.230865 0.010116 -0.232228 -0.044681
0.144816 -0.333255 -0.041918 -0.209286 -0.055978
0.202019 -0.280817 0.029527 0.060321 0.12497
0.174869 -0.104543 0.019291 -0.29354 -0.033667
0.174869 -0.104543 0.019291 -0.29354 -0.033667
0.282352 0.080154 0.095675 -0.4899 -0.384383
0.208183 -0.071457 0.03691 -0.122995 0.122711
0.234133 0.00236 0.047437 -0.341175 -0.156465
0.234133 0.00236 0.047437 -0.341175 -0.156465
0.275788 -0.132093 0.072493 0.16909 0.120337
0.275788 -0.132093 0.072493 0.16909 0.120337
0.275788 -0.132093 0.072493 0.16909 0.120337
0.337557 0.00692 0.160885 0.033207 -0.06031
0.350477 -0.000819 0.159615 0.069897 -0.035394
0.252871 -0.015514 0.133949 0.106097 0.010468
0.252871 -0.015514 0.133949 0.106097 0.010468
0.134574 -0.145182 0.013319 0.15035 0.198143
0.134574 -0.145182 0.013319 0.15035 0.198143
0.140441 -0.237914 0.030427 -0.167429 -0.087797
0.092996 -0.292293 -0.065274 -0.178793 0.136489
0.092996 -0.292293 -0.065274 -0.178793 0.136489
0.179675 -0.191316 0.00211 0.081074 0.273673
0.288602 0.016706 0.136154 0.133828 0.10794
0.230244 0.011865 0.079171 0.210314 0.289936
0.120854 -0.11564 0.028419 0.223915 0.24619
0.030935 -0.22483 -0.069004 -0.01598 0.172334
0.030935 -0.22483 -0.069004 -0.01598 0.172334
0.111953 -0.141028 -0.014148 -0.028326 0.063147
0.131858 -0.140416 -0.020157 -0.339577 -0.209081
0.115938 -0.258344 -0.084923 -0.544074 -0.155798
0.098871 -0.303779 -0.042281 -0.042809 0.065363
0.023073 -0.430431 -0.13604 -0.089256 0.23698
0.023073 -0.430431 -0.13604 -0.089256 0.23698
0.023073 -0.430431 -0.13604 -0.089256 0.23698
0.023073 -0.430431 -0.13604 -0.089256 0.23698
0.144019 -0.228319 0.032877 -0.077094 -0.148631
0.144019 -0.228319 0.032877 -0.077094 -0.148631
0.093683 -0.252863 -0.037939 -0.012322 0.114208
0.093683 -0.252863 -0.037939 -0.012322 0.114208
0.145106 -0.261476 -0.001915 -0.017157 0.027044
0.145106 -0.261476 -0.001915 -0.017157 0.027044
0.235753 -0.16585 0.044504 -0.13112 -0.222277
0.235753 -0.16585 0.044504 -0.13112 -0.222277
0.288659 0.020838 0.08295 -0.257116 -0.206205
0.254026 -0.031747 0.057781 -0.282167 -0.203035
0.190485 -0.197417 -0.010403 -0.227141 -0.115901
0.189393 -0.209477 0.027962 -0.07148 -0.065523
0.097808 -0.316175 -0.082705 -0.046057 0.369495
0.256177 -0.018353 0.17032 0.232913 0.008042
0.227435 -0.046168 0.108506 -0.218888 -0.277665
0.227435 -0.046168 0.108506 -0.218888 -0.277665
0.113036 -0.167303 -0.010572 -0.149376 0.09209
0.226146 -0.095519 0.092095 0.053393 0.072311
0.219597 -0.148257 0.069227 -0.021557 0.04815
0.157247 -0.217842 0.036829 -0.084327 -0.010056
0.022158 -0.383398 -0.102999 -0.182659 0.154482
0.022158 -0.383398 -0.102999 -0.182659 0.154482
0.022158 -0.383398 -0.102999 -0.182659 0.154482
0.022158 -0.383398 -0.102999 -0.182659 0.154482
0.097934 -0.32443 -0.03493 -0.010574 0.197485
0.129891 -0.372052 -0.054968 -0.14175 0.085312
0.129891 -0.372052 -0.054968 -0.14175 0.085312
0.129891 -0.372052 -0.054968 -0.14175 0.085312
0.051818 -0.407133 -0.125955 -0.258893 0.137674
0.018793 -0.507929 -0.194235 -0.32254 0.210913
0.018793 -0.507929 -0.194235 -0.32254 0.210913
-0.011195 -0.532226 -0.201752 -0.285439 0.242675
-0.011195 -0.532226 -0.201752 -0.285439 0.242675
0.059978 -0.441468 -0.149165 -0.309693 0.12013
0.212224 -0.305077 0.026127 -0.267484 -0.28014
0.08353 -0.48641 -0.161119 -0.204902 0.341359
0.08353 -0.48641 -0.161119 -0.204902 0.341359
0.061653 -0.49772 -0.160099 -0.304981 0.0881
0.061653 -0.49772 -0.160099 -0.304981 0.0881
0.117508 -0.378728 -0.012432 0.036913 0.09881
0.117508 -0.378728 -0.012432 0.036913 0.09881
0.185113 -0.121429 0.073942 0.147504 -0.034349
0.269444 -0.002297 0.171629 0.19148 -0.113535
0.186804 -0.164508 0.056944 0.246767 0.174299
0.224511 -0.15385 0.023968 -0.0623 0.077042
0.193483 -0.162716 0.01259 -0.224671 -0.139235
0.193483 -0.162716 0.01259 -0.224671 -0.139235
0.224127 -0.121104 0.045488 -0.249118 -0.278966
0.132546 -0.273775 -0.003974 -0.178496 -0.135452
0.132546 -0.273775 -0.003974 -0.178496 -0.135452
0.132546 -0.273775 -0.003974 -0.178496 -0.135452
0.095601 -0.341326 0.015216 0.111258 0.086344
0.095601 -0.341326 0.015216 0.111258 0.086344
0.08219 -0.371184 -0.019593 0.105883 0.150296
0.214598 -0.110099 0.090644 -0.015974 -0.212865
0.117442 -0.241336 0.027259 0.144844 -0.014204
0.148852 -0.138597 0.075846 0.2099 0.06159
0.189706 -0.1074 0.107252 0.175254 -0.009646
0.214584 -0.09426 0.058946 -0.231336 -0.224636
0.281921 0.017837 0.122983 -0.085547 -0.153005
0.275848 -0.029178 0.112755 0.051273 -0.001841
0.282492 -0.023143 0.107292 -0.049119 -0.001434
0.282492 -0.023143 0.107292 -0.049119 -0.001434
0.331557 -0.005685 0.169071 0.29971 0.07727
0.331557 -0.005685 0.169071 0.29971 0.07727
0.331557 -0.005685 0.169071 0.29971 0.07727
0.266219 -0.154724 0.038842 -0.200168 -0.007015
0.154146 -0.218177 -0.097543 -0.406293 0.043717
0.154146 -0.218177 -0.097543 -0.406293 0.043717
0.154146 -0.218177 -0.097543 -0.406293 0.043717
0.139174 -0.26223 -0.099087 -0.365362 0.102333
0.139174 -0.26223 -0.099087 -0.365362 0.102333
0.009942 -0.502871 -0.181095 -0.182897 0.295425
0.009942 -0.502871 -0.181095 -0.182897 0.295425
0.106087 -0.398056 -0.086682 -0.235976 0.049677
0.106087 -0.398056 -0.086682 -0.235976 0.049677
0.106087 -0.398056 -0.086682 -0.235976 0.049677
0.00823 -0.481878 -0.167508 -0.276268 0.216743
0.090574 -0.31119 -0.064161 -0.186838 0.011632
0.020146 -0.46213 -0.140419 -0.167027 0.208416
0.109163 -0.162575 -0.006045 -0.008451 0.078113
0.109163 -0.162575 -0.006045 -0.008451 0.078113
0.109163 -0.162575 -0.006045 -0.008451 0.078113
0.09639 -0.127066 -0.035543 -0.161694 0.064962
0.175508 -0.069023 0.067558 -0.168076 -0.331969
0.082176 -0.247972 -0.095348 -0.299387 0.06681
0.082176 -0.247972 -0.095348 -0.299387 0.06681
0.204354 -0.082907 -0.007883 -0.412957 -0.128015
0.204354 -0.082907 -0.007883 -0.412957 -0.128015
0.172291 -0.073754 0.020879 0.01685 0.079776
0.166436 -0.161787 0.044723 -0.111325 -0.161572
0.22799 -0.135702 0.112498 -0.122859 -0.297897
0.139442 -0.322987 -0.017248 -0.290614 -0.214159
0.151648 -0.278922 0.027788 -0.008354 -0.13857
0.050213 -0.387584 -0.060957 -0.273375 -0.174234
0.082792 -0.384906 -0.090293 -0.007665 0.171968
0.067311 -0.40267 -0.12743 -0.147798 0.172062
0.067311 -0.40267 -0.12743 -0.147798 0.172062
0.067311 -0.40267 -0.12743 -0.147798 0.172062
0.067311 -0.40267 -0.12743 -0.147798 0.172062
0.233596 -0.127063 0.047501 -0.148147 -0.000859
0.164692 -0.26723 -0.035473 -0.146892 0.153253
0.164692 -0.26723 -0.035473 -0.146892 0.153253
0.164692 -0.26723 -0.035473 -0.146892 0.153253
0.164692 -0.26723 -0.035473 -0.146892 0.153253
0.164692 -0.26723 -0.035473 -0.146892 0.153253
0.231041 -0.165913 0.005649 -0.375399 -0.155482
0.077112 -0.243646 -0.005155 0.036985 0.157292
0.127967 -0.208265 0.03371 0.200339 0.214626
0.137633 -0.240909 -0.024466 -0.29124 -0.017642
0.191653 -0.202756 0.003596 -0.20663 0.029312
0.242667 -0.167105 0.06263 -0.134059 -0.089714
0.359745 0.079465 0.22925 -0.120623 -0.409853
0.270804 -0.079311 0.172405 -0.087357 -0.408533
0.276299 -0.078747 0.130341 -0.056383 -0.220169
0.276299 -0.078747 0.130341 -0.056383 -0.220169
0.214569 -0.114553 0.080746 -0.234326 -0.254198
0.297928 -0.044512 0.082469 -0.342292 -0.269289
0.146811 -0.240176 -0.003194 0.009794 0.064228
0.096214 -0.278369 -0.049945 0.020851 0.191596
0.096214 -0.278369 -0.049945 0.020851 0.191596
0.151793 -0.176568 -0.004037 -0.181703 0.028577
0.104782 -0.216182 -0.040135 -0.294429 -0.038754
0.085847 -0.320856 -0.08523 -0.124833 0.276928
0.085847 -0.320856 -0.08523 -0.124833 0.276928
0.118658 -0.263975 -0.000236 0.012492 0.120299
0.17488 -0.141067 0.062938 0.088941 0.024356
0.165146 -0.138703 0.060103 -0.101605 -0.186324
0.296486 0.052918 0.167901 0.090019 -0.183538
0.255303 -0.077143 0.080532 0.044833 0.099113
0.177451 -0.152845 0.04081 0.185552 0.178889
0.253191 -0.101945 0.124545 0.239063 0.131998
0.181786 -0.156049 0.075573 -0.031444 -0.094179
0.181786 -0.156049 0.075573 -0.031444 -0.094179
0.126805 -0.265409 0.028285 -0.093818 -0.071453
0.046748 -0.400485 -0.115436 -0.040342 0.254258
0.046748 -0.400485 -0.115436 -0.040342 0.254258
0.046748 -0.400485 -0.115436 -0.040342 0.254258
0.055871 -0.347528 -0.142547 -0.283946 0.234385
0.097525 -0.357176 -0.111914 -0.25099 0.23426
0.097525 -0.357176 -0.111914 -0.25099 0.23426
0.097525 -0.357176 -0.111914 -0.25099 0.23426
0.152801 -0.27438 -0.054659 0.089496 0.180943
0.115493 -0.215596 -0.028863 0.227125 0.247857
0.111761 -0.207244 -0.073876 0.092319 0.278465
0.111761 -0.207244 -0.073876 0.092319 0.278465
0.05841 -0.260313 -0.085353 0.045368 0.195852
0.018576 -0.269864 -0.119372 -0.140309 0.125722
-0.071848 -0.314256 -0.127975 0.006932 0.290042
0.029942 -0.217293 -0.081747 -0.290427 -0.034122
0.029942 -0.217293 -0.081747 -0.290427 -0.034122
0.029942 -0.217293 -0.081747 -0.290427 -0.034122
0.029942 -0.217293 -0.081747 -0.290427 -0.034122
0.034676 -0.267878 -0.161878 -0.427533 0.116102
0.034676 -0.267878 -0.161878 -0.427533 0.116102
0.096698 -0.275413 -0.063399 0.097969 0.214417
0.044026 -0.40564 -0.090341 0.050836 0.287645
0.089502 -0.311893 -0.058199 -0.136255 0.062663
0.245945 -0.172574 0.075882 0.116489 0.101545
0.179238 -0.237064 0.001701 0.243016 0.456264
0.245869 -0.118718 0.098009 0.149209 0.1061
0.187387 -0.202722 -0.001539 0.040744 0.255539
0.187387 -0.202722 -0.001539 0.040744 0.255539
0.195987 -0.151022 0.046889 0.195008 0.249383
0.195987 -0.151022 0.046889 0.195008 0.249383
0.169752 -0.151541 0.007983 0.201286 0.363944
0.148907 -0.186631 0.011662 0.210028 0.306994
0.148907 -0.186631 0.011662 0.210028 0.306994
0.148907 -0.186631 0.011662 0.210028 0.306994
0.191926 -0.177959 0.035132 -0.041109 0.090104
0.008516 -0.297948 -0.060713 -0.15491 0.103921
0.055535 -0.275365 -0.108625 -0.629732 -0.067711
0.055535 -0.275365 -0.108625 -0.629732 -0.067711
0.055535 -0.275365 -0.108625 -0.629732 -0.067711
0.055535 -0.275365 -0.108625 -0.629732 -0.067711
0.055535 -0.275365 -0.108625 -0.629732 -0.067711
0.235873 -0.053712 0.101093 -0.1978 -0.224124
0.235873 -0.053712 0.101093 -0.1978 -0.224124
0.203169 -0.161868 0.081747 0.139086 -0.002029
0.203169 -0.161868 0.081747 0.139086 -0.002029
0.203169 -0.161868 0.081747 0.139086 -0.002029
0.203169 -0.161868 0.081747 0.139086 -0.002029
0.203169 -0.161868 0.081747 0.139086 -0.002029
0.174892 -0.16872 0.069913 0.028181 -0.092227
0.090962 -0.191841 0.007461 -0.085131 -0.100636
0.088603 -0.281089 -0.093468 -0.292566 0.11903
0.088603 -0.281089 -0.093468 -0.292566 0.11903
0.116617 -0.177549 -0.028515 -0.231116 0.063762
0.126881 -0.108847 0.032656 -0.334173 -0.165273
0.126881 -0.108847 0.032656 -0.334173 -0.165273
0.126881 -0.108847 0.032656 -0.334173 -0.165273
0.11751 -0.193923 -0.012396 -0.541804 -0.342295
0.11751 -0.193923 -0.012396 -0.541804 -0.342295
0.11751 -0.193923 -0.012396 -0.541804 -0.342295
0.11751 -0.193923 -0.012396 -0.541804 -0.342295
0.11751 -0.193923 -0.012396 -0.541804 -0.342295
0.11751 -0.193923 -0.012396 -0.541804 -0.342295
0.11751 -0.193923 -0.012396 -0.541804 -0.342295
0.11751 -0.193923 -0.012396 -0.541804 -0.342295
0.11751 -0.193923 -0.012396 -0.541804 -0.342295
0.11751 -0.193923 -0.012396 -0.541804 -0.342295
0.11751 -0.193923 -0.012396 -0.541804 -0.342295
0.11751 -0.193923 -0.012396 -0.541804 -0.342295
0.11751 -0.193923 -0.012396 -0.541804 -0.342295
0.11751 -0.193923 -0.012396 -0.541804 -0.342295
0.11751 -0.193923 -0.012396 -0.541804 -0.342295
0.11751 -0.193923 -0.012396 -0.541804 -0.342295
0.049901 -0.330178 -0.064128 -0.286098 -0.024337
0.049901 -0.330178 -0.064128 -0.286098 -0.024337
0.106844 -0.322136 -0.050279 -0.110677 0.166561
0.106844 -0.322136 -0.050279 -0.110677 0.166561
0.106844 -0.322136 -0.050279 -0.110677 0.166561
0.120433 -0.269399 0.028411 0.120148 0.043734
0.217456 -0.094947 0.099055 0.00734 -0.182549
0.146517 -0.198094 0.015351 0.14273 0.077978
0.133541 -0.260713 -0.077819 -0.077951 0.206064
0.092462 -0.348023 -0.088617 0.02197 0.276705
0.139634 -0.183148 0.012318 -0.062472 -0.081063
0.249468 -0.125294 0.120182 -0.062848 -0.297575
0.249468 -0.125294 0.120182 -0.062848 -0.297575
0.249468 -0.125294 0.120182 -0.062848 -0.297575
0.256642 -0.104507 0.114501 0.04615 -0.175914
0.203072 -0.090812 0.039682 -0.084027 -0.053831
0.198703 -0.065392 0.023709 -0.267747 -0.151791
0.164579 -0.096971 -0.027402 -0.482784 -0.181621
0.164579 -0.096971 -0.027402 -0.482784 -0.181621
0.164579 -0.096971 -0.027402 -0.482784 -0.181621
0.164579 -0.096971 -0.027402 -0.482784 -0.181621
0.164579 -0.096971 -0.027402 -0.482784 -0.181621
0.164579 -0.096971 -0.027402 -0.482784 -0.181621
0.164579 -0.096971 -0.027402 -0.482784 -0.181621
0.164579 -0.096971 -0.027402 -0.482784 -0.181621
0.14064 -0.197206 -0.034516 -0.178955 0.017617
0.080013 -0.1837 -0.088866 -0.288625 0.054442
0.080013 -0.1837 -0.088866 -0.288625 0.054442
0.235985 -0.2271 0.040279 0.133712 0.143887
0.308427 -0.139635 0.094386 0.081044 -0.026497
0.221994 -0.133043 -0.004987 -0.043953 0.252423
0.171095 -0.19343 -0.065848 -0.165065 0.186947
0.171095 -0.19343 -0.065848 -0.165065 0.186947
0.171095 -0.19343 -0.065848 -0.165065 0.186947
0.184606 -0.048631 -0.005155 -0.204037 0.009766
0.073712 -0.191625 -0.04652 -0.35506 -0.193682
0.036765 -0.248968 -0.113661 -0.349905 0.019815
0.107757 -0.159069 0.012339 -0.045939 -0.031137
0.166579 -0.123897 0.02881 -0.277695 -0.294544
0.161642 -0.21398 -0.01278 -0.385331 -0.230342
0.161642 -0.21398 -0.01278 -0.385331 -0.230342
0.211637 -0.162802 0.054975 -0.055993 0.000525
0.231077 -0.192413 0.040925 -0.296888 -0.192736
0.273868 -0.116867 0.069438 -0.146601 -0.131051
0.273868 -0.116867 0.069438 -0.146601 -0.131051
0.231156 -0.168983 0.025851 -0.322905 -0.232245
0.231156 -0.168983 0.025851 -0.322905 -0.232245
0.231156 -0.168983 0.025851 -0.322905 -0.232245
0.116932 -0.35587 -0.02752 -0.317722 -0.182793
0.168533 -0.248584 0.03964 -0.261083 -0.252159
0.107276 -0.245103 -0.016986 -0.169806 -0.109153
0.181739 -0.181181 0.036343 0.006502 -0.106386
0.218901 -0.079059 0.060492 -0.034243 -0.129997
0.279359 -0.028682 0.050727 -0.304532 -0.276771
0.279359 -0.028682 0.050727 -0.304532 -0.276771
0.113879 -0.320202 -0.037295 -0.225113 -0.097801
0.11807 -0.322059 -0.018101 -0.144911 -0.102802
0.11807 -0.322059 -0.018101 -0.144911 -0.102802
0.11807 -0.322059 -0.018101 -0.144911 -0.102802
0.16767 -0.305919 0.000381 0.001064 -0.024718
0.200995 -0.124472 0.121819 0.003882 -0.208938
0.200995 -0.124472 0.121819 0.003882 -0.208938
0.178583 -0.120009 0.074158 -0.0322 -0.097776
0.178583 -0.120009 0.074158 -0.0322 -0.097776
0.176511 -0.196394 0.141972 0.189925 -0.194609
0.119377 -0.189629 0.082999 0.180876 -0.056196
0.197979 -0.205616 0.105596 0.136599 -0.011506
0.221062 -0.104298 0.127328 0.109474 -0.03324
0.206461 -0.106696 0.090712 0.051535 0.048965
0.206461 -0.106696 0.090712 0.051535 0.048965
0.171086 -0.20102 0.035869 0.157976 0.242548
0.284154 -0.027777 0.120433 -0.016543 -0.081087
0.284154 -0.027777 0.120433 -0.016543 -0.081087
0.248112 -0.129077 0.043709 -0.004555 0.101985
0.205433 -0.135702 0.066781 0.217839 0.15942
0.205433 -0.135702 0.066781 0.217839 0.15942
0.205433 -0.135702 0.066781 0.217839 0.15942
0.22371 -0.13895 0.017753 -0.071473 0.118442
0.22371 -0.13895 0.017753 -0.071473 0.118442
0.202585 -0.201396 -0.030754 -0.360004 -0.00182
0.202585 -0.201396 -0.030754 -0.360004 -0.00182
0.202585 -0.201396 -0.030754 -0.360004 -0.00182
0.202585 -0.201396 -0.030754 -0.360004 -0.00182
0.202585 -0.201396 -0.030754 -0.360004 -0.00182
0.202585 -0.201396 -0.030754 -0.360004 -0.00182
0.194846 -0.208498 0.023163 -0.211807 9e-05
0.090216 -0.332868 -0.0456 -0.251812 -0.055768
0.138236 -0.263014 -0.047167 -0.477857 -0.165017
0.118009 -0.330922 -0.054431 -0.119808 0.160386
0.241386 -0.138457 0.026182 -0.03583 0.167023
0.257245 -0.045296 0.07869 0.117983 0.174248
0.235062 -0.117302 0.00799 -0.000905 0.271375
0.25775 -0.089246 0.070337 -0.065982 -0.043287
0.239406 -0.135523 0.036012 -0.308415 -0.133193
0.239406 -0.135523 0.036012 -0.308415 -0.133193
0.239406 -0.135523 0.036012 -0.308415 -0.133193
0.239406 -0.135523 0.036012 -0.308415 -0.133193
0.239406 -0.135523 0.036012 -0.308415 -0.133193
0.198736 -0.18853 0.021713 -0.340935 -0.165932
0.198736 -0.18853 0.021713 -0.340935 -0.165932
0.198736 -0.18853 0.021713 -0.340935 -0.165932
0.047907 -0.32589 -0.1016 -0.070519 0.260989
0.047907 -0.32589 -0.1016 -0.070519 0.260989
0.047907 -0.32589 -0.1016 -0.070519 0.260989
0.063848 -0.31402 -0.08534 -0.158125 0.082296
0.150035 -0.28958 0.015359 0.297749 0.276854
0.230989 -0.134612 0.088422 -0.040968 -0.103736
0.157729 -0.233918 -0.011296 -0.205631 0.01645
0.157729 -0.233918 -0.011296 -0.205631 0.01645
0.157729 -0.233918 -0.011296 -0.205631 0.01645
0.157729 -0.233918 -0.011296 -0.205631 0.01645
0.107807 -0.294024 -0.017528 -0.026815 0.162124
0.107807 -0.294024 -0.017528 -0.026815 0.162124
0.102662 -0.214964 -0.08671 -0.162787 0.319215
0.223762 -0.090264 0.042155 0.057297 0.164202
0.223762 -0.090264 0.042155 0.057297 0.164202
0.166894 -0.208829 -0.003614 0.061515 0.200463
0.135674 -0.20092 -0.037693 -0.141436 0.125545
0.143035 -0.208133 0.012265 0.111095 0.160272
0.215856 -0.148892 0.020004 -0.331568 -0.191876
0.184114 -0.196899 -0.003921 -0.386268 -0.225438
0.184114 -0.196899 -0.003921 -0.386268 -0.225438
0.018563 -0.316635 -0.10309 -0.411117 -0.054993
0.109858 -0.21949 -0.055902 -0.434719 -0.169595
0.11178 -0.252021 -0.021147 -0.224832 -0.188776
0.11178 -0.252021 -0.021147 -0.224832 -0.188776
0.113752 -0.157164 -0.013795 -0.353398 -0.15647
0.113752 -0.157164 -0.013795 -0.353398 -0.15647
0.12623 -0.182872 0.021866 0.114089 0.149486
0.12623 -0.182872 0.021866 0.114089 0.149486
0.098842 -0.226119 -0.038825 -0.11717 0.124415
0.178429 -0.133623 0.026134 0.093159 0.147251
0.10308 -0.241816 -0.064278 -0.278801 0.02992
0.211597 -0.027271 0.056261 -0.228317 -0.12422
0.074377 -0.225468 -0.04414 0.007162 0.149704
0.053429 -0.272275 -0.045566 -0.133969 0.02314
0.116542 -0.153918 -0.002059 -0.101429 -0.001491
0.116542 -0.153918 -0.002059 -0.101429 -0.001491
0.116542 -0.153918 -0.002059 -0.101429 -0.001491
0.078981 -0.287093 -0.050393 -0.093622 0.102468
0.078981 -0.287093 -0.050393 -0.093622 0.102468
0.078981 -0.287093 -0.050393 -0.093622 0.102468
0.161707 -0.225578 -0.03711 -0.112347 0.149357
0.18985 -0.188508 -0.000447 -0.172693 -0.098742
0.217592 -0.18821 0.003972 -0.061907 0.131603
0.108448 -0.162005 -0.011617 -0.33486 -0.146351
0.108448 -0.162005 -0.011617 -0.33486 -0.146351
0.080861 -0.147421 -0.023858 -0.361202 -0.18573
0.22409 -0.052825 0.067704 -0.044139 -0.035993
0.243196 -0.087138 0.043282 0.122879 0.222578
0.183 -0.195018 -0.049267 0.049957 0.356084
0.183 -0.195018 -0.049267 0.049957 0.356084
0.183 -0.195018 -0.049267 0.049957 0.356084
0.183 -0.195018 -0.049267 0.049957 0.356084
0.123655 -0.207068 -0.015433 0.073293 0.101193
0.141501 -0.164045 0.029604 -0.117214 -0.107118
0.141501 -0.164045 0.029604 -0.117214 -0.107118
0.176658 -0.244601 0.020574 -0.11035 -0.053291
0.145426 -0.30199 -0.006071 0.091043 0.216086
0.086932 -0.392942 -0.054683 -0.029538 0.161937
0.086932 -0.392942 -0.054683 -0.029538 0.161937
0.1828 -0.167071 -0.022157 -0.111379 0.154942
0.206742 -0.15375 0.025246 0.079071 0.080373
0.120267 -0.302857 -0.03502 -0.033767 0.056382
0.220199 -0.118569 0.085349 0.121643 -0.022799
0.220199 -0.118569 0.085349 0.121643 -0.022799
0.220199 -0.118569 0.085349 0.121643 -0.022799
0.266806 -0.086479 0.066472 0.08175 -0.055778
0.363686 0.024293 0.231172 0.221698 -0.26356
0.363686 0.024293 0.231172 0.221698 -0.26356
0.363686 0.024293 0.231172 0.221698 -0.26356
0.297995 -0.047176 0.140808 0.409582 0.186045
0.297995 -0.047176 0.140808 0.409582 0.186045
0.297995 -0.047176 0.140808 0.409582 0.186045
0.277599 -0.067754 0.087293 0.08654 0.117941
0.277599 -0.067754 0.087293 0.08654 0.117941
0.261055 -0.07583 0.082503 0.037388 0.064953
0.261055 -0.07583 0.082503 0.037388 0.064953
0.245633 -0.073974 0.102601 0.21301 0.145253
0.150771 -0.130632 0.017772 0.17167 0.234639
0.130205 -0.238776 0.046561 0.20879 0.15844
0.216148 -0.172354 0.089604 0.043753 -0.149154
0.216148 -0.172354 0.089604 0.043753 -0.149154
0.151907 -0.283258 0.004713 0.187788 0.232531
0.15565 -0.296783 0.001883 0.110878 0.183174
0.179018 -0.20914 0.014163 0.076512 0.219012
0.256581 -0.107552 0.083287 0.059024 0.00652
0.189471 -0.211152 0.03531 0.142328 0.149032
0.164522 -0.22626 0.027654 0.248261 0.216158
0.20377 -0.169483 0.060359 0.281467 0.263418
0.230312 -0.155343 0.072324 -0.01438 0.012742
0.172365 -0.106651 0.03959 -0.126488 -0.066964
0.241114 -0.080111 0.05153 -0.314734 -0.212592
0.241114 -0.080111 0.05153 -0.314734 -0.212592
0.241114 -0.080111 0.05153 -0.314734 -0.212592
0.241114 -0.080111 0.05153 -0.314734 -0.212592
0.241114 -0.080111 0.05153 -0.314734 -0.212592
0.241114 -0.080111 0.05153 -0.314734 -0.212592
0.309376 0.034825 0.111871 -0.260721 -0.392043
0.309376 0.034825 0.111871 -0.260721 -0.392043
0.25108 -0.156381 0.017734 -0.246077 -0.044736
0.25108 -0.156381 0.017734 -0.246077 -0.044736
0.205352 -0.202427 0.016097 -0.243846 -0.090604
0.205352 -0.202427 0.016097 -0.243846 -0.090604
0.205352 -0.202427 0.016097 -0.243846 -0.090604
0.205352 -0.202427 0.016097 -0.243846 -0.090604
0.205352 -0.202427 0.016097 -0.243846 -0.090604
0.123082 -0.265036 0.011822 -0.122953 0.025716
0.140601 -0.262078 0.059829 -0.005155 -0.075265
0.140601 -0.262078 0.059829 -0.005155 -0.075265
0.140601 -0.262078 0.059829 -0.005155 -0.075265
0.115407 -0.257008 0.045566 0.113209 0.130098
0.12511 -0.290848 -0.029186 -0.359912 -0.101903
0.12511 -0.290848 -0.029186 -0.359912 -0.101903
0.12511 -0.290848 -0.029186 -0.359912 -0.101903
0.268422 -0.069034 0.07936 -0.353428 -0.248578
0.268422 -0.069034 0.07936 -0.353428 -0.248578
0.275259 -0.079335 0.091312 -0.099092 -0.067631
0.1626 -0.243048 0.059124 0.007416 -0.102055
0.1626 -0.243048 0.059124 0.007416 -0.102055
0.1626 -0.243048 0.059124 0.007416 -0.102055
0.167303 -0.250427 0.035021 -0.093071 -0.050302
0.146316 -0.219816 0.010566 -0.428304 -0.330378
0.072584 -0.356987 -0.063577 0.049145 0.248994
0.118381 -0.303112 0.0085 0.09861 0.147299
0.192251 -0.276028 0.026766 -0.000544 -0.058506
0.263157 -0.11857 0.067954 -0.326878 -0.374192
0.263157 -0.11857 0.067954 -0.326878 -0.374192
0.263157 -0.11857 0.067954 -0.326878 -0.374192
0.27468 -0.034517 0.111345 -0.19226 -0.306393
0.286154 -0.053736 0.15949 0.059474 -0.156301
0.248833 -0.049247 0.122397 -0.087191 -0.197531
