-0.424204 -0.347455 -0.190465 0.709047 -0.460898
0.061583 -0.321525 -0.044128 -0.068941 0.059051
0.125341 -0.147981 0.002405 0.054717 0.086658
0.13333 -0.265018 -0.029359 -0.127697 -0.049128
0.200212 -0.07655 0.064014 -0.219434 -0.209914
0.200212 -0.07655 0.064014 -0.219434 -0.209914
0.200212 -0.07655 0.064014 -0.219434 -0.209914
0.200212 -0.07655 0.064014 -0.219434 -0.209914
0.176888 -0.153877 0.015104 -0.087038 0.030254
0.268981 -0.022867 0.115303 -0.111201 -0.189563
0.268981 -0.022867 0.115303 -0.111201 -0.189563
0.268981 -0.022867 0.115303 -0.111201 -0.189563
0.268981 -0.022867 0.115303 -0.111201 -0.189563
0.268981 -0.022867 0.115303 -0.111201 -0.189563
0.268981 -0.022867 0.115303 -0.111201 -0.189563
0.268981 -0.022867 0.115303 -0.111201 -0.189563
0.268981 -0.022867 0.115303 -0.111201 -0.189563
0.268981 -0.022867 0.115303 -0.111201 -0.189563
0.096666 -0.263729 -0.059805 -0.109807 0.04726
0.135267 -0.203195 -0.027342 0.018792 0.06811
0.10549 -0.253203 -0.087588 -0.154262 0.075726
0.203992 -0.135634 -0.014971 -0.294973 -0.201053
0.203992 -0.135634 -0.014971 -0.294973 -0.201053
0.023142 -0.275332 -0.110011 -0.305355 0.02427
0.080424 -0.238942 -0.09935 -0.364495 0.03898
0.012391 -0.361512 -0.120748 -0.066905 0.35675
0.103675 -0.225083 -0.013125 -0.105466 0.104503
0.148989 -0.190965 0.00638 -0.166355 0.040223
0.148989 -0.190965 0.00638 -0.166355 0.040223
0.196751 -0.13895 0.020429 -0.104568 0.044971
0.168061 -0.138339 0.001779 -0.253939 -0.147977
0.201887 -0.027359 0.061657 -0.179142 -0.195479
0.082935 -0.258992 -0.016684 -0.008285 -0.019644
0.140828 -0.193493 0.029009 0.200131 0.103041
0.099985 -0.27896 -0.054082 0.152259 0.308718
0.099985 -0.27896 -0.054082 0.152259 0.308718
0.11354 -0.254049 0.02093 -0.098892 0.029607
0.033871 -0.369144 -0.09994 -0.251578 0.036928
0.033871 -0.369144 -0.09994 -0.251578 0.036928
0.085506 -0.315436 -0.051168 -0.256417 -0.002411
0.085506 -0.315436 -0.051168 -0.256417 -0.002411
0.312951 -0.011216 0.170322 0.037505 -0.12013
0.293834 0.021231 0.174388 0.017583 -0.135586
0.270738 0.008549 0.145267 0.084896 0.040459
0.204269 -0.053916 0.081002 0.23808 0.284834
0.23848 -0.136699 0.072015 -0.100034 -0.050673
0.126491 -0.11961 -0.00786 -0.150115 0.006362
0.126992 -0.191867 -0.045739 -0.09183 0.154431
0.126992 -0.191867 -0.045739 -0.09183 0.154431
0.203856 -0.125714 0.014513 -0.045444 0.100497
0.163685 -0.245229 -0.064084 0.144546 0.447793
0.164429 -0.272682 -0.054701 -0.025542 0.326826
0.232877 -0.110882 0.05643 -0.277882 -0.10367
0.196501 -0.147018 0.014447 -0.228465 0.035013
0.196501 -0.147018 0.014447 -0.228465 0.035013
0.219291 -0.242291 -0.017537 -0.197091 -0.060789
0.144972 -0.293477 -0.050047 -0.060029 0.22206
0.144972 -0.293477 -0.050047 -0.060029 0.22206
0.11997 -0.314806 -0.02939 -0.112901 0.062242
0.11997 -0.314806 -0.02939 -0.112901 0.062242
0.225561 -0.084045 0.082331 -0.132431 -0.171541
0.156547 -0.149497 0.037065 0.000488 0.027777
0.156547 -0.149497 0.037065 0.000488 0.027777
0.167813 -0.194064 0.01225 -0.041629 0.08463
0.167813 -0.194064 0.01225 -0.041629 0.08463
0.170402 -0.204846 0.045533 0.179126 0.084444
0.156242 -0.255735 -0.008472 -0.257255 -0.221287
0.222804 -0.080396 0.044366 -0.059911 0.024724
0.227996 -0.025588 0.080229 0.027925 -0.042474
0.180803 -0.143253 0.04574 0.144502 0.086133
0.170397 -0.104334 0.063971 -0.000564 -0.10332
0.170397 -0.104334 0.063971 -0.000564 -0.10332
0.218516 -0.168733 0.035874 -0.242046 -0.076089
0.230129 -0.145801 0.00855 -0.393938 -0.104583
0.230129 -0.145801 0.00855 -0.393938 -0.104583
0.062737 -0.215813 -0.050633 -0.185918 0.120296
0.062737 -0.215813 -0.050633 -0.185918 0.120296
0.161425 -0.119914 0.046362 -0.266851 -0.153145
0.020629 -0.354513 -0.152108 -0.269715 0.201689
0.020629 -0.354513 -0.152108 -0.269715 0.201689
0.243283 -0.066867 0.049562 -0.137431 0.102636
0.311822 -0.023415 0.172828 0.05044 -0.166528
0.273384 -0.113764 0.188855 0.225158 -0.034154
0.264537 -0.142699 0.196109 0.238865 -0.067246
0.264537 -0.142699 0.196109 0.238865 -0.067246
0.118976 -0.228658 0.05339 -0.032496 -0.029764
0.117053 -0.110989 0.079061 0.157844 0.080104
0.192666 -0.14796 0.03471 -0.029409 0.172687
0.192666 -0.14796 0.03471 -0.029409 0.172687
0.25959 -0.095514 0.083419 -0.068896 0.049085
0.189529 -0.201662 0.017797 -0.016954 0.237727
0.2924 -0.03099 0.106963 -0.159799 -0.059141
0.149406 -0.172163 -0.034168 -0.224977 0.138471
0.080936 -0.305297 -0.101875 -0.140608 0.190908
0.166599 -0.15351 0.046347 -0.031232 -0.061372
0.183434 -0.093982 0.106185 0.316594 0.124499
0.183434 -0.093982 0.106185 0.316594 0.124499
0.224972 -0.09689 0.104224 0.308649 0.206196
0.224972 -0.09689 0.104224 0.308649 0.206196
0.117602 -0.221086 -0.017016 -0.023177 0.148922
0.117602 -0.221086 -0.017016 -0.023177 0.148922
0.117602 -0.221086 -0.017016 -0.023177 0.148922
0.117602 -0.221086 -0.017016 -0.023177 0.148922
0.157339 -0.232496 -0.032558 -0.22056 0.103981
0.157339 -0.232496 -0.032558 -0.22056 0.103981
0.157339 -0.232496 -0.032558 -0.22056 0.103981
0.154099 -0.270471 -0.016059 -0.112512 -0.00443
0.185769 -0.163855 0.026835 0.111538 0.149542
0.095052 -0.241314 -0.015152 0.138275 0.232149
0.142944 -0.249676 0.001373 -0.001924 0.079064
0.142944 -0.249676 0.001373 -0.001924 0.079064
0.142944 -0.249676 0.001373 -0.001924 0.079064
0.142944 -0.249676 0.001373 -0.001924 0.079064
0.137802 -0.230141 -0.031299 -0.198557 0.065495
0.137802 -0.230141 -0.031299 -0.198557 0.065495
0.259022 -0.066897 0.088063 0.106381 0.089038
0.259022 -0.066897 0.088063 0.106381 0.089038
0.213765 -0.208961 0.019434 -0.169425 -0.133264
0.243071 -0.12238 0.086228 0.000703 -0.03476
0.19635 -0.115205 0.02353 -0.091479 0.116339
0.19635 -0.115205 0.02353 -0.091479 0.116339
0.220122 -0.131309 0.056081 -0.043491 0.057439
0.220253 -0.157595 0.078007 0.224021 0.188774
0.220253 -0.157595 0.078007 0.224021 0.188774
0.150115 -0.157855 0.008083 -0.081563 -0.037411
0.224702 -0.062698 0.165625 0.062247 -0.306989
0.126274 -0.227744 0.032881 0.171731 0.007677
0.157554 -0.119262 0.095924 0.347795 0.107674
0.100553 -0.139217 0.004235 0.014416 -0.002042
0.099528 -0.231427 -0.013789 -0.110729 -0.081768
0.189924 -0.319358 -0.011529 -0.059327 0.034615
0.199055 -0.329616 0.029172 0.120781 0.106015
0.012054 -0.5068 -0.145381 -0.045478 0.254241
0.012054 -0.5068 -0.145381 -0.045478 0.254241
0.037283 -0.489759 -0.140056 -0.203998 0.212004
0.310035 -0.0835 0.071071 -0.172583 -0.051006
0.26124 -0.127302 0.001714 -0.306135 -0.004537
0.189913 -0.160435 -0.032512 -0.148933 0.186536
0.044816 -0.336454 -0.152709 -0.293019 0.195099
0.09489 -0.253595 -0.1122 -0.262195 0.180407
0.105742 -0.237732 -0.123444 -0.246613 0.266867
0.039874 -0.324818 -0.102455 -0.070486 0.289424
0.085793 -0.251984 -0.055794 -0.061582 0.216966
0.107766 -0.239547 -0.089896 -0.200855 0.163314
0.15597 -0.290427 -0.013379 -0.163572 -0.015817
0.197177 -0.187529 0.023858 -0.097076 0.034157
0.164292 -0.130826 -0.003345 -0.194462 0.059879
0.167644 -0.063881 0.030622 -0.1411 0.008485
0.167644 -0.063881 0.030622 -0.1411 0.008485
0.219108 -0.081904 0.080044 0.049859 -0.010664
0.14938 -0.204297 0.032635 0.09659 -0.00491
0.14938 -0.204297 0.032635 0.09659 -0.00491
0.173104 -0.261909 0.000384 0.11242 0.070198
0.126304 -0.346587 -0.017435 0.260172 0.184536
0.018828 -0.497885 -0.102068 -0.01611 0.008772
0.097769 -0.213853 -0.028151 -0.04438 -0.011266
0.097769 -0.213853 -0.028151 -0.04438 -0.011266
0.172334 -0.116788 0.050804 0.125466 -0.068418
0.196638 -0.045208 0.093109 0.080893 -0.161956
0.24942 -0.010736 0.139851 0.201976 -0.036048
0.282239 0.049792 0.153701 -0.097934 -0.322249
0.282239 0.049792 0.153701 -0.097934 -0.322249
0.282239 0.049792 0.153701 -0.097934 -0.322249
0.273254 -0.009109 0.128886 0.028236 -0.131057
0.261811 -0.079889 0.09592 -0.157056 -0.320254
0.233661 -0.160395 0.07695 -0.092032 -0.241635
0.123204 -0.185081 0.007682 0.056426 0.047656
0.123204 -0.185081 0.007682 0.056426 0.047656
0.123204 -0.185081 0.007682 0.056426 0.047656
0.134256 -0.131822 0.010481 0.05362 0.045323
0.086711 -0.193445 -0.065485 0.188263 0.33716
0.058682 -0.246936 -0.019849 0.110042 0.052323
-0.081134 -0.499361 -0.211571 -0.232018 0.344971
-0.081134 -0.499361 -0.211571 -0.232018 0.344971
-0.044385 -0.424527 -0.145838 -0.195606 0.154488
0.031238 -0.366887 -0.035267 0.080032 0.063622
0.137091 -0.192502 -0.005632 -0.178418 -0.097307
0.137091 -0.192502 -0.005632 -0.178418 -0.097307
0.044259 -0.400819 -0.042133 -0.080092 -0.087805
-0.01089 -0.416583 -0.17628 -0.221829 0.152673
0.058498 -0.382705 -0.059966 -0.079945 -0.040701
0.039844 -0.368549 0.010107 0.070368 -0.011504
0.115578 -0.336398 -0.000447 -0.105934 -0.073496
0.183509 -0.196438 0.096927 0.049267 -0.07832
0.203372 -0.193437 0.105817 0.047358 -0.094733
0.203372 -0.193437 0.105817 0.047358 -0.094733
0.189508 -0.143734 0.104533 0.223776 0.125699
0.189508 -0.143734 0.104533 0.223776 0.125699
0.077826 -0.362542 0.024072 0.252718 0.294466
0.077826 -0.362542 0.024072 0.252718 0.294466
0.057445 -0.404668 -0.015072 0.151871 0.254367
0.004857 -0.470289 -0.120097 -0.009789 0.35881
0.004857 -0.470289 -0.120097 -0.009789 0.35881
0.061385 -0.398866 -0.110628 -0.325234 0.113234
0.066849 -0.418272 -0.123504 -0.358467 0.120446
0.066849 -0.418272 -0.123504 -0.358467 0.120446
0.201916 -0.195474 -0.022615 -0.25592 0.097331
0.201916 -0.195474 -0.022615 -0.25592 0.097331
0.112847 -0.252254 -0.035178 -0.020424 0.188001
0.112847 -0.252254 -0.035178 -0.020424 0.188001
0.112847 -0.252254 -0.035178 -0.020424 0.188001
0.112847 -0.252254 -0.035178 -0.020424 0.188001
0.112847 -0.252254 -0.035178 -0.020424 0.188001
0.118377 -0.251848 -0.030581 0.122778 0.249823
0.068048 -0.305701 -0.057712 -0.147267 0.059915
0.068048 -0.305701 -0.057712 -0.147267 0.059915
0.12093 -0.23597 -0.009359 0.111576 0.344536
0.228297 -0.06841 0.070358 0.059507 0.055417
0.223036 -0.035601 0.072025 -0.013781 -0.084054
0.208306 -0.10877 0.082499 0.065536 -0.026336
0.208306 -0.10877 0.082499 0.065536 -0.026336
0.208306 -0.10877 0.082499 0.065536 -0.026336
0.208306 -0.10877 0.082499 0.065536 -0.026336
0.208306 -0.10877 0.082499 0.065536 -0.026336
0.219712 -0.124405 0.085116 -0.030885 -0.149916
0.163791 -0.151577 0.059934 -0.171127 -0.242027
0.2081 -0.094525 0.070395 -0.307689 -0.345902
0.2081 -0.094525 0.070395 -0.307689 -0.345902
0.2081 -0.094525 0.070395 -0.307689 -0.345902
0.196991 -0.123842 0.050826 -0.274096 -0.279774
0.17511 -0.185404 -0.033545 -0.256082 0.040273
0.232488 -0.113919 0.04526 -0.119834 0.005161
0.219014 -0.267692 0.012331 -0.077022 -0.015425
0.257645 -0.070485 0.114512 0.080676 -0.064276
0.210602 -0.1221 0.085808 0.091714 0.034233
0.210602 -0.1221 0.085808 0.091714 0.034233
0.210602 -0.1221 0.085808 0.091714 0.034233
0.210602 -0.1221 0.085808 0.091714 0.034233
0.162276 -0.237055 0.013233 0.031918 0.179339
0.162276 -0.237055 0.013233 0.031918 0.179339
0.162276 -0.237055 0.013233 0.031918 0.179339
0.162276 -0.237055 0.013233 0.031918 0.179339
0.250747 -0.121166 0.020858 -0.409279 -0.165421
0.197468 -0.138525 0.05359 -0.104112 -0.103219
0.206811 -0.122729 0.018726 -0.288978 -0.165798
0.206811 -0.122729 0.018726 -0.288978 -0.165798
0.206811 -0.122729 0.018726 -0.288978 -0.165798
0.206811 -0.122729 0.018726 -0.288978 -0.165798
0.206811 -0.122729 0.018726 -0.288978 -0.165798
0.206811 -0.122729 0.018726 -0.288978 -0.165798
0.206811 -0.122729 0.018726 -0.288978 -0.165798
0.206811 -0.122729 0.018726 -0.288978 -0.165798
0.206811 -0.122729 0.018726 -0.288978 -0.165798
0.180612 -0.183283 0.018384 -0.078313 -0.027733
0.023523 -0.306934 -0.073462 0.047674 0.251541
0.023523 -0.306934 -0.073462 0.047674 0.251541
0.023523 -0.306934 -0.073462 0.047674 0.251541
0.023523 -0.306934 -0.073462 0.047674 0.251541
0.023523 -0.306934 -0.073462 0.047674 0.251541
0.023523 -0.306934 -0.073462 0.047674 0.251541
0.066992 -0.33986 -0.034136 -0.063276 0.109107
0.051409 -0.369886 -0.059704 0.01539 0.196658
0.170566 -0.201282 0.051608 -0.112997 -0.134499
0.17106 -0.203683 0.001848 -0.226815 -0.105288
0.17106 -0.203683 0.001848 -0.226815 -0.105288
0.17106 -0.203683 0.001848 -0.226815 -0.105288
0.178906 -0.244867 0.000504 -0.144968 -0.037763
0.113634 -0.220077 -0.011592 -0.296865 -0.213063
0.184342 -0.084508 0.03367 -0.262037 -0.107875
0.155105 -0.097152 0.03535 0.112705 0.19639
0.173838 -0.156967 -0.010007 -0.337639 -0.164684
0.135857 -0.120274 0.042788 -0.335963 -0.372036
0.10253 -0.237773 -0.041819 -0.363978 -0.238944
0.113479 -0.210375 -0.020259 -0.095702 -0.065399
0.158075 -0.129366 0.00465 -0.251705 -0.137425
0.158075 -0.129366 0.00465 -0.251705 -0.137425
0.158075 -0.129366 0.00465 -0.251705 -0.137425
0.158075 -0.129366 0.00465 -0.251705 -0.137425
0.158075 -0.129366 0.00465 -0.251705 -0.137425
0.14585 -0.282516 -0.01131 -0.256581 -0.100644
0.207067 -0.062839 0.044866 -0.225088 -0.156202
0.207067 -0.062839 0.044866 -0.225088 -0.156202
0.194766 -0.194317 -0.019003 -0.335731 -0.066322
0.110962 -0.255243 -0.056227 -0.452095 -0.1629
0.110962 -0.255243 -0.056227 -0.452095 -0.1629
0.110962 -0.255243 -0.056227 -0.452095 -0.1629
0.228685 -0.15424 0.085523 -0.200663 -0.121465
0.201085 -0.141692 0.016781 -0.169689 0.049624
0.201085 -0.141692 0.016781 -0.169689 0.049624
0.283477 -0.070483 0.108584 -0.19161 -0.220997
0.307244 -0.02597 0.095465 -0.158591 -0.159031
0.307244 -0.02597 0.095465 -0.158591 -0.159031
0.243661 -0.191373 0.005857 0.034256 0.095674
0.249108 -0.120955 0.056788 -0.192683 -0.170747
0.204283 -0.251437 -0.037407 -0.29804 0.007904
0.174807 -0.149112 0.057617 -0.032337 0.023218
0.217527 -0.172829 0.087346 0.051476 0.015384
0.148356 -0.104981 -0.031054 -0.170422 0.07509
0.106403 -0.204307 -0.016735 0.077315 0.215016
0.079325 -0.266576 -0.003387 0.070167 0.073415
0.095242 -0.280697 -0.051939 -0.198852 0.021791
0.0513 -0.287607 -0.050862 -0.311036 -0.16014
0.117267 -0.160446 -0.06711 -0.381382 -0.133245
0.332472 -0.008885 0.088796 -0.431319 -0.40206
0.332472 -0.008885 0.088796 -0.431319 -0.40206
0.166401 -0.213185 -0.076912 -0.44536 -0.044827
0.166401 -0.213185 -0.076912 -0.44536 -0.044827
0.140654 -0.302446 -0.122993 -0.461242 0.125377
0.140654 -0.302446 -0.122993 -0.461242 0.125377
0.140654 -0.302446 -0.122993 -0.461242 0.125377
0.286459 -0.116403 0.023926 -0.403174 -0.098854
0.286459 -0.116403 0.023926 -0.403174 -0.098854
0.315532 -0.057205 0.111681 -0.181107 -0.144833
0.31656 -0.028335 0.157067 -0.148318 -0.293428
0.31656 -0.028335 0.157067 -0.148318 -0.293428
0.212323 -0.178154 0.037029 -0.30367 -0.126448
0.163832 -0.237283 -0.006828 -0.258569 -0.02346
0.191489 -0.187502 0.093437 0.122101 -0.083157
0.290155 -0.086541 0.175411 0.175619 -0.135565
0.126575 -0.250642 -0.017309 0.094153 0.149971
0.126575 -0.250642 -0.017309 0.094153 0.149971
0.180499 -0.148788 0.023328 -0.086577 0.019733
0.156032 -0.129683 0.005151 -0.179782 0.005727
0.156032 -0.129683 0.005151 -0.179782 0.005727
0.271421 -0.064789 0.084965 -0.295976 -0.224956
0.271421 -0.064789 0.084965 -0.295976 -0.224956
0.271421 -0.064789 0.084965 -0.295976 -0.224956
0.271421 -0.064789 0.084965 -0.295976 -0.224956
0.287294 -0.067938 0.135691 -0.322088 -0.47937
0.240584 -0.071837 0.091926 -0.27544 -0.247804
0.263565 -0.090119 0.121767 -0.196006 -0.321057
0.163288 -0.194495 0.079131 0.12203 0.014867
0.224378 -0.135327 0.076599 -0.062262 -0.073879
0.224378 -0.135327 0.076599 -0.062262 -0.073879
0.224378 -0.135327 0.076599 -0.062262 -0.073879
0.130002 -0.247352 -0.012039 -0.171543 -0.00463
0.202048 -0.168898 0.030045 -0.102998 -0.064825
0.202048 -0.168898 0.030045 -0.102998 -0.064825
0.210629 -0.192152 0.035693 -0.122686 -0.09901
0.157124 -0.281697 0.002362 0.154515 0.190068
0.1453 -0.299534 -0.00367 0.081794 0.086416
0.115742 -0.333438 -0.032645 -0.019414 0.073536
0.17797 -0.178522 0.056702 0.130756 0.034805
0.17797 -0.178522 0.056702 0.130756 0.034805
0.295209 -0.182518 0.101824 -0.234526 -0.339185
0.197973 -0.356091 -0.005671 -0.263976 -0.119445
-0.024035 -0.491105 -0.14536 -0.400984 -0.024526
-0.024035 -0.491105 -0.14536 -0.400984 -0.024526
0.031621 -0.433276 -0.089358 -0.392858 -0.087915
0.031621 -0.433276 -0.089358 -0.392858 -0.087915
0.031621 -0.433276 -0.089358 -0.392858 -0.087915
0.097752 -0.38276 -0.064397 -0.251363 0.080136
0.129894 -0.309253 0.034365 0.162063 0.200343
0.139985 -0.332619 -0.03263 0.053587 0.321178
0.135228 -0.239641 0.001279 0.131512 0.276764
0.135228 -0.239641 0.001279 0.131512 0.276764
0.135228 -0.239641 0.001279 0.131512 0.276764
0.135228 -0.239641 0.001279 0.131512 0.276764
0.135228 -0.239641 0.001279 0.131512 0.276764
0.131765 -0.261357 -0.02589 0.024598 0.232433
0.131765 -0.261357 -0.02589 0.024598 0.232433
0.131765 -0.261357 -0.02589 0.024598 0.232433
0.131765 -0.261357 -0.02589 0.024598 0.232433
0.131765 -0.261357 -0.02589 0.024598 0.232433
0.225826 -0.114114 0.03481 -0.045716 0.026668
0.178536 -0.205448 0.012205 0.125871 0.206798
0.178536 -0.205448 0.012205 0.125871 0.206798
0.230595 -0.213251 0.061078 0.043688 -0.045244
0.230595 -0.213251 0.061078 0.043688 -0.045244
0.210385 -0.178237 0.022572 0.088205 0.23871
0.264923 -0.155426 0.064659 -0.040071 0.080591
0.207431 -0.197733 -0.000391 -0.344329 -0.149254
0.207431 -0.197733 -0.000391 -0.344329 -0.149254
0.207431 -0.197733 -0.000391 -0.344329 -0.149254
0.107747 -0.241214 0.007434 0.135713 0.226762
0.107747 -0.241214 0.007434 0.135713 0.226762
0.098227 -0.232353 -0.032176 -0.163207 0.042221
0.098227 -0.232353 -0.032176 -0.163207 0.042221
0.125458 -0.307099 -0.000316 0.226918 0.194235
0.125458 -0.307099 -0.000316 0.226918 0.194235
0.125458 -0.307099 -0.000316 0.226918 0.194235
0.083948 -0.283851 -0.064182 -0.054582 0.192834
0.083948 -0.283851 -0.064182 -0.054582 0.192834
0.083948 -0.283851 -0.064182 -0.054582 0.192834
0.063165 -0.337966 -0.031703 0.16155 0.346775
0.199882 -0.128643 0.074325 0.107827 0.125891
0.199882 -0.128643 0.074325 0.107827 0.125891
0.199882 -0.128643 0.074325 0.107827 0.125891
0.163893 -0.22298 -0.030889 0.059946 0.291312
0.159704 -0.152942 -0.009618 -0.007089 0.137368
0.159704 -0.152942 -0.009618 -0.007089 0.137368
0.18459 -0.169043 0.037334 -0.059195 -0.02966
0.247289 -0.089307 0.07144 0.023312 0.021198
0.199052 -0.20107 -0.014007 -0.125294 0.123675
0.16196 -0.306589 -0.057979 -0.121493 0.216018
0.157847 -0.274298 0.005919 -0.113286 0.009082
0.228813 -0.164915 0.112155 0.017722 -0.06752
0.228813 -0.164915 0.112155 0.017722 -0.06752
0.196657 -0.280436 0.081165 0.564142 0.420759
0.102895 -0.276215 0.047223 0.118375 0.032212
0.106687 -0.317325 0.001005 0.113641 0.122507
0.059164 -0.368639 -0.065244 0.279727 0.416229
0.059164 -0.368639 -0.065244 0.279727 0.416229
0.040075 -0.391237 -0.104701 0.160587 0.403235
0.084925 -0.410262 -0.087915 -0.007109 0.224819
0.02738 -0.42887 -0.09678 -0.204233 0.079542
0.048759 -0.345479 -0.10134 -0.174388 0.289749
0.048759 -0.345479 -0.10134 -0.174388 0.289749
0.107685 -0.226729 -0.028565 -0.195085 0.11488
0.107685 -0.226729 -0.028565 -0.195085 0.11488
0.123236 -0.274878 -0.068792 -0.422398 -0.095991
0.197871 -0.107798 0.08264 0.064824 0.12884
0.135015 -0.217474 0.052588 0.335701 0.319744
0.135015 -0.217474 0.052588 0.335701 0.319744
0.249696 -0.118107 0.095291 0.20435 0.227764
0.249696 -0.118107 0.095291 0.20435 0.227764
0.249696 -0.118107 0.095291 0.20435 0.227764
0.307489 -0.01927 0.12595 0.167102 0.086137
0.201661 -0.170383 0.065317 0.253393 0.297028
0.223757 -0.074757 0.044836 0.038468 0.094877
0.162479 -0.181263 -0.018333 -0.232549 -0.028212
0.162479 -0.181263 -0.018333 -0.232549 -0.028212
0.227375 -0.183955 0.052688 -0.163966 -0.089038
0.227375 -0.183955 0.052688 -0.163966 -0.089038
0.227375 -0.183955 0.052688 -0.163966 -0.089038
0.258944 -0.075748 0.114588 0.14146 -0.013405
0.258944 -0.075748 0.114588 0.14146 -0.013405
0.030879 -0.346583 -0.127771 -0.346379 0.072307
0.027471 -0.332226 -0.120975 -0.239211 0.164028
0.027471 -0.332226 -0.120975 -0.239211 0.164028
0.027471 -0.332226 -0.120975 -0.239211 0.164028
0.027471 -0.332226 -0.120975 -0.239211 0.164028
0.015214 -0.407919 -0.184348 -0.349434 0.26397
-0.027229 -0.421441 -0.212365 -0.388498 0.301856
-0.027229 -0.421441 -0.212365 -0.388498 0.301856
-0.066719 -0.483844 -0.184697 -0.059454 0.356804
0.032505 -0.341486 0.005349 0.327248 0.272976
0.032505 -0.341486 0.005349 0.327248 0.272976
0.147356 -0.208601 0.067174 0.367403 0.20748
0.147356 -0.208601 0.067174 0.367403 0.20748
0.147356 -0.208601 0.067174 0.367403 0.20748
0.147356 -0.208601 0.067174 0.367403 0.20748
0.147356 -0.208601 0.067174 0.367403 0.20748
0.19574 -0.139811 0.103275 0.452942 0.289626
0.177819 -0.182991 0.05766 -0.096294 -0.053555
0.177819 -0.182991 0.05766 -0.096294 -0.053555
0.136158 -0.256767 -0.038288 -0.412565 -0.099552
0.136158 -0.256767 -0.038288 -0.412565 -0.099552
0.136158 -0.256767 -0.038288 -0.412565 -0.099552
0.136158 -0.256767 -0.038288 -0.412565 -0.099552
0.224686 -0.21067 0.034842 0.050553 0.14724
0.210507 -0.148558 0.015444 -0.121615 0.058042
0.210507 -0.148558 0.015444 -0.121615 0.058042
0.210507 -0.148558 0.015444 -0.121615 0.058042
0.210507 -0.148558 0.015444 -0.121615 0.058042
0.210507 -0.148558 0.015444 -0.121615 0.058042
0.210507 -0.148558 0.015444 -0.121615 0.058042
0.210507 -0.148558 0.015444 -0.121615 0.058042
0.214069 -0.092454 0.116241 0.112073 0.008756
0.157679 -0.121061 0.089317 0.14268 0.013534
0.205213 0.0191 0.161593 -0.083214 -0.333733
0.197125 -0.044279 0.067507 -0.036819 -0.017194
0.058849 -0.294659 -0.047528 0.021753 0.244126
-0.018435 -0.365217 -0.159253 -0.115226 0.340903
0.208637 -0.065635 0.036028 -0.359119 -0.300002
0.14882 -0.147056 -0.01201 -0.078293 -0.040434
0.061695 -0.264829 -0.041731 0.094044 0.278998
0.061695 -0.264829 -0.041731 0.094044 0.278998
0.166463 -0.201839 0.009344 0.118753 0.169599
0.166463 -0.201839 0.009344 0.118753 0.169599
0.166463 -0.201839 0.009344 0.118753 0.169599
0.255606 -0.093324 0.067294 0.171499 0.103507
0.287218 -0.034298 0.106203 0.044692 -0.120584
0.21946 -0.113032 0.018738 0.167345 0.235747
0.223711 -0.078599 -0.001331 -0.043674 0.147153
0.266762 -0.004697 0.064126 0.006423 0.111933
0.239145 -0.089382 0.001884 -0.220079 0.11253
0.210142 -0.140945 -0.027062 -0.070393 0.264795
0.24246 -0.121436 0.015545 -0.254638 -0.049859
0.188023 -0.162381 -0.049399 -0.402751 -0.13614
0.093497 -0.268826 -0.122751 -0.24528 0.225809
0.09239 -0.227598 -0.08127 -0.32067 0.036173
0.091322 -0.152349 -0.090633 -0.444216 -0.008803
0.091322 -0.152349 -0.090633 -0.444216 -0.008803
0.110879 -0.210112 -0.08823 -0.372776 -0.013343
0.207567 -0.128934 0.059299 -0.122656 -0.18684
0.178035 -0.221669 -0.041066 -0.118122 0.113407
0.239969 -0.135984 0.064151 -0.197564 -0.16961
0.231412 -0.13546 0.088186 0.058728 -0.124604
0.136101 -0.295716 -0.00588 0.029941 0.035858
0.1329 -0.146133 0.106329 0.186342 -0.018721
0.087892 -0.262802 -0.025434 -0.169447 0.053539
0.282563 -0.053359 0.149176 -0.098513 -0.343856
0.149566 -0.236311 -0.00964 0.015539 0.167487
-0.019793 -0.328113 -0.051021 0.308819 0.383045
-0.023088 -0.387233 -0.136328 -0.336854 0.030566
0.100396 -0.163766 -0.027024 -0.071143 0.113442
0.133136 -0.127368 0.002511 0.066441 0.117612
0.179018 -0.135675 0.014577 -0.220838 -0.139788
0.179018 -0.135675 0.014577 -0.220838 -0.139788
0.179018 -0.135675 0.014577 -0.220838 -0.139788
0.210765 -0.10241 0.040288 -0.048177 -0.000868
0.238288 -0.092284 0.109261 0.171794 0.021476
0.274921 -0.084966 0.108685 0.219018 0.081058
0.256307 -0.15014 0.162415 0.406594 0.073628
0.18586 -0.190858 0.017723 0.053734 0.117242
0.155864 -0.233209 -0.04199 -0.086897 0.161421
0.115069 -0.340516 -0.049654 0.189307 0.338645
0.115069 -0.340516 -0.049654 0.189307 0.338645
0.170827 -0.208487 0.002297 -0.027872 0.030601
0.120357 -0.255829 -0.048589 -0.098252 0.130608
0.205166 -0.119569 0.092518 -0.033468 -0.212975
0.022972 -0.28519 -0.017657 -0.194966 -0.124748
-0.091902 -0.45361 -0.128813 -0.043137 0.40376
0.033989 -0.413216 -0.043123 0.131921 0.277485
0.113883 -0.339173 -0.012403 -0.087513 0.019273
0.156778 -0.282962 0.051496 0.144474 0.11756
0.153963 -0.151688 0.070305 -0.038544 -0.116454
0.118945 -0.180949 -0.061835 -0.386513 -0.027614
0.111766 -0.192342 -0.059477 -0.313552 -0.037392
0.06179 -0.223445 -0.056986 -0.065796 0.297279
0.115332 -0.169076 -0.093246 -0.397179 0.108213
0.115332 -0.169076 -0.093246 -0.397179 0.108213
0.115332 -0.169076 -0.093246 -0.397179 0.108213
0.06954 -0.321948 -0.134601 -0.342464 0.11011
0.06954 -0.321948 -0.134601 -0.342464 0.11011
0.075995 -0.287485 -0.080725 -0.385682 -0.057562
0.202346 -0.098604 0.065468 -0.140785 -0.046904
0.272294 -0.001052 0.07839 -0.041302 0.024149
0.252114 -0.028153 0.039537 -0.077947 0.129289
0.070351 -0.304605 -0.114112 -0.119059 0.304645
0.169607 -0.15574 -0.029279 -0.094962 0.200067
0.101502 -0.273394 -0.032438 -0.061465 0.1159
0.135244 -0.156043 -0.012588 -0.272471 -0.089116
0.063573 -0.317596 -0.091801 -0.279159 0.039392
0.115828 -0.212561 -0.02376 0.040412 0.227922
0.115828 -0.212561 -0.02376 0.040412 0.227922
0.223812 -0.103758 0.078553 -0.160261 -0.209842
0.223812 -0.103758 0.078553 -0.160261 -0.209842
0.223812 -0.103758 0.078553 -0.160261 -0.209842
0.223812 -0.103758 0.078553 -0.160261 -0.209842
0.223812 -0.103758 0.078553 -0.160261 -0.209842
0.223812 -0.103758 0.078553 -0.160261 -0.209842
0.223812 -0.103758 0.078553 -0.160261 -0.209842
0.223812 -0.103758 0.078553 -0.160261 -0.209842
0.223812 -0.103758 0.078553 -0.160261 -0.209842
0.223812 -0.103758 0.078553 -0.160261 -0.209842
0.103421 -0.354217 -0.098597 -0.308369 0.117561
0.279117 -0.167347 0.047377 -0.09596 -0.067292
0.142053 -0.12014 -0.05325 -0.413748 -0.008877
0.142053 -0.12014 -0.05325 -0.413748 -0.008877
0.142053 -0.12014 -0.05325 -0.413748 -0.008877
0.231579 -0.047073 0.057197 -0.204416 -0.132956
0.231579 -0.047073 0.057197 -0.204416 -0.132956
0.202503 -0.103983 0.05018 -0.082682 0.03857
0.202503 -0.103983 0.05018 -0.082682 0.03857
0.202503 -0.103983 0.05018 -0.082682 0.03857
0.202503 -0.103983 0.05018 -0.082682 0.03857
0.202503 -0.103983 0.05018 -0.082682 0.03857
0.202503 -0.103983 0.05018 -0.082682 0.03857
0.194102 -0.037291 -0.005298 -0.519762 -0.114972
0.112531 -0.182982 -0.000486 -0.213656 0.044586
0.112531 -0.182982 -0.000486 -0.213656 0.044586
0.17672 -0.09623 -0.022066 -0.066073 0.247163
0.157645 -0.188047 0.019069 0.262747 0.334146
0.157645 -0.188047 0.019069 0.262747 0.334146
0.142039 -0.212168 -0.04281 -0.159193 0.12813
0.261097 -0.060438 0.094729 0.020368 0.003957
0.237181 -0.096588 0.086093 -0.193931 -0.278754
0.237181 -0.096588 0.086093 -0.193931 -0.278754
0.190175 -0.10115 0.049642 -0.113461 -0.140227
0.252509 0.041321 0.147997 0.082229 -0.188935
0.277844 0.017264 0.069581 -0.390161 -0.385115
0.218259 0.003027 0.098343 0.042254 0.013664
0.247727 0.014444 0.08587 -0.012495 0.021938
0.24189 -0.029104 0.056794 -0.066573 0.053006
0.093805 -0.268388 -0.022529 0.15929 0.384846
0.121523 -0.248936 0.013677 0.2177 0.306076
0.121523 -0.248936 0.013677 0.2177 0.306076
0.121523 -0.248936 0.013677 0.2177 0.306076
0.121523 -0.248936 0.013677 0.2177 0.306076
0.121523 -0.248936 0.013677 0.2177 0.306076
0.121523 -0.248936 0.013677 0.2177 0.306076
0.121523 -0.248936 0.013677 0.2177 0.306076
0.152234 -0.203674 -0.052295 -0.086351 0.279841
0.162424 -0.256771 0.015721 0.067421 0.12198
0.117311 -0.275604 -0.060961 -0.081532 0.196862
0.271971 -0.108514 0.081233 0.073503 0.008093
0.271971 -0.108514 0.081233 0.073503 0.008093
0.218235 -0.210828 0.045571 0.225574 0.171332
0.218235 -0.210828 0.045571 0.225574 0.171332
0.232167 -0.134793 0.082355 0.22888 0.091668
0.217202 -0.143529 0.022674 0.031548 0.141361
0.211403 -0.143273 -0.005216 -0.098985 0.078538
0.155097 -0.346532 -0.006087 -0.069383 0.02954
0.220553 -0.281245 0.027355 0.000608 0.109424
0.091867 -0.357525 -0.053566 0.170075 0.403775
0.107102 -0.339113 -0.097297 -0.121477 0.230708
0.194303 -0.257317 0.007349 0.027963 0.127117
0.194303 -0.257317 0.007349 0.027963 0.127117
0.194303 -0.257317 0.007349 0.027963 0.127117
0.226981 -0.132073 0.031252 -0.084194 0.065679
0.187064 -0.099322 0.04146 -0.115197 -0.036181
0.166438 -0.26749 0.008966 0.163763 0.10603
0.191861 -0.192431 0.02486 -0.048954 -0.028493
0.101774 -0.255512 -0.055395 -0.156901 0.07396
0.21787 -0.077252 0.044284 -0.309475 -0.231915
0.21787 -0.077252 0.044284 -0.309475 -0.231915
0.157053 -0.092927 0.050685 -0.316422 -0.336382
0.157053 -0.092927 0.050685 -0.316422 -0.336382
0.157053 -0.092927 0.050685 -0.316422 -0.336382
0.082078 -0.229411 -0.012516 -0.057216 0.059528
0.162635 -0.130248 0.054566 -0.211808 -0.243964
0.162635 -0.130248 0.054566 -0.211808 -0.243964
0.142397 -0.241524 0.007422 0.0362 0.176035
0.189089 -0.13042 0.08161 0.051304 0.023741
0.116375 -0.246748 -0.048609 -0.311188 -0.089184
0.098981 -0.220325 -0.036682 -0.134421 0.081406
0.098981 -0.220325 -0.036682 -0.134421 0.081406
0.143586 -0.186494 -0.006157 0.01565 0.194268
0.175546 -0.128628 0.02508 0.015497 0.183416
0.171238 -0.197667 -0.030466 -0.197111 0.139964
0.165405 -0.298707 -0.012864 -0.256886 -0.087754
0.165405 -0.298707 -0.012864 -0.256886 -0.087754
0.157284 -0.168888 0.02993 -0.007271 0.12317
0.174356 -0.109726 0.064905 -0.024465 -0.026126
0.144427 -0.268401 -0.057773 -0.2863 0.053003
0.13095 -0.294991 -0.041965 -0.214119 0.034447
0.13095 -0.294991 -0.041965 -0.214119 0.034447
0.13095 -0.294991 -0.041965 -0.214119 0.034447
0.258154 -0.162456 0.074723 -0.050201 -0.065993
0.233237 -0.165435 0.011545 -0.224774 -0.059082
0.233237 -0.165435 0.011545 -0.224774 -0.059082
0.233237 -0.165435 0.011545 -0.224774 -0.059082
0.233237 -0.165435 0.011545 -0.224774 -0.059082
0.131979 -0.226205 -0.024116 -0.070903 0.064464
0.226582 -0.08628 0.081158 -0.014325 -0.090152
0.269475 -0.077664 0.106019 -0.154102 -0.274511
0.227899 -0.117109 0.061905 -0.265205 -0.274119
0.227899 -0.117109 0.061905 -0.265205 -0.274119
0.227899 -0.117109 0.061905 -0.265205 -0.274119
0.227899 -0.117109 0.061905 -0.265205 -0.274119
0.227899 -0.117109 0.061905 -0.265205 -0.274119
0.227899 -0.117109 0.061905 -0.265205 -0.274119
0.227899 -0.117109 0.061905 -0.265205 -0.274119
0.227899 -0.117109 0.061905 -0.265205 -0.274119
0.276942 -0.122823 0.087188 -0.132898 -0.167701
0.138012 -0.173034 -0.027907 -0.200835 -0.045198
0.195365 -0.051538 0.033775 -0.18618 -0.199554
0.200324 -0.166126 0.002002 -0.411306 -0.260342
0.200324 -0.166126 0.002002 -0.411306 -0.260342
0.200324 -0.166126 0.002002 -0.411306 -0.260342
0.200324 -0.166126 0.002002 -0.411306 -0.260342
0.200324 -0.166126 0.002002 -0.411306 -0.260342
0.200324 -0.166126 0.002002 -0.411306 -0.260342
0.200324 -0.166126 0.002002 -0.411306 -0.260342
0.256649 -0.1077 0.073756 -0.224987 -0.248152
0.18635 -0.1868 0.066601 0.229383 0.272798
0.188766 -0.146035 0.036633 0.011929 0.121567
0.109013 -0.269264 -0.062324 -0.314605 0.004985
0.222519 -0.095395 -0.007096 -0.327313 0.094188
0.222519 -0.095395 -0.007096 -0.327313 0.094188
0.222519 -0.095395 -0.007096 -0.327313 0.094188
0.178387 -0.073877 -0.047025 -0.279114 0.12636
0.178387 -0.073877 -0.047025 -0.279114 0.12636
0.042949 -0.398456 -0.15915 -0.252499 0.203011
0.096492 -0.370445 -0.138029 -0.168435 0.291646
0.203122 -0.282584 -0.087463 -0.218118 0.238488
0.03872 -0.472797 -0.149335 -0.264679 0.084623
0.185935 -0.284715 -0.039523 -0.010208 0.167397
0.170985 -0.332084 -0.036663 0.070422 0.192332
0.102938 -0.31386 -0.017812 0.216859 0.3364
0.102938 -0.31386 -0.017812 0.216859 0.3364
0.22244 -0.190532 0.073492 0.136269 0.092326
0.153982 -0.26076 -0.023195 -0.009757 0.300975
0.153982 -0.26076 -0.023195 -0.009757 0.300975
0.22046 -0.323366 0.029869 -0.022271 0.040107
0.21246 -0.242065 -0.046309 -0.557331 -0.060579
0.187196 -0.187448 -0.007784 -0.272512 -0.016839
0.187196 -0.187448 -0.007784 -0.272512 -0.016839
0.187196 -0.187448 -0.007784 -0.272512 -0.016839
0.077176 -0.291827 -0.057274 -0.018015 0.238547
0.077176 -0.291827 -0.057274 -0.018015 0.238547
0.077176 -0.291827 -0.057274 -0.018015 0.238547
0.077176 -0.291827 -0.057274 -0.018015 0.238547
0.027099 -0.256357 -0.102937 -0.319231 0.048874
0.049044 -0.240158 -0.082157 -0.337149 -0.005298
0.049044 -0.240158 -0.082157 -0.337149 -0.005298
0.010505 -0.322836 -0.109573 -0.120778 0.186833
0.010505 -0.322836 -0.109573 -0.120778 0.186833
0.131832 -0.243304 -0.01314 0.139041 0.127416
0.209302 -0.142495 0.10466 0.01117 -0.219265
0.184348 -0.250387 -0.002215 0.052124 0.085465
0.231613 -0.237294 0.021885 -0.149315 -0.084037
0.15284 -0.186749 0.02063 -0.097607 -0.070405
0.156212 -0.16172 0.033519 0.074829 0.050736
0.164527 -0.133805 0.064503 0.213941 0.331085
0.157676 -0.251387 0.034434 0.061453 0.093609
0.118737 -0.219087 -0.022589 -0.03054 0.16922
0.302939 -0.060684 0.180404 0.04518 -0.172262
0.302939 -0.060684 0.180404 0.04518 -0.172262
0.18727 -0.283552 0.086373 0.117896 0.03472
0.18126 -0.254756 0.110481 -0.072437 -0.21678
0.144554 -0.309503 0.050693 -0.157657 -0.148674
0.067968 -0.364798 -0.025637 -0.283549 -0.155795
0.067968 -0.364798 -0.025637 -0.283549 -0.155795
-0.020797 -0.47781 -0.103391 -0.022665 0.244561
0.097694 -0.370561 0.013985 0.192722 0.245467
0.198157 -0.144655 0.107345 0.115611 0.015789
0.198157 -0.144655 0.107345 0.115611 0.015789
0.27784 -0.067896 0.122054 -0.191274 -0.315044
0.27784 -0.067896 0.122054 -0.191274 -0.315044
0.27784 -0.067896 0.122054 -0.191274 -0.315044
0.27784 -0.067896 0.122054 -0.191274 -0.315044
0.27784 -0.067896 0.122054 -0.191274 -0.315044
0.27784 -0.067896 0.122054 -0.191274 -0.315044
0.27784 -0.067896 0.122054 -0.191274 -0.315044
0.27784 -0.067896 0.122054 -0.191274 -0.315044
0.274744 -0.090797 0.071343 -0.098189 -0.04783
0.176388 -0.213612 0.010768 0.002834 0.128087
0.148581 -0.252397 -0.025648 -0.225644 -0.028738
0.075395 -0.304049 -0.065504 -0.214835 0.002246
0.138174 -0.194684 -0.018344 -0.255292 -0.053465
0.138174 -0.194684 -0.018344 -0.255292 -0.053465
0.138174 -0.194684 -0.018344 -0.255292 -0.053465
0.236738 -0.058308 0.069927 -0.22795 -0.236862
0.069252 -0.231226 0.017597 0.165302 0.079689
0.095213 -0.241625 0.017073 -0.031557 -0.086587
0.095213 -0.241625 0.017073 -0.031557 -0.086587
0.132657 -0.287173 0.009151 0.094495 0.069832
0.199492 -0.208218 0.045152 -0.202077 -0.225291
0.199492 -0.208218 0.045152 -0.202077 -0.225291
0.199492 -0.208218 0.045152 -0.202077 -0.225291
0.14769 -0.162235 -0.077517 -0.301498 0.199318
-0.034074 -0.340093 -0.158298 -0.183528 0.32091
0.027311 -0.247797 -0.093637 -0.095752 0.207263
0.03722 -0.206507 -0.070985 -0.047292 0.135926
0.043377 -0.306502 -0.107635 -0.086244 0.165162
0.043377 -0.306502 -0.107635 -0.086244 0.165162
0.043377 -0.306502 -0.107635 -0.086244 0.165162
0.141998 -0.159984 -0.006308 -0.025276 0.067841
0.070459 -0.29016 -0.047633 0.03597 0.120309
0.070459 -0.29016 -0.047633 0.03597 0.120309
0.170164 -0.211702 0.039012 0.162846 0.099991
0.175124 -0.120815 -0.003534 -0.008187 0.174065
0.216541 -0.003628 0.054563 -0.224266 -0.146486
0.210917 -0.085537 0.063698 0.073472 0.098693
0.210917 -0.085537 0.063698 0.073472 0.098693
0.210917 -0.085537 0.063698 0.073472 0.098693
0.211601 -0.088246 0.036119 -0.066476 0.096534
0.262615 0.060802 0.157964 0.202414 -0.032992
0.182994 -0.086427 0.034411 -0.237761 -0.088666
0.13086 -0.129412 0.048117 -0.075779 -0.067631
0.14862 -0.225736 0.030989 -0.105871 -0.107069
0.095305 -0.245554 0.019679 -0.1139 -0.08532
0.249282 -0.02354 0.142431 -0.271093 -0.44024
0.183506 -0.150565 0.059257 -0.007427 -0.021606
0.30869 -0.068048 0.090217 -0.39037 -0.350603
0.30869 -0.068048 0.090217 -0.39037 -0.350603
0.30869 -0.068048 0.090217 -0.39037 -0.350603
0.253221 -0.086651 0.104124 -0.100536 -0.234737
0.253221 -0.086651 0.104124 -0.100536 -0.234737
0.217098 -0.097308 0.109614 -0.016586 -0.258631
0.217098 -0.097308 0.109614 -0.016586 -0.258631
0.219339 -0.090527 0.092116 -0.006928 -0.183953
0.159604 -0.170026 0.030713 0.000625 -0.019257
0.159604 -0.170026 0.030713 0.000625 -0.019257
0.196296 -0.04313 0.113947 0.148016 -0.097529
0.24739 -0.040183 0.152963 0.12978 -0.227657
0.24739 -0.040183 0.152963 0.12978 -0.227657
0.24739 -0.040183 0.152963 0.12978 -0.227657
0.253813 -0.019255 0.154629 0.005196 -0.320756
0.228504 -0.182362 0.056609 0.087156 0.065243
0.228504 -0.182362 0.056609 0.087156 0.065243
0.179529 -0.164359 0.034902 0.100606 0.134613
0.264828 -0.02672 0.09745 0.076351 0.093051
0.264828 -0.02672 0.09745 0.076351 0.093051
0.24512 -0.08422 0.021676 -0.087638 -0.02399
0.24512 -0.08422 0.021676 -0.087638 -0.02399
0.208093 -0.03371 0.070113 0.041358 0.002539
0.168307 -0.214019 0.033539 0.121782 0.053503
0.137532 -0.171881 0.057868 0.241596 0.146107
0.137532 -0.171881 0.057868 0.241596 0.146107
0.176214 -0.172715 0.038694 0.014049 0.073399
0.109012 -0.166194 -0.031745 -0.184155 0.144465
0.040342 -0.252135 -0.138573 -0.498856 0.0139
0.083994 -0.23488 -0.080649 -0.288083 0.064172
0.129307 -0.237725 0.012993 0.060551 0.076183
0.189285 -0.111604 0.065714 -0.051867 -0.191734
0.284536 -0.046147 0.159323 -0.123726 -0.414256
0.132914 -0.191984 -0.033814 -0.29842 -0.114584
0.132914 -0.191984 -0.033814 -0.29842 -0.114584
0.223083 -0.139619 0.088877 -0.004432 -0.17619
0.202033 -0.176091 0.022702 -0.228888 -0.185297
0.202033 -0.176091 0.022702 -0.228888 -0.185297
0.204381 -0.15337 0.021881 -0.123611 -0.020052
0.204381 -0.15337 0.021881 -0.123611 -0.020052
0.254057 -0.14295 0.029864 -0.179362 -0.106708
0.215002 -0.164042 0.031131 0.089466 0.087959
0.203346 -0.18153 0.0206 -0.161373 -0.044174
0.200926 -0.13976 0.05356 -0.249735 -0.15338
0.155063 -0.177207 -0.012525 -0.276728 -0.00237
0.155063 -0.177207 -0.012525 -0.276728 -0.00237
0.183966 -0.106429 0.025263 0.05525 0.162073
0.162348 -0.218752 -0.030516 -0.088963 0.183636
0.123928 -0.20919 0.000472 0.174929 0.197661
0.123928 -0.20919 0.000472 0.174929 0.197661
0.184979 -0.208228 0.031616 0.342949 0.217604
0.144999 -0.239146 0.042117 0.405546 0.338568
0.140459 -0.250957 -0.014592 0.1972 0.276144
0.140459 -0.250957 -0.014592 0.1972 0.276144
0.140459 -0.250957 -0.014592 0.1972 0.276144
0.140459 -0.250957 -0.014592 0.1972 0.276144
0.216218 -0.153452 0.094823 0.420052 0.251959
0.216218 -0.153452 0.094823 0.420052 0.251959
0.324359 -0.068769 0.140872 0.047179 -0.074406
0.235518 -0.151378 0.004986 -0.30545 -0.109227
0.235518 -0.151378 0.004986 -0.30545 -0.109227
0.235518 -0.151378 0.004986 -0.30545 -0.109227
0.235518 -0.151378 0.004986 -0.30545 -0.109227
0.11736 -0.340355 -0.07612 -0.157597 0.107481
0.145026 -0.243689 -0.025136 -0.084288 0.059928
0.145026 -0.243689 -0.025136 -0.084288 0.059928
0.210609 -0.148169 0.037256 -0.154495 -0.119612
0.210609 -0.148169 0.037256 -0.154495 -0.119612
0.212518 -0.243836 0.010965 -0.221644 0.000473
0.191292 -0.217683 0.015417 -0.121339 0.030485
0.191292 -0.217683 0.015417 -0.121339 0.030485
0.191292 -0.217683 0.015417 -0.121339 0.030485
0.191292 -0.217683 0.015417 -0.121339 0.030485
0.246833 -0.216269 0.011757 -0.024699 0.115613
0.246833 -0.216269 0.011757 -0.024699 0.115613
0.295662 -0.059225 0.112734 0.166793 -0.023112
0.247995 -0.193175 -0.021686 -0.184828 0.201664
0.247995 -0.193175 -0.021686 -0.184828 0.201664
0.094804 -0.421913 -0.091786 0.088594 0.414829
0.228357 -0.110719 0.046223 -0.127845 -0.030702
0.190122 -0.147547 -0.02413 -0.158039 0.11289
0.155739 -0.198541 0.006376 0.135861 0.288046
0.155739 -0.198541 0.006376 0.135861 0.288046
0.155739 -0.198541 0.006376 0.135861 0.288046
0.155739 -0.198541 0.006376 0.135861 0.288046
0.155739 -0.198541 0.006376 0.135861 0.288046
0.155739 -0.198541 0.006376 0.135861 0.288046
0.155739 -0.198541 0.006376 0.135861 0.288046
0.155739 -0.198541 0.006376 0.135861 0.288046
0.155739 -0.198541 0.006376 0.135861 0.288046
0.155739 -0.198541 0.006376 0.135861 0.288046
0.17816 -0.283009 0.062893 0.444218 0.401043
0.17816 -0.283009 0.062893 0.444218 0.401043
0.17816 -0.283009 0.062893 0.444218 0.401043
0.190852 -0.252887 0.07244 0.331101 0.316225
0.264526 -0.156655 0.120702 0.103281 -0.039442
0.264526 -0.156655 0.120702 0.103281 -0.039442
0.290294 -0.017886 0.123128 -0.101188 -0.288424
0.290294 -0.017886 0.123128 -0.101188 -0.288424
0.290294 -0.017886 0.123128 -0.101188 -0.288424
0.290294 -0.017886 0.123128 -0.101188 -0.288424
0.251654 -0.047682 0.117808 -0.099677 -0.314645
0.139875 -0.188226 0.039225 0.046359 -0.030764
0.139875 -0.188226 0.039225 0.046359 -0.030764
0.135867 -0.088191 0.058547 0.006868 -0.04892
0.181559 -0.01948 0.07525 -0.043538 -0.03118
0.240829 0.018623 0.094278 -0.189386 -0.14558
0.164865 -0.190354 0.055576 0.240628 0.105006
0.141259 -0.175885 0.003881 0.029888 0.18737
0.141259 -0.175885 0.003881 0.029888 0.18737
0.221161 -0.132097 0.085685 0.092288 0.026817
0.311208 -0.027966 0.11777 -0.040639 -0.159494
0.286819 -0.024915 0.157616 0.012252 -0.220056
0.286819 -0.024915 0.157616 0.012252 -0.220056
0.238867 -0.104668 0.115933 0.074607 -0.142624
0.217068 -0.121242 0.052336 -0.265849 -0.291311
0.217068 -0.121242 0.052336 -0.265849 -0.291311
0.217068 -0.121242 0.052336 -0.265849 -0.291311
0.217068 -0.121242 0.052336 -0.265849 -0.291311
0.217068 -0.121242 0.052336 -0.265849 -0.291311
0.137388 -0.231134 -0.000145 -0.058225 0.06586
0.108202 -0.225932 -0.007683 0.079844 0.293963
0.055624 -0.319764 -0.10055 0.082579 0.435478
0.175629 -0.170979 -0.036394 -0.334967 0.073682
0.175629 -0.170979 -0.036394 -0.334967 0.073682
0.175629 -0.170979 -0.036394 -0.334967 0.073682
0.279113 -0.110266 0.061184 -0.078038 0.029631
0.206824 -0.134964 -0.008611 -0.342345 -0.099684
0.183041 -0.212404 -0.022261 -0.15993 0.056356
0.186506 -0.199563 -0.004505 -0.190227 -0.036073
0.186506 -0.199563 -0.004505 -0.190227 -0.036073
0.186506 -0.199563 -0.004505 -0.190227 -0.036073
0.118907 -0.228606 0.021121 0.062485 0.067164
0.167999 -0.179368 0.030862 0.139091 0.214801
0.069978 -0.305222 -0.046749 -0.085855 0.185566
0.110599 -0.19965 -0.056704 -0.226304 0.11545
0.175153 -0.152572 -0.01878 -0.161979 0.160187
0.264051 -0.100705 0.041532 -0.185798 0.027806
0.264051 -0.100705 0.041532 -0.185798 0.027806
0.209083 -0.202634 -0.002911 -0.126596 0.171392
0.209083 -0.202634 -0.002911 -0.126596 0.171392
0.209083 -0.202634 -0.002911 -0.126596 0.171392
0.161359 -0.325954 -0.061424 -0.253194 -0.015914
0.228963 -0.223569 0.026365 -0.195882 -0.126591
0.228963 -0.223569 0.026365 -0.195882 -0.126591
0.310373 -0.119177 0.158538 0.224097 -0.027499
0.310373 -0.119177 0.158538 0.224097 -0.027499
0.310373 -0.119177 0.158538 0.224097 -0.027499
0.269472 -0.077996 0.078474 -0.112863 -0.228535
0.233172 -0.123138 0.028277 -0.29679 -0.212083
0.233172 -0.123138 0.028277 -0.29679 -0.212083
0.233172 -0.123138 0.028277 -0.29679 -0.212083
0.233172 -0.123138 0.028277 -0.29679 -0.212083
0.233172 -0.123138 0.028277 -0.29679 -0.212083
0.233172 -0.123138 0.028277 -0.29679 -0.212083
0.233172 -0.123138 0.028277 -0.29679 -0.212083
0.233172 -0.123138 0.028277 -0.29679 -0.212083
0.151425 -0.162818 -0.005503 -0.418046 -0.276201
0.153711 -0.186823 0.005411 -0.285887 -0.157423
0.153711 -0.186823 0.005411 -0.285887 -0.157423
0.153711 -0.186823 0.005411 -0.285887 -0.157423
0.220525 -0.118557 0.044698 -0.163906 -0.062827
0.070316 -0.387886 -0.084561 -0.1673 0.123049
0.137894 -0.38432 -0.04753 -0.153698 0.041398
0.134428 -0.252757 -0.055316 -0.299002 -0.120294
0.167983 -0.155767 0.037832 0.041356 0.042793
0.167983 -0.155767 0.037832 0.041356 0.042793
0.122525 -0.083312 0.037612 -0.060441 0.06059
0.12981 -0.142167 -0.014606 -0.375916 -0.028322
0.12981 -0.142167 -0.014606 -0.375916 -0.028322
0.266432 -0.070616 0.086769 -0.16223 -0.022424
0.239843 -0.169901 0.058129 -0.39068 -0.334202
0.239843 -0.169901 0.058129 -0.39068 -0.334202
0.239843 -0.169901 0.058129 -0.39068 -0.334202
0.239843 -0.169901 0.058129 -0.39068 -0.334202
0.163467 -0.220711 0.0126 -0.367775 -0.251134
0.163467 -0.220711 0.0126 -0.367775 -0.251134
0.073317 -0.349663 -0.117917 -0.304978 0.049873
0.141246 -0.254505 -0.012864 -0.016129 0.15496
0.141246 -0.254505 -0.012864 -0.016129 0.15496
0.128798 -0.249987 -0.013776 -0.221902 -0.057922
0.220364 -0.184216 0.08132 0.144094 -0.003421
0.206653 -0.16876 0.071854 0.009031 -0.013604
0.206653 -0.16876 0.071854 0.009031 -0.013604
0.121072 -0.212773 0.002399 -0.052453 0.020766
0.090354 -0.234744 -0.034118 -0.309881 -0.143004
0.090354 -0.234744 -0.034118 -0.309881 -0.143004
0.211735 -0.125653 0.077505 -0.311201 -0.331103
0.134475 -0.349671 -0.063894 -0.084687 0.088031
0.134688 -0.224976 -0.072566 0.133881 0.395694
0.101045 -0.245481 -0.084635 0.192221 0.522629
0.078924 -0.327501 -0.090852 0.266658 0.491969
0.078924 -0.327501 -0.090852 0.266658 0.491969
0.174428 -0.217175 0.055181 0.171072 0.152257
0.174428 -0.217175 0.055181 0.171072 0.152257
0.11874 -0.162583 0.049308 0.228571 0.081048
0.020628 -0.237263 -0.087656 -0.256144 -0.014084
0.108612 -0.179357 0.000447 -0.395864 -0.26006
0.185512 -0.057833 0.058115 -0.342575 -0.241528
0.234007 -0.055421 0.16223 0.094322 -0.117792
0.199859 -0.178805 0.058574 -0.175425 -0.112066
0.138081 -0.173211 -0.013591 -0.302446 0.014862
0.122401 -0.130956 -0.061205 -0.614176 -0.100507
0.122401 -0.130956 -0.061205 -0.614176 -0.100507
0.078172 -0.255744 -0.041509 -0.301917 -0.01829
0.078172 -0.255744 -0.041509 -0.301917 -0.01829
0.107595 -0.169506 -0.036802 -0.252735 0.067538
0.115065 -0.184075 0.032106 0.317103 0.255331
0.115065 -0.184075 0.032106 0.317103 0.255331
0.212978 -0.01735 0.010458 -0.295266 -0.111572
0.260099 0.064667 0.078351 -0.330245 -0.231721
0.11441 -0.195402 -0.010115 -0.284575 -0.173848
0.129521 -0.273093 -0.038425 -0.079631 0.012731
0.155454 -0.237211 0.028404 0.124896 0.035338
0.177895 -0.272875 0.016564 -0.104492 -0.140596
0.138438 -0.256909 0.053327 0.272363 0.076632
0.138984 -0.321868 -0.003315 0.079802 0.240155
0.138984 -0.321868 -0.003315 0.079802 0.240155
0.138984 -0.321868 -0.003315 0.079802 0.240155
0.138984 -0.321868 -0.003315 0.079802 0.240155
0.138984 -0.321868 -0.003315 0.079802 0.240155
0.138984 -0.321868 -0.003315 0.079802 0.240155
0.261957 -0.121599 0.093843 0.106342 0.076513
0.35755 0.021298 0.161274 0.001893 -0.138741
0.32857 0.057905 0.207706 0.239753 -0.057266
0.207166 -0.180248 0.036751 -0.402715 -0.386658
0.207166 -0.180248 0.036751 -0.402715 -0.386658
0.188276 -0.182604 0.019058 -0.359309 -0.354329
0.188276 -0.182604 0.019058 -0.359309 -0.354329
0.188276 -0.182604 0.019058 -0.359309 -0.354329
0.251375 -0.136116 0.096136 -0.210066 -0.352519
0.174135 -0.205682 0.035783 -0.045996 -0.052981
0.289188 -0.123374 0.061532 0.201237 0.210514
0.205435 -0.201754 -0.026924 -0.140833 0.020819
0.163971 -0.296653 -0.057994 -0.183867 0.036026
0.163971 -0.296653 -0.057994 -0.183867 0.036026
0.16215 -0.227719 -0.064212 -0.341391 0.096058
0.16215 -0.227719 -0.064212 -0.341391 0.096058
0.188191 -0.236354 -0.025278 -0.337443 -0.16406
0.29997 -0.07753 0.134222 -0.121872 -0.284409
0.29997 -0.07753 0.134222 -0.121872 -0.284409
0.229946 -0.185788 0.030657 -0.297239 -0.149065
0.229946 -0.185788 0.030657 -0.297239 -0.149065
0.229946 -0.185788 0.030657 -0.297239 -0.149065
0.216756 -0.179831 0.067399 -0.008849 -0.081374
0.167875 -0.118075 0.087236 -0.042777 -0.171553
0.116091 -0.208782 0.012863 -0.121768 -0.112038
0.116091 -0.208782 0.012863 -0.121768 -0.112038
0.141672 -0.234302 0.010783 -0.120705 -0.10757
0.121737 -0.269261 -0.067716 -0.232554 -0.007974
0.189647 -0.17308 0.018675 -0.156562 -0.085311
0.189647 -0.17308 0.018675 -0.156562 -0.085311
0.189647 -0.17308 0.018675 -0.156562 -0.085311
0.158805 -0.117622 0.015539 -0.147696 -0.02293
0.158805 -0.117622 0.015539 -0.147696 -0.02293
0.166274 -0.18123 0.00662 0.094922 0.201273
0.166274 -0.18123 0.00662 0.094922 0.201273
0.094271 -0.248158 -0.062439 -0.107813 0.143467
0.094271 -0.248158 -0.062439 -0.107813 0.143467
0.094271 -0.248158 -0.062439 -0.107813 0.143467
0.176155 -0.072582 0.024532 -0.08798 -0.015843
0.176155 -0.072582 0.024532 -0.08798 -0.015843
0.154604 -0.216773 -0.038995 -0.114608 0.117151
0.087963 -0.323963 -0.106777 -0.156084 0.254358
0.087963 -0.323963 -0.106777 -0.156084 0.254358
0.087963 -0.323963 -0.106777 -0.156084 0.254358
0.087963 -0.323963 -0.106777 -0.156084 0.254358
0.109267 -0.325596 -0.095251 -0.286819 0.080995
0.109267 -0.325596 -0.095251 -0.286819 0.080995
0.14411 -0.134669 -0.077929 -0.216591 0.126525
0.14411 -0.134669 -0.077929 -0.216591 0.126525
0.230624 -0.12492 0.050404 0.006134 -0.068354
0.202959 -0.107375 0.030726 0.089123 0.204676
0.202959 -0.107375 0.030726 0.089123 0.204676
0.241547 -0.115748 0.047684 0.048688 0.084741
0.203672 -0.246945 0.091182 0.391775 0.282737
0.203672 -0.246945 0.091182 0.391775 0.282737
0.288232 -0.150597 0.130545 0.262566 -0.013492
0.258004 -0.161969 0.07067 0.021745 0.015672
0.238263 -0.129121 0.013666 -0.232386 -0.026685
0.213752 -0.161668 0.006501 -0.222149 -0.016961
0.256113 -0.174756 0.046018 0.033987 0.127331
0.166343 -0.296279 -0.026791 -0.198353 -0.034667
0.125208 -0.42242 -0.081081 -0.273797 0.006588
0.125208 -0.42242 -0.081081 -0.273797 0.006588
0.281412 -0.089181 0.140372 0.020374 -0.086307
0.182939 -0.130994 0.0177 -0.139798 0.046624
0.142995 -0.235358 -0.079148 -0.422406 0.039283
0.142995 -0.235358 -0.079148 -0.422406 0.039283
0.142995 -0.235358 -0.079148 -0.422406 0.039283
0.142995 -0.235358 -0.079148 -0.422406 0.039283
0.150948 -0.25827 -0.008973 -0.25406 -0.093208
0.150948 -0.25827 -0.008973 -0.25406 -0.093208
0.150948 -0.25827 -0.008973 -0.25406 -0.093208
0.06046 -0.389585 -0.059882 -0.101778 0.110992
0.112549 -0.338315 -0.046587 -0.188268 0.117821
0.090975 -0.344493 -0.063389 -0.107124 0.2272
0.090975 -0.344493 -0.063389 -0.107124 0.2272
0.087763 -0.322551 -0.099378 -0.284481 0.175432
0.110572 -0.342737 -0.065769 -0.030535 0.190416
0.110572 -0.342737 -0.065769 -0.030535 0.190416
0.110572 -0.342737 -0.065769 -0.030535 0.190416
0.203407 -0.188025 0.016958 -0.090063 -0.017322
0.209612 -0.105241 0.120766 0.207508 0.051526
0.164655 -0.206396 0.119599 0.303532 0.106297
0.148596 -0.268289 0.063943 0.384381 0.279138
0.173531 -0.119014 0.032979 0.096829 0.17868
0.115324 -0.176772 -0.007521 0.070728 0.270292
0.115324 -0.176772 -0.007521 0.070728 0.270292
0.115324 -0.176772 -0.007521 0.070728 0.270292
0.115324 -0.176772 -0.007521 0.070728 0.270292
0.15627 -0.191355 -0.019098 -0.138632 0.142058
0.136242 -0.200178 0.013164 0.048629 0.16934
0.126549 -0.173931 0.021453 -0.184336 -0.009923
0.132821 -0.257452 -0.01812 -0.262672 -0.00767
0.132821 -0.257452 -0.01812 -0.262672 -0.00767
0.138215 -0.305586 0.011642 -0.04181 -0.028074
0.138215 -0.305586 0.011642 -0.04181 -0.028074
0.084064 -0.283456 -0.057387 -0.152225 -0.043735
0.16689 -0.096891 0.089695 0.073735 -0.045786
0.130371 -0.109905 0.028451 -0.179781 -0.091798
0.170043 -0.180473 0.012948 -0.112744 -0.091487
0.201113 -0.118674 0.072005 -0.005275 -0.068724
0.202292 -0.212559 0.024859 0.147666 0.17705
0.151489 -0.27028 0.007382 0.19476 0.259754
0.162289 -0.140322 0.050965 0.242435 0.258709
0.134371 -0.238019 -0.024058 -0.063171 0.170111
0.186145 -0.178198 0.0318 0.03932 0.131981
0.128482 -0.296472 0.010846 0.068098 0.18802
0.171714 -0.191804 0.070655 0.220155 0.142928
0.21515 -0.118003 0.033467 0.114707 0.23731
0.21515 -0.118003 0.033467 0.114707 0.23731
0.21515 -0.118003 0.033467 0.114707 0.23731
0.244177 -0.039551 0.088957 0.216809 0.228461
0.244177 -0.039551 0.088957 0.216809 0.228461
0.276913 -0.076156 0.112958 0.249141 0.130824
0.265443 -0.091192 0.157306 0.109358 -0.147272
0.27831 0.007078 0.176697 -0.064468 -0.318979
0.306224 0.044625 0.157083 0.071103 -0.113737
0.306224 0.044625 0.157083 0.071103 -0.113737
0.267094 -0.021273 0.105686 0.014994 -0.001213
0.205157 -0.098833 0.073293 -0.086045 -0.012528
0.237284 -0.130097 0.074575 0.022354 0.0765
0.257019 -0.021687 0.101099 -0.041289 -0.083595
0.260127 -0.012997 0.083382 -0.385218 -0.389379
0.260127 -0.012997 0.083382 -0.385218 -0.389379
0.260127 -0.012997 0.083382 -0.385218 -0.389379
0.260127 -0.012997 0.083382 -0.385218 -0.389379
0.260127 -0.012997 0.083382 -0.385218 -0.389379
0.260127 -0.012997 0.083382 -0.385218 -0.389379
0.260127 -0.012997 0.083382 -0.385218 -0.389379
0.260127 -0.012997 0.083382 -0.385218 -0.389379
0.240948 -0.017578 0.106852 -0.082974 -0.180101
0.25362 -0.108339 0.094421 -0.029816 -0.125056
0.25362 -0.108339 0.094421 -0.029816 -0.125056
0.174553 -0.188865 0.035229 0.034658 0.003462
0.173762 -0.156603 0.019972 0.131338 0.265265
0.173762 -0.156603 0.019972 0.131338 0.265265
0.05738 -0.302596 -0.060208 0.034446 0.240087
0.05738 -0.302596 -0.060208 0.034446 0.240087
0.083208 -0.222156 -0.046577 0.147159 0.326632
0.231551 -0.127355 0.016279 0.001008 0.190061
0.175353 -0.237191 -0.07931 -0.303874 0.130076
0.175353 -0.237191 -0.07931 -0.303874 0.130076
0.175353 -0.237191 -0.07931 -0.303874 0.130076
0.175353 -0.237191 -0.07931 -0.303874 0.130076
0.141818 -0.178096 -0.004559 -0.108162 0.115276
0.073245 -0.277559 -0.112614 -0.361083 0.164248
0.164031 -0.18793 -0.062335 -0.579516 -0.09284
0.08545 -0.3237 -0.074806 -0.249324 0.045103
0.08545 -0.3237 -0.074806 -0.249324 0.045103
0.08545 -0.3237 -0.074806 -0.249324 0.045103
0.112311 -0.296527 -0.071552 -0.475789 -0.110057
0.112311 -0.296527 -0.071552 -0.475789 -0.110057
0.110323 -0.321219 -0.047622 -0.118239 0.098933
0.224653 -0.044894 0.144344 0.079074 -0.104945
0.18962 -0.115827 0.067547 -0.10747 -0.120239
0.11895 -0.166559 0.030975 -0.385838 -0.308998
0.11895 -0.166559 0.030975 -0.385838 -0.308998
0.138533 -0.173889 0.060165 0.037056 -0.033144
0.138533 -0.173889 0.060165 0.037056 -0.033144
0.138533 -0.173889 0.060165 0.037056 -0.033144
0.21731 -0.169954 0.091103 0.135087 -0.036914
0.182269 -0.155402 0.098151 0.004564 -0.180525
0.295053 -0.117478 0.123343 -0.111642 -0.197815
0.25604 -0.135786 0.066068 -0.011228 0.055276
0.165744 -0.242248 -0.002579 -0.204553 -0.009446
0.168702 -0.188764 -0.003935 -0.218863 -0.036239
0.216685 -0.014817 0.133871 -0.003848 -0.208042
0.172651 -0.14534 -0.006556 -0.154894 0.07089
0.255842 -0.123846 0.087102 0.102293 0.061955
0.247661 -0.12162 0.093933 -0.054317 -0.134809
0.21414 -0.180517 0.062728 0.083004 0.103017
0.21414 -0.180517 0.062728 0.083004 0.103017
0.21414 -0.180517 0.062728 0.083004 0.103017
0.249285 -0.088021 0.043703 -0.295593 -0.119036
0.249285 -0.088021 0.043703 -0.295593 -0.119036
0.249285 -0.088021 0.043703 -0.295593 -0.119036
0.193159 -0.16032 -0.012265 -0.532148 -0.284795
0.193159 -0.16032 -0.012265 -0.532148 -0.284795
0.193159 -0.16032 -0.012265 -0.532148 -0.284795
0.193159 -0.16032 -0.012265 -0.532148 -0.284795
0.193159 -0.16032 -0.012265 -0.532148 -0.284795
0.233277 -0.138194 0.047889 -0.322193 -0.264649
0.167244 -0.212337 0.018118 -0.067125 -0.001618
0.122042 -0.25087 -0.078944 -0.418843 0.005627
0.122042 -0.25087 -0.078944 -0.418843 0.005627
0.143298 -0.293882 -0.03682 -0.233402 -0.021921
0.160954 -0.240174 0.030623 0.018489 0.022199
0.200831 -0.12788 0.064766 -0.078549 -0.133862
-0.005624 -0.331757 -0.046454 -0.004355 0.075618
-0.005624 -0.331757 -0.046454 -0.004355 0.075618
0.017822 -0.324678 -0.025814 0.072359 0.093569
0.190626 -0.1947 0.070164 -0.145988 -0.135879
0.144863 -0.179812 0.048845 -0.058439 -0.072976
0.241831 -0.050598 0.166287 0.136648 -0.188152
0.222875 -0.031158 0.136536 0.254984 0.084428
0.120586 -0.105371 0.053595 0.104889 0.140419
0.161648 -0.209511 0.075079 0.295364 0.146062
0.161648 -0.209511 0.075079 0.295364 0.146062
0.161648 -0.209511 0.075079 0.295364 0.146062
0.150791 -0.201355 0.050122 0.251612 0.201214
0.150791 -0.201355 0.050122 0.251612 0.201214
0.150791 -0.201355 0.050122 0.251612 0.201214
0.150791 -0.201355 0.050122 0.251612 0.201214
0.150791 -0.201355 0.050122 0.251612 0.201214
0.094712 -0.235293 -0.021917 0.305304 0.458344
0.119942 -0.194619 -0.029456 -0.109619 0.191778
0.119942 -0.194619 -0.029456 -0.109619 0.191778
0.119942 -0.194619 -0.029456 -0.109619 0.191778
0.225295 -0.076688 0.022071 -0.276927 -0.020128
0.277947 -0.074482 0.036124 -0.309849 -0.124709
0.185158 -0.087278 0.065043 0.029935 0.02031
0.151745 -0.192021 0.038553 0.148248 0.139208
0.151745 -0.192021 0.038553 0.148248 0.139208
0.203115 -0.187951 0.018059 0.025753 0.117596
0.191121 -0.210899 -0.029492 -0.157414 0.15554
0.191121 -0.210899 -0.029492 -0.157414 0.15554
0.245133 -0.183892 0.021057 -0.028453 0.027326
0.133632 -0.323381 -0.077793 0.009941 0.257117
0.097594 -0.354819 -0.115618 -0.126467 0.179231
0.198073 -0.137283 -0.00937 -0.177739 -0.072285
0.198073 -0.137283 -0.00937 -0.177739 -0.072285
0.149965 -0.180791 -0.032178 0.084211 0.239664
0.149965 -0.180791 -0.032178 0.084211 0.239664
0.235257 -0.137885 0.063568 -0.045756 -0.06103
0.235257 -0.137885 0.063568 -0.045756 -0.06103
0.241625 -0.200051 0.017965 -0.054941 0.070274
0.189215 -0.351551 -0.041342 -0.320685 -0.093398
0.189215 -0.351551 -0.041342 -0.320685 -0.093398
0.201633 -0.310481 -0.001682 -0.266645 -0.152702
0.2489 -0.07125 0.122125 -0.028047 -0.119534
0.2489 -0.07125 0.122125 -0.028047 -0.119534
0.2489 -0.07125 0.122125 -0.028047 -0.119534
0.2489 -0.07125 0.122125 -0.028047 -0.119534
0.238827 -0.094682 0.087934 -0.123062 -0.150452
0.238827 -0.094682 0.087934 -0.123062 -0.150452
0.178892 -0.182366 -0.009459 -0.248297 -0.059228
0.178892 -0.182366 -0.009459 -0.248297 -0.059228
0.178892 -0.182366 -0.009459 -0.248297 -0.059228
0.125642 -0.223754 -0.049269 -0.097385 0.116518
0.125642 -0.223754 -0.049269 -0.097385 0.116518
0.136346 -0.261926 -0.030872 0.110268 0.192121
0.12594 -0.285009 -0.004007 0.288607 0.41616
0.15894 -0.205063 -0.001248 0.067601 0.226895
0.203652 -0.040423 0.093324 -0.120815 -0.134906
0.236988 -0.13169 0.083374 -0.246797 -0.36679
0.228388 -0.089056 0.07996 0.059314 -0.040996
0.207073 -0.091273 0.024582 0.000202 0.074197
0.159587 -0.238485 -0.031146 -0.068359 0.130725
0.091989 -0.193875 -0.043627 0.032252 0.165957
0.17562 -0.105767 0.022474 -0.073444 -0.102985
0.17562 -0.105767 0.022474 -0.073444 -0.102985
0.188059 -0.158795 0.017994 0.219624 0.231904
0.071131 -0.299716 -0.078092 0.156806 0.380466
0.071131 -0.299716 -0.078092 0.156806 0.380466
0.083493 -0.243753 -0.068166 -0.108506 0.141555
0.083493 -0.243753 -0.068166 -0.108506 0.141555
0.10451 -0.312412 -0.020251 0.278481 0.287081
0.10451 -0.312412 -0.020251 0.278481 0.287081
0.10451 -0.312412 -0.020251 0.278481 0.287081
0.10451 -0.312412 -0.020251 0.278481 0.287081
0.20309 -0.18987 0.016649 -0.201228 -0.157438
0.180289 -0.222277 0.021628 -0.108917 -0.097046
0.088564 -0.231072 0.046332 -0.163706 -0.259056
0.107652 -0.20526 0.001459 -0.436845 -0.361109
0.107652 -0.20526 0.001459 -0.436845 -0.361109
0.107652 -0.20526 0.001459 -0.436845 -0.361109
0.107652 -0.20526 0.001459 -0.436845 -0.361109
0.107652 -0.20526 0.001459 -0.436845 -0.361109
0.16486 -0.179436 0.020542 -0.385206 -0.318069
0.16486 -0.179436 0.020542 -0.385206 -0.318069
0.16486 -0.179436 0.020542 -0.385206 -0.318069
0.058123 -0.323295 -0.07169 -0.076476 0.185807
0.058123 -0.323295 -0.07169 -0.076476 0.185807
0.168622 -0.129832 0.016864 -0.269927 -0.075994
0.168622 -0.129832 0.016864 -0.269927 -0.075994
0.168622 -0.129832 0.016864 -0.269927 -0.075994
0.168622 -0.129832 0.016864 -0.269927 -0.075994
0.092695 -0.229448 -0.051359 -0.208975 0.06052
0.1386 -0.171487 -0.024937 -0.110029 0.098828
0.201812 -0.130048 0.038646 -0.030308 0.110412
0.24596 -0.059037 0.126178 0.077665 -0.041673
0.257681 -0.240483 0.108154 0.277685 0.149455
0.217417 -0.234609 0.068141 0.116753 0.104876
