0.095839 0.44636 -0.174136 0.445066 1.158066
0.109198 -0.359627 -0.03893 -0.265337 -0.055366
0.12305 -0.291394 0.00597 -0.161383 -0.106347
0.12305 -0.291394 0.00597 -0.161383 -0.106347
0.136843 -0.311259 -0.032099 -0.044519 0.06893
0.175736 -0.303826 -0.027251 0.137307 0.267542
0.175736 -0.303826 -0.027251 0.137307 0.267542
0.191752 -0.212965 -0.045499 -0.060112 0.204224
0.191752 -0.212965 -0.045499 -0.060112 0.204224
0.206195 -0.256371 -0.063271 -0.220313 0.035165
0.197479 -0.201513 -0.04706 -0.191467 0.136701
0.213621 -0.113002 0.070154 0.06268 0.077989
0.121469 -0.280794 -0.04854 -0.082285 0.200628
0.19155 -0.199491 0.039549 0.130556 0.074042
0.180431 -0.216428 0.030212 -0.127785 -0.090233
0.180431 -0.216428 0.030212 -0.127785 -0.090233
0.120607 -0.112571 0.028602 0.046854 0.115211
0.134767 -0.112952 0.020954 -0.009385 0.212335
0.134767 -0.112952 0.020954 -0.009385 0.212335
0.075729 -0.215724 0.00539 -0.024421 0.106058
0.116344 -0.214255 0.030198 -0.129883 -0.029088
0.12757 -0.21734 0.003448 -0.40997 -0.188806
0.058511 -0.296357 -0.075997 -0.339845 0.046444
0.161024 -0.180018 -0.021099 -0.335906 0.022795
0.161024 -0.180018 -0.021099 -0.335906 0.022795
0.189217 -0.179243 0.031752 -0.187915 -0.093249
0.142931 -0.181431 0.036781 0.11015 0.063647
0.17531 -0.160888 0.029186 -0.077831 0.00392
0.193186 -0.118816 0.066923 0.083299 0.042199
0.228042 -0.147956 0.130395 0.024248 -0.2321
0.208026 -0.180811 0.101066 0.112476 -0.031002
0.248371 -0.0758 0.113421 0.261815 0.165107
0.248371 -0.0758 0.113421 0.261815 0.165107
0.173506 -0.135195 0.028204 -0.319192 -0.227893
0.173506 -0.135195 0.028204 -0.319192 -0.227893
0.173506 -0.135195 0.028204 -0.319192 -0.227893
0.151776 -0.318344 -0.040044 -0.220485 0.11129
0.12982 -0.301458 -0.063619 -0.509636 -0.092247
0.223556 -0.109813 0.053383 -0.199492 -0.054323
0.094942 -0.290962 -0.048897 0.02685 0.258471
0.203193 -0.136944 0.066406 0.032436 -0.077004
0.203193 -0.136944 0.066406 0.032436 -0.077004
0.203193 -0.136944 0.066406 0.032436 -0.077004
0.266793 -0.068551 0.10261 -0.049483 -0.183005
0.266793 -0.068551 0.10261 -0.049483 -0.183005
0.266793 -0.068551 0.10261 -0.049483 -0.183005
0.316113 0.047117 0.173652 -0.090369 -0.366922
0.234672 -0.062229 0.137318 -0.020713 -0.308308
0.234672 -0.062229 0.137318 -0.020713 -0.308308
0.126387 -0.228516 0.020478 -0.109301 -0.160146
0.075807 -0.266212 -0.061801 0.100702 0.373753
0.069596 -0.143295 -0.017186 0.064286 0.119331
0.262499 -0.050607 0.066138 -0.461901 -0.364331
0.145377 -0.183798 -0.013018 -0.08795 0.137685
0.170046 -0.153009 0.011166 -0.098121 0.043261
0.118856 -0.13597 0.017082 -0.27424 -0.154878
0.093229 -0.170536 -0.024298 -0.444874 -0.186581
0.081432 -0.21625 -0.052594 -0.350151 -0.034797
0.056991 -0.288489 -0.054974 -0.125099 0.112132
0.220664 -0.202455 0.025088 -0.020953 0.069385
0.095792 -0.256214 -0.049013 -0.029876 0.156314
0.048637 -0.294854 -0.00883 0.102071 0.057757
0.155939 -0.27945 0.026349 0.054425 0.006528
0.081522 -0.35423 -0.082151 -0.187123 0.18114
0.13634 -0.281486 -0.094642 -0.463377 -0.012259
0.13634 -0.281486 -0.094642 -0.463377 -0.012259
0.089841 -0.275248 -0.082266 -0.489766 -0.109675
0.111546 -0.264831 -0.060434 -0.063793 0.236841
0.114969 -0.291164 -0.077155 -0.091392 0.288679
0.119896 -0.203842 -0.01516 -0.038482 0.133398
0.108886 -0.184536 -0.000125 -0.196901 -0.063925
0.108886 -0.184536 -0.000125 -0.196901 -0.063925
0.04531 -0.345813 -0.091994 -0.086505 0.243401
0.165287 -0.168118 0.060703 -0.099951 -0.158364
0.221007 -0.145005 0.063128 0.108884 0.09883
0.228854 -0.142 0.058548 0.06264 0.081793
0.22863 -0.1998 0.044486 -0.054288 0.079301
0.16952 -0.222915 0.037457 0.158994 0.116862
0.132878 -0.242604 -0.017475 0.0492 0.174262
0.201461 -0.312146 0.01493 0.133248 0.197941
0.152288 -0.31841 -0.034779 -0.055877 0.071711
0.152288 -0.31841 -0.034779 -0.055877 0.071711
0.152288 -0.31841 -0.034779 -0.055877 0.071711
0.273381 -0.207364 0.100629 0.116262 0.040921
0.200094 -0.250166 0.000617 -0.327674 -0.135063
-0.019115 -0.365772 -0.137612 -0.111024 0.285906
0.122436 -0.246305 -0.050821 -0.261568 0.052803
0.139317 -0.230992 -0.011898 0.008355 0.163233
0.210245 -0.137132 0.117608 0.345603 0.169014
0.074054 -0.336793 0.018442 0.218331 0.229628
-0.001967 -0.323978 -0.04044 -0.088334 -0.034301
0.009271 -0.446875 -0.059494 -0.012051 0.036412
-0.060711 -0.502502 -0.124896 -0.181621 0.063551
-0.060711 -0.502502 -0.124896 -0.181621 0.063551
0.010886 -0.574873 -0.140727 0.014577 0.356766
0.001107 -0.439332 -0.098339 0.040481 0.280929
0.069193 -0.210685 -0.005531 0.009814 0.043511
0.097437 -0.256578 -0.007527 0.150204 0.182826
0.097437 -0.256578 -0.007527 0.150204 0.182826
0.097437 -0.256578 -0.007527 0.150204 0.182826
0.097437 -0.256578 -0.007527 0.150204 0.182826
0.221233 -0.149665 0.091653 0.17421 -0.014009
0.160222 -0.154104 0.063843 0.202197 0.052193
0.160222 -0.154104 0.063843 0.202197 0.052193
-0.013622 -0.352684 -0.115536 0.064447 0.214576
-0.005473 -0.361574 -0.088054 0.07903 0.180587
-0.005473 -0.361574 -0.088054 0.07903 0.180587
-0.005473 -0.361574 -0.088054 0.07903 0.180587
-0.005473 -0.361574 -0.088054 0.07903 0.180587
-0.073271 -0.493092 -0.195366 -0.208812 0.202161
0.062915 -0.185926 -0.005629 0.191324 0.268323
0.101433 -0.16579 -0.043136 0.092583 0.300718
0.208474 -0.075568 0.088444 -0.010389 -0.128203
0.180613 -0.140718 0.022863 0.031546 0.113501
0.180613 -0.140718 0.022863 0.031546 0.113501
0.281806 -0.088875 0.062784 -0.11688 -0.168686
0.249738 -0.155413 0.087261 -0.249973 -0.394415
0.249738 -0.155413 0.087261 -0.249973 -0.394415
0.094296 -0.343894 -0.050045 -0.170247 0.025678
0.094296 -0.343894 -0.050045 -0.170247 0.025678
0.109974 -0.295344 -0.040617 -0.22994 -0.032842
0.109974 -0.295344 -0.040617 -0.22994 -0.032842
0.109974 -0.295344 -0.040617 -0.22994 -0.032842
0.211469 -0.180706 0.055602 0.053094 0.067976
0.232683 -0.166821 0.025685 -0.103975 -0.02371
0.124845 -0.247519 -0.091617 -0.035129 0.342897
0.122288 -0.30413 -0.092538 -0.118766 0.186821
0.175919 -0.24574 -0.01924 -0.177586 0.048042
0.149731 -0.219312 -0.019418 -0.215243 -0.000993
0.149731 -0.219312 -0.019418 -0.215243 -0.000993
0.149731 -0.219312 -0.019418 -0.215243 -0.000993
0.149731 -0.219312 -0.019418 -0.215243 -0.000993
0.27089 -0.062267 0.091991 0.028578 0.021285
0.259667 -0.073037 0.10809 0.086592 -0.068004
0.11391 -0.234369 0.013027 0.271819 0.247859
0.095036 -0.174324 -0.041889 0.075891 0.268213
0.157506 -0.172376 0.009381 -0.011835 0.129934
0.169579 -0.179384 -0.001676 -0.115163 0.058138
0.129316 -0.207407 -0.018893 -0.090291 0.026597
0.15717 -0.153154 0.012263 -0.039532 0.098045
0.278402 -0.046067 0.111236 -0.29283 -0.251291
0.10178 -0.247174 0.014665 -0.082093 -0.028622
0.157285 -0.188477 0.087968 0.011386 -0.07584
0.202488 -0.102173 0.166527 0.136013 -0.19086
0.277971 -0.014585 0.216722 0.413151 0.009104
0.230182 -0.102498 0.160571 0.459823 0.154379
0.308472 -0.178683 0.107047 0.107621 0.007039
0.193883 -0.262391 -0.018418 -0.20455 -0.008616
0.193883 -0.262391 -0.018418 -0.20455 -0.008616
0.193883 -0.262391 -0.018418 -0.20455 -0.008616
0.193176 -0.212554 0.036666 0.144226 0.134113
0.193176 -0.212554 0.036666 0.144226 0.134113
0.134537 -0.230808 -0.040038 0.107047 0.331102
0.134537 -0.230808 -0.040038 0.107047 0.331102
0.134537 -0.230808 -0.040038 0.107047 0.331102
0.171289 -0.228323 -0.051505 -0.198862 0.143043
0.18612 -0.174245 -0.025805 -0.154156 0.103214
0.18612 -0.174245 -0.025805 -0.154156 0.103214
0.18612 -0.174245 -0.025805 -0.154156 0.103214
0.18612 -0.174245 -0.025805 -0.154156 0.103214
0.18612 -0.174245 -0.025805 -0.154156 0.103214
0.23754 -0.209039 0.031509 0.193744 0.235995
0.271355 -0.150084 0.118064 0.063519 -0.039665
0.271355 -0.150084 0.118064 0.063519 -0.039665
0.285636 -0.127401 0.064586 -0.619795 -0.469533
0.285636 -0.127401 0.064586 -0.619795 -0.469533
0.285636 -0.127401 0.064586 -0.619795 -0.469533
0.281215 -0.156069 0.058227 -0.290377 -0.12465
0.276034 -0.105256 0.141943 0.134879 0.055436
0.225358 -0.188957 0.026677 0.145666 0.306081
0.225358 -0.188957 0.026677 0.145666 0.306081
0.129327 -0.264909 -0.068034 -0.064854 0.271755
0.138257 -0.126197 0.03604 -0.083157 -0.136823
0.039385 -0.316396 -0.06608 0.131902 0.332736
0.04523 -0.280442 -0.036529 0.199805 0.290171
0.096468 -0.248261 -0.022432 0.14911 0.248847
0.096468 -0.248261 -0.022432 0.14911 0.248847
0.096468 -0.248261 -0.022432 0.14911 0.248847
0.096468 -0.248261 -0.022432 0.14911 0.248847
0.096468 -0.248261 -0.022432 0.14911 0.248847
0.074655 -0.317544 -0.042765 0.053247 0.186853
0.074655 -0.317544 -0.042765 0.053247 0.186853
0.124626 -0.154968 0.021575 0.101845 0.123801
0.176844 -0.089576 0.01702 -0.154912 -0.078666
0.176844 -0.089576 0.01702 -0.154912 -0.078666
0.265847 -0.05618 0.09861 -0.01277 -0.041669
0.265155 -0.081097 0.08989 -0.1065 -0.115114
0.204178 -0.199863 -0.030858 -0.642681 -0.299994
0.204178 -0.199863 -0.030858 -0.642681 -0.299994
0.204178 -0.199863 -0.030858 -0.642681 -0.299994
0.204178 -0.199863 -0.030858 -0.642681 -0.299994
0.204178 -0.199863 -0.030858 -0.642681 -0.299994
0.204178 -0.199863 -0.030858 -0.642681 -0.299994
0.223412 -0.090345 0.028895 -0.657329 -0.415125
0.223412 -0.090345 0.028895 -0.657329 -0.415125
0.223412 -0.090345 0.028895 -0.657329 -0.415125
0.223412 -0.090345 0.028895 -0.657329 -0.415125
0.223412 -0.090345 0.028895 -0.657329 -0.415125
0.223412 -0.090345 0.028895 -0.657329 -0.415125
0.223412 -0.090345 0.028895 -0.657329 -0.415125
0.223412 -0.090345 0.028895 -0.657329 -0.415125
0.139913 -0.237533 0.005577 -0.186033 -0.155787
0.233938 -0.163707 0.11073 -0.03587 -0.182328
0.153436 -0.217502 0.019094 -0.238936 -0.259556
0.127599 -0.193804 0.004535 -0.03694 -0.037545
0.095922 -0.231282 0.023208 0.159586 0.051699
0.267057 -0.007772 0.090342 -0.04193 -0.130306
0.267057 -0.007772 0.090342 -0.04193 -0.130306
0.319509 -0.076339 0.090748 -0.082993 -0.185887
0.187461 -0.283369 -0.010049 0.132848 0.196963
0.267612 -0.104672 0.076907 0.082382 0.143513
0.19655 -0.155184 -0.017226 -0.125908 0.112037
0.074522 -0.312725 -0.093202 -0.168102 0.213655
0.074522 -0.312725 -0.093202 -0.168102 0.213655
0.218045 -0.156739 0.014256 -0.2939 -0.063472
0.218045 -0.156739 0.014256 -0.2939 -0.063472
0.178744 -0.162405 -0.012821 -0.161351 0.133614
0.178744 -0.162405 -0.012821 -0.161351 0.133614
0.177144 -0.171074 0.061651 0.148793 0.148156
0.111708 -0.175712 -0.004734 -0.05866 0.126404
0.145486 -0.221899 -0.001018 -0.076754 0.047016
0.228461 -0.127467 0.059656 -0.189201 -0.113086
0.225089 -0.194363 0.0368 -0.187346 -0.113174
0.235548 -0.13983 0.052216 -0.324201 -0.273924
0.235548 -0.13983 0.052216 -0.324201 -0.273924
0.235548 -0.13983 0.052216 -0.324201 -0.273924
0.214929 -0.190529 0.002713 -0.246617 -0.032749
0.214929 -0.190529 0.002713 -0.246617 -0.032749
0.257013 -0.144514 0.099621 0.010108 -0.106019
0.28246 -0.057778 0.092143 -0.188742 -0.255456
0.258363 -0.042957 0.117921 -0.001829 -0.184631
0.2157 -0.098812 0.029394 0.040391 0.122141
0.2157 -0.098812 0.029394 0.040391 0.122141
0.2157 -0.098812 0.029394 0.040391 0.122141
0.241772 -0.019258 0.003424 -0.341331 -0.070544
0.234225 -0.037532 0.013449 -0.255575 -0.015536
0.169286 -0.34386 0.029156 0.010201 -0.044978
0.180532 -0.265736 0.014843 0.251416 0.256621
0.226709 -0.175992 0.072132 0.094252 -0.073432
0.107488 -0.209833 0.009564 0.127178 0.127414
0.038329 -0.28938 -0.106887 0.009381 0.276219
0.038329 -0.28938 -0.106887 0.009381 0.276219
-0.068154 -0.326765 -0.197181 -0.178576 0.286266
0.044199 -0.186144 -0.07566 0.067636 0.275483
-0.020348 -0.541666 -0.219009 -0.009965 0.480936
-0.020348 -0.541666 -0.219009 -0.009965 0.480936
0.165558 -0.352384 -0.090001 -0.133173 0.317996
0.163552 -0.294741 0.031503 0.089091 0.084298
0.195104 -0.318262 0.0172 -0.041825 -0.070795
0.217499 -0.160806 0.116298 0.132688 -0.129677
0.217499 -0.160806 0.116298 0.132688 -0.129677
0.145216 -0.245383 -0.047572 -0.12732 0.076118
0.145216 -0.245383 -0.047572 -0.12732 0.076118
0.145216 -0.245383 -0.047572 -0.12732 0.076118
0.162783 -0.225606 -0.023248 -0.070574 0.140749
0.282673 -0.067875 0.107187 0.060393 0.107096
0.190179 -0.116852 0.015927 -0.032123 0.163312
0.190179 -0.116852 0.015927 -0.032123 0.163312
0.243405 -0.013847 0.060784 -0.1735 0.006822
0.233605 -0.182403 0.091165 0.335475 0.342821
0.233605 -0.182403 0.091165 0.335475 0.342821
0.209879 -0.172737 0.117583 0.428443 0.437585
0.153852 -0.304142 0.040917 0.553245 0.573014
0.153852 -0.304142 0.040917 0.553245 0.573014
0.153852 -0.304142 0.040917 0.553245 0.573014
0.153852 -0.304142 0.040917 0.553245 0.573014
0.199733 -0.232874 0.068635 0.349695 0.342425
0.199733 -0.232874 0.068635 0.349695 0.342425
0.199733 -0.232874 0.068635 0.349695 0.342425
0.199733 -0.232874 0.068635 0.349695 0.342425
0.25345 -0.079187 0.062586 -0.136327 -0.098954
0.25345 -0.079187 0.062586 -0.136327 -0.098954
0.25345 -0.079187 0.062586 -0.136327 -0.098954
0.140667 -0.28443 0.005011 -0.075867 -0.050946
0.116905 -0.356237 -0.081278 -0.371175 -0.063907
0.116905 -0.356237 -0.081278 -0.371175 -0.063907
0.116905 -0.356237 -0.081278 -0.371175 -0.063907
0.116905 -0.356237 -0.081278 -0.371175 -0.063907
0.168738 -0.33817 -0.043428 -0.007367 0.246398
0.186281 -0.262932 -0.052149 -0.140611 0.25586
0.186281 -0.262932 -0.052149 -0.140611 0.25586
0.186281 -0.262932 -0.052149 -0.140611 0.25586
0.186281 -0.262932 -0.052149 -0.140611 0.25586
0.186281 -0.262932 -0.052149 -0.140611 0.25586
0.185547 -0.378357 -0.065631 -0.075808 0.278948
0.158132 -0.350573 -0.024569 -0.029277 0.083868
0.237843 -0.269947 0.084257 0.287162 0.133994
0.237843 -0.269947 0.084257 0.287162 0.133994
0.268865 -0.080575 0.139799 0.144513 -0.118011
0.300263 -0.008971 0.125009 0.15314 0.044231
0.31011 0.009449 0.128772 0.104615 0.038204
0.16993 -0.078184 0.081267 0.04543 0.034631
0.141884 -0.143367 0.033682 -0.020116 0.099956
0.077837 -0.198716 -0.033635 -0.025273 0.192646
0.077837 -0.198716 -0.033635 -0.025273 0.192646
0.077837 -0.198716 -0.033635 -0.025273 0.192646
0.178944 -0.117944 0.030308 -0.03199 0.075435
0.156543 -0.200259 0.06269 -0.072197 -0.138464
0.12646 -0.342956 -0.026726 -0.070972 0.200921
0.171361 -0.191454 -0.010552 -0.113928 0.204204
0.138844 -0.166294 -0.04428 -0.338624 0.019871
0.138844 -0.166294 -0.04428 -0.338624 0.019871
0.138844 -0.166294 -0.04428 -0.338624 0.019871
0.138844 -0.166294 -0.04428 -0.338624 0.019871
0.22922 -0.066915 0.004795 -0.394265 -0.095598
0.22922 -0.066915 0.004795 -0.394265 -0.095598
0.22922 -0.066915 0.004795 -0.394265 -0.095598
0.22922 -0.066915 0.004795 -0.394265 -0.095598
0.22922 -0.066915 0.004795 -0.394265 -0.095598
0.22922 -0.066915 0.004795 -0.394265 -0.095598
0.292433 -0.061821 0.111282 -0.08117 -0.172851
0.292433 -0.061821 0.111282 -0.08117 -0.172851
0.197762 -0.160432 0.023035 0.018916 0.073455
0.197762 -0.160432 0.023035 0.018916 0.073455
0.171987 -0.169935 -0.009276 -0.111343 0.069833
0.052059 -0.257893 -0.061449 -0.103652 0.131143
0.052059 -0.257893 -0.061449 -0.103652 0.131143
0.185146 -0.158461 0.050041 -0.211603 -0.241771
0.204555 -0.163481 0.032875 -0.375035 -0.252848
0.204555 -0.163481 0.032875 -0.375035 -0.252848
0.204555 -0.163481 0.032875 -0.375035 -0.252848
0.204555 -0.163481 0.032875 -0.375035 -0.252848
0.204555 -0.163481 0.032875 -0.375035 -0.252848
0.204555 -0.163481 0.032875 -0.375035 -0.252848
0.204555 -0.163481 0.032875 -0.375035 -0.252848
0.238836 -0.074052 0.134829 -0.10033 -0.216869
0.122564 -0.271289 0.012748 -0.089862 0.032002
0.227283 -0.130604 0.052013 -0.133664 -0.069718
0.024665 -0.33309 -0.153781 -0.255921 0.170047
0.024665 -0.33309 -0.153781 -0.255921 0.170047
0.024665 -0.33309 -0.153781 -0.255921 0.170047
0.050115 -0.283733 -0.040408 -0.037056 -0.018874
-0.00582 -0.29498 -0.050443 0.145855 0.159835
0.067949 -0.287726 -0.032926 -0.122533 -0.038864
0.088379 -0.277521 -0.03306 -0.137943 0.049304
0.08352 -0.295644 -0.010206 0.167452 0.196409
0.262842 -0.18338 0.087505 0.047792 -0.044756
0.214532 -0.227681 0.010327 -0.113428 0.029081
0.150523 -0.271523 -0.027167 -0.029556 0.120859
0.137697 -0.2142 -0.019951 0.127549 0.336395
0.112186 -0.191118 -0.025323 -0.310538 -0.186227
0.112186 -0.191118 -0.025323 -0.310538 -0.186227
0.110295 -0.143109 0.035295 -0.199282 -0.226369
0.119503 -0.111991 0.032074 -0.2421 -0.181221
0.199724 -0.045283 0.13715 0.174075 0.009013
0.230006 -0.110357 0.146684 0.222554 0.096425
0.230006 -0.110357 0.146684 0.222554 0.096425
0.326425 -0.015834 0.177683 -0.019046 -0.104274
0.117743 -0.295099 0.041608 0.18409 0.208043
0.084699 -0.27404 0.032832 0.138131 0.098041
0.084699 -0.27404 0.032832 0.138131 0.098041
0.162262 -0.274549 0.046225 0.158672 0.215162
0.162262 -0.274549 0.046225 0.158672 0.215162
0.114084 -0.251794 0.022719 0.190039 0.344157
0.130993 -0.229154 0.024986 0.164334 0.296399
0.130993 -0.229154 0.024986 0.164334 0.296399
0.201407 -0.206427 0.035118 -0.121648 0.014014
0.132204 -0.297469 -0.053914 -0.305261 0.013901
0.024244 -0.362872 -0.071666 -0.022682 0.201489
0.036825 -0.338881 -0.054655 -0.06955 0.093908
0.036825 -0.338881 -0.054655 -0.06955 0.093908
0.156032 -0.274764 0.058799 0.143679 0.085491
0.156032 -0.274764 0.058799 0.143679 0.085491
0.052083 -0.33486 -0.029948 -0.075916 0.083449
-0.02169 -0.452361 -0.070171 -0.094414 0.10205
0.081405 -0.350718 -0.016807 0.266066 0.369356
0.081405 -0.350718 -0.016807 0.266066 0.369356
0.065563 -0.319616 -0.039009 0.073871 0.220269
0.065563 -0.319616 -0.039009 0.073871 0.220269
0.186585 -0.239098 0.040164 -0.203649 -0.211989
0.186585 -0.239098 0.040164 -0.203649 -0.211989
0.186585 -0.239098 0.040164 -0.203649 -0.211989
0.222 -0.203004 0.031772 0.059634 0.058915
0.190934 -0.161511 0.070067 0.180709 0.040109
0.039523 -0.234663 -0.056708 -0.066113 0.148753
-0.008002 -0.321748 -0.168323 -0.373594 0.161846
-0.008002 -0.321748 -0.168323 -0.373594 0.161846
0.188232 -0.176347 -0.005341 0.076432 0.259869
0.188232 -0.176347 -0.005341 0.076432 0.259869
0.126491 -0.212459 -0.023424 -0.039611 0.169963
0.234138 -0.106227 0.09405 0.140576 0.071299
0.234138 -0.106227 0.09405 0.140576 0.071299
0.131785 -0.299501 -0.059619 -0.363671 -0.007558
0.131785 -0.299501 -0.059619 -0.363671 -0.007558
0.073536 -0.291136 -0.11012 -0.424183 0.001003
0.135721 -0.321991 -0.083126 -0.264716 0.074125
0.169794 -0.297444 -0.063421 -0.40837 -0.094492
0.17815 -0.280435 -0.024561 -0.361628 -0.119892
0.17815 -0.280435 -0.024561 -0.361628 -0.119892
0.17815 -0.280435 -0.024561 -0.361628 -0.119892
0.206183 -0.222536 -0.000668 -0.278892 -0.058332
0.206183 -0.222536 -0.000668 -0.278892 -0.058332
0.206183 -0.222536 -0.000668 -0.278892 -0.058332
0.206183 -0.222536 -0.000668 -0.278892 -0.058332
0.206183 -0.222536 -0.000668 -0.278892 -0.058332
0.206183 -0.222536 -0.000668 -0.278892 -0.058332
0.189076 -0.266577 -0.013783 -0.326161 -0.097782
0.189076 -0.266577 -0.013783 -0.326161 -0.097782
0.189076 -0.266577 -0.013783 -0.326161 -0.097782
0.115261 -0.362215 -0.094081 -0.163469 0.151928
0.115261 -0.362215 -0.094081 -0.163469 0.151928
0.318235 -0.083451 0.140737 0.378248 0.255842
0.26073 -0.168716 0.143275 0.352149 0.187339
0.26073 -0.168716 0.143275 0.352149 0.187339
0.222541 -0.256422 0.075638 0.060858 0.061635
0.195487 -0.323524 0.040663 -0.029147 0.074068
0.195487 -0.323524 0.040663 -0.029147 0.074068
0.181822 -0.363437 -0.00155 0.062603 0.300988
0.165041 -0.360866 -0.041115 0.106027 0.346552
0.185487 -0.377116 -0.032078 -0.033669 0.090508
0.13377 -0.37933 -0.105626 -0.2342 0.107143
0.164073 -0.294455 -0.046298 -0.160205 0.112346
0.164073 -0.294455 -0.046298 -0.160205 0.112346
0.164073 -0.294455 -0.046298 -0.160205 0.112346
0.247631 -0.130855 0.033547 -0.293558 -0.109114
0.247631 -0.130855 0.033547 -0.293558 -0.109114
0.205277 -0.14437 0.099331 0.200551 0.046692
0.220018 -0.161079 0.002014 -0.370084 -0.14996
0.220018 -0.161079 0.002014 -0.370084 -0.14996
0.20115 -0.160599 0.046141 -0.032437 0.024987
0.203199 -0.082109 0.040509 -0.229954 -0.170447
0.260734 -0.06797 0.152246 -0.02018 -0.27145
0.162071 -0.195192 -0.016471 -0.305761 -0.09669
0.170274 -0.161564 -0.009506 -0.25222 -0.085261
0.170274 -0.161564 -0.009506 -0.25222 -0.085261
0.170274 -0.161564 -0.009506 -0.25222 -0.085261
0.170274 -0.161564 -0.009506 -0.25222 -0.085261
0.139122 -0.120937 0.041558 0.049293 0.182328
0.129386 -0.078908 0.032143 0.163612 0.165029
0.170187 -0.050865 -0.000404 -0.03189 0.103126
0.170187 -0.050865 -0.000404 -0.03189 0.103126
0.218046 -0.022725 0.045587 -0.170155 -0.249148
0.218046 -0.022725 0.045587 -0.170155 -0.249148
0.256904 0.000252 0.094757 -0.235351 -0.349082
0.256904 0.000252 0.094757 -0.235351 -0.349082
0.256904 0.000252 0.094757 -0.235351 -0.349082
0.256904 0.000252 0.094757 -0.235351 -0.349082
0.233745 -0.148585 0.084215 -0.368752 -0.415578
0.233745 -0.148585 0.084215 -0.368752 -0.415578
0.171371 -0.240267 0.004187 -0.3954 -0.312818
0.171371 -0.240267 0.004187 -0.3954 -0.312818
0.171371 -0.240267 0.004187 -0.3954 -0.312818
0.100915 -0.31294 -0.022928 -0.515113 -0.360186
0.100915 -0.31294 -0.022928 -0.515113 -0.360186
0.100915 -0.31294 -0.022928 -0.515113 -0.360186
0.100915 -0.31294 -0.022928 -0.515113 -0.360186
0.100915 -0.31294 -0.022928 -0.515113 -0.360186
0.049797 -0.266481 -0.04187 -0.379351 -0.138832
0.0136 -0.371511 -0.088012 -0.156504 0.203869
0.031406 -0.334389 -0.032133 -0.061128 0.021203
0.090988 -0.219271 -0.023025 -0.146474 -0.067831
0.181512 -0.16363 0.04498 -0.090408 -0.173309
0.062071 -0.29086 -0.045905 -0.069287 -0.007839
0.062071 -0.29086 -0.045905 -0.069287 -0.007839
0.091709 -0.229811 -0.031538 -0.148837 -0.077556
0.157642 -0.140325 -0.010837 -0.205637 -0.108747
0.157642 -0.140325 -0.010837 -0.205637 -0.108747
0.157642 -0.140325 -0.010837 -0.205637 -0.108747
0.258237 -0.116431 0.087327 0.034918 -0.049981
0.258237 -0.116431 0.087327 0.034918 -0.049981
0.134559 -0.25692 -0.062728 -0.301041 0.002986
0.081938 -0.357533 -0.07413 0.030978 0.26165
0.081938 -0.357533 -0.07413 0.030978 0.26165
0.063733 -0.339059 -0.080586 -0.124257 0.105269
0.218708 -0.094034 0.037822 -0.051951 0.000464
0.228715 -0.132022 0.037616 0.004699 0.074037
0.228715 -0.132022 0.037616 0.004699 0.074037
0.265293 -0.061145 0.091816 -0.019766 -0.000378
0.160052 -0.173907 -0.019282 -0.082655 0.111411
0.183258 -0.215559 0.025517 0.083144 0.126916
0.225855 -0.208704 0.029661 -0.175639 -0.115142
0.219415 -0.174864 0.022379 -0.176351 -0.026317
0.202681 -0.135903 0.047243 -0.106613 -0.05335
0.202681 -0.135903 0.047243 -0.106613 -0.05335
0.202681 -0.135903 0.047243 -0.106613 -0.05335
0.202681 -0.135903 0.047243 -0.106613 -0.05335
0.241442 -0.089556 0.131294 0.000743 -0.196827
0.226404 -0.156374 0.074352 0.075674 0.000681
0.247449 -0.098173 0.07376 0.086188 0.102368
0.204393 -0.104604 0.074481 0.181135 0.166543
0.173871 -0.213545 0.04596 0.118393 0.118341
0.166898 -0.196534 0.027621 -0.249341 -0.155909
0.234183 -0.128237 0.008724 -0.203069 0.054489
0.234183 -0.128237 0.008724 -0.203069 0.054489
0.234183 -0.128237 0.008724 -0.203069 0.054489
0.350208 0.004365 0.116117 0.01035 0.038859
0.350208 0.004365 0.116117 0.01035 0.038859
0.180945 -0.201393 0.011758 -0.399727 -0.080499
0.119849 -0.289752 -0.037349 -0.152499 0.147551
0.113221 -0.254945 -0.030762 0.061907 0.363897
0.248529 -0.075882 0.056536 0.054856 0.196267
0.248529 -0.075882 0.056536 0.054856 0.196267
0.238145 -0.08558 0.041893 -0.127282 -0.052883
0.297287 -0.033145 0.07946 -0.332053 -0.177092
0.289583 -0.12263 0.11989 -0.103984 -0.027292
0.173481 -0.159864 0.042966 0.206773 0.403396
0.132617 -0.313341 -0.063639 -0.082765 0.231003
0.118258 -0.302906 -0.053673 -0.137191 0.161563
0.206869 -0.179484 0.080651 0.023092 -0.018079
0.311536 -0.029271 0.115174 0.068466 0.077323
0.24114 -0.095348 0.044203 -0.029417 0.214672
0.24114 -0.095348 0.044203 -0.029417 0.214672
0.14833 -0.274663 -0.04846 0.05093 0.344182
0.215647 -0.140345 0.039359 0.126518 0.166451
0.215647 -0.140345 0.039359 0.126518 0.166451
0.19477 -0.123659 0.045201 0.050102 0.123109
0.149507 -0.178253 0.026718 0.120428 0.334084
0.149507 -0.178253 0.026718 0.120428 0.334084
0.212531 -0.157423 0.125273 0.441637 0.460023
0.212531 -0.157423 0.125273 0.441637 0.460023
0.212531 -0.157423 0.125273 0.441637 0.460023
0.212531 -0.157423 0.125273 0.441637 0.460023
0.212531 -0.157423 0.125273 0.441637 0.460023
0.211038 -0.212378 0.07616 0.06253 0.055673
0.272874 -0.078603 0.154018 0.145785 -0.073649
0.209356 -0.122415 0.065864 0.096613 0.028342
0.225919 -0.126696 0.063894 0.018485 -0.029476
0.225919 -0.126696 0.063894 0.018485 -0.029476
0.058047 -0.295222 -0.058354 -0.062067 0.103338
0.098678 -0.332532 -0.102087 -0.124188 0.263318
0.098678 -0.332532 -0.102087 -0.124188 0.263318
0.098678 -0.332532 -0.102087 -0.124188 0.263318
0.085962 -0.353884 -0.098101 0.098197 0.419039
0.195113 -0.248979 0.039083 0.10939 0.098813
0.195113 -0.248979 0.039083 0.10939 0.098813
0.195113 -0.248979 0.039083 0.10939 0.098813
0.096199 -0.366782 -0.035572 -0.015102 0.133282
0.193007 -0.241006 0.069746 -0.030515 -0.183772
0.143373 -0.226919 0.007908 -0.177968 0.012726
0.218632 -0.131967 0.108819 0.305521 0.058043
0.218632 -0.131967 0.108819 0.305521 0.058043
0.210092 -0.168872 0.09905 -0.10047 -0.340344
0.207969 -0.134512 0.04953 -0.087773 -0.195528
0.254659 -0.125578 0.106914 -0.0705 -0.271479
0.29545 -0.046448 0.09726 -0.131272 -0.121749
0.29545 -0.046448 0.09726 -0.131272 -0.121749
0.29545 -0.046448 0.09726 -0.131272 -0.121749
0.29545 -0.046448 0.09726 -0.131272 -0.121749
0.29545 -0.046448 0.09726 -0.131272 -0.121749
0.275452 -0.061285 0.09884 0.046087 0.013037
0.228432 -0.120454 0.038406 0.053042 0.136302
0.228929 -0.115003 0.045006 0.131744 0.226107
0.228929 -0.115003 0.045006 0.131744 0.226107
0.217019 -0.095239 -0.001434 -0.181888 -0.006128
0.23744 -0.085508 -0.004415 -0.346046 -0.064509
0.283249 -0.121564 0.053599 -0.281021 -0.161995
0.229392 -0.121031 0.047123 -0.033789 0.048971
0.266679 -0.0898 0.092144 -0.094859 -0.024409
0.29487 -0.063055 0.14941 0.348053 0.183895
0.313206 -0.012779 0.130878 0.232273 0.11933
0.298965 0.013644 0.093218 0.103658 0.191082
0.225809 -0.012457 0.093119 0.314845 0.296449
0.162227 -0.257691 -0.006659 0.279502 0.433684
0.162227 -0.257691 -0.006659 0.279502 0.433684
0.240518 -0.064023 0.057445 -0.113879 0.033618
0.077098 -0.236225 -0.026338 -0.007515 0.135213
0.190953 -0.14086 0.08051 0.106548 -0.027955
0.185125 -0.206812 0.008465 -0.263825 -0.130427
0.109878 -0.345217 -0.031536 -0.234508 -0.057187
0.172123 -0.283363 -0.046283 -0.020406 0.22276
0.154144 -0.332796 -0.110828 -0.037862 0.311791
0.207967 -0.29084 -0.100224 -0.160224 0.260092
0.237169 -0.243948 -0.039332 -0.348604 0.050921
0.205884 -0.200976 -0.020165 -0.302711 0.050912
0.297785 -0.115214 0.071765 -0.272111 -0.197897
0.297785 -0.115214 0.071765 -0.272111 -0.197897
0.259609 -0.138393 0.061072 0.171973 0.21805
0.259609 -0.138393 0.061072 0.171973 0.21805
0.238698 -0.137452 0.10067 0.057966 -0.155648
0.191764 -0.065642 0.135735 -0.028268 -0.343572
0.054161 -0.318934 -0.047005 -0.109234 -0.047594
0.123021 -0.311327 -0.102351 -0.248987 0.151618
0.123021 -0.311327 -0.102351 -0.248987 0.151618
0.194125 -0.244474 -0.03021 -0.086024 0.209744
0.143897 -0.263797 -0.030656 -0.067023 0.15686
0.196019 -0.104611 0.060485 0.036502 0.088059
0.254153 -0.09127 0.111137 0.060734 0.0026
0.254153 -0.09127 0.111137 0.060734 0.0026
0.231878 -0.105246 0.109777 0.116088 0.014404
0.295171 -0.070931 0.119288 0.127991 0.071449
0.196462 -0.241674 -0.038046 -0.216561 0.07918
0.207209 -0.166965 0.043794 -0.142658 -0.08742
0.229943 -0.16004 0.039306 -0.067607 -0.015428
0.263674 -0.078745 0.075686 0.015969 0.00021
0.206647 -0.106349 -0.016348 -0.256819 0.033929
0.206647 -0.106349 -0.016348 -0.256819 0.033929
0.155763 -0.216282 -0.002343 -0.089345 0.009432
0.126695 -0.254939 -0.010597 0.027055 0.207686
0.147931 -0.228162 0.039446 0.03775 -0.089895
0.164691 -0.15606 -0.002285 -0.140158 -0.059982
0.196062 -0.060534 0.045032 -0.050394 -0.026936
0.179217 -0.224296 0.034516 0.235845 0.18909
0.179217 -0.224296 0.034516 0.235845 0.18909
0.156809 -0.272229 0.003137 -0.016412 0.019855
0.113753 -0.312537 -0.10797 0.012571 0.376926
0.113753 -0.312537 -0.10797 0.012571 0.376926
0.113753 -0.312537 -0.10797 0.012571 0.376926
0.113753 -0.312537 -0.10797 0.012571 0.376926
0.232225 -0.224212 -0.009807 0.007896 0.241804
0.223101 -0.158157 -0.03907 -0.199063 0.171904
0.177932 -0.231738 -0.083965 -0.215099 0.181684
0.177932 -0.231738 -0.083965 -0.215099 0.181684
0.177932 -0.231738 -0.083965 -0.215099 0.181684
0.177932 -0.231738 -0.083965 -0.215099 0.181684
0.123902 -0.120403 0.017839 0.156242 0.146191
0.123902 -0.120403 0.017839 0.156242 0.146191
0.167209 -0.151602 0.045995 -0.15349 0.002281
0.223675 -0.085668 0.089437 -0.116158 -0.169398
0.223633 -0.134765 0.076528 -0.217134 -0.184724
0.223633 -0.134765 0.076528 -0.217134 -0.184724
0.223633 -0.134765 0.076528 -0.217134 -0.184724
0.223633 -0.134765 0.076528 -0.217134 -0.184724
0.223633 -0.134765 0.076528 -0.217134 -0.184724
0.223633 -0.134765 0.076528 -0.217134 -0.184724
0.223633 -0.134765 0.076528 -0.217134 -0.184724
0.145109 -0.2132 -0.009797 -0.467463 -0.330444
0.132007 -0.13415 -0.004446 -0.350775 -0.264765
0.132007 -0.13415 -0.004446 -0.350775 -0.264765
0.219083 0.003388 0.070737 -0.295592 -0.26692
0.219083 0.003388 0.070737 -0.295592 -0.26692
0.168825 -0.194149 0.115654 0.167304 -0.071518
0.252506 -0.006576 0.134672 -0.116286 -0.264633
0.252506 -0.006576 0.134672 -0.116286 -0.264633
0.218329 -0.055543 0.056839 -0.171852 -0.147152
0.221508 -0.167284 0.051885 -0.060967 -0.10915
0.223494 -0.178133 0.055083 0.14761 0.112294
0.223494 -0.178133 0.055083 0.14761 0.112294
0.223494 -0.178133 0.055083 0.14761 0.112294
0.235953 -0.147705 0.025256 -0.181764 -0.223055
0.203232 -0.20029 -0.006981 -0.165447 -0.111709
0.16859 -0.248492 -0.006337 -0.010576 0.046603
0.16859 -0.248492 -0.006337 -0.010576 0.046603
0.224147 -0.150146 0.064036 -0.073358 -0.188463
0.16508 -0.154699 -0.002087 0.044714 0.121188
0.159319 -0.029578 0.027927 -0.14794 -0.148179
0.059642 -0.167961 -0.031006 -0.021936 -0.007241
0.134246 -0.129136 0.096283 0.224397 -0.028604
0.187537 -0.0577 0.113095 0.105204 -0.140321
0.224237 -0.051864 0.130553 -0.07335 -0.413157
0.183691 -0.133477 0.024303 -0.298074 -0.215698
0.060468 -0.295501 -0.013386 -0.185578 -0.154902
0.029735 -0.362523 -0.043884 -0.105359 0.026941
0.111345 -0.338665 0.030191 0.139647 0.031761
0.177885 -0.322557 0.069783 0.180136 0.040005
0.177885 -0.322557 0.069783 0.180136 0.040005
0.126258 -0.363888 -0.026912 -0.051577 0.110277
0.119407 -0.293967 0.020197 0.062068 0.023279
0.330793 -0.159765 0.135168 0.04587 0.040462
0.35055 -0.043394 0.136969 -0.164592 -0.111521
0.250313 -0.084261 0.050998 -0.320338 -0.058011
0.217706 -0.089704 -0.023704 -0.80552 -0.343933
0.217706 -0.089704 -0.023704 -0.80552 -0.343933
0.217706 -0.089704 -0.023704 -0.80552 -0.343933
0.217706 -0.089704 -0.023704 -0.80552 -0.343933
0.217706 -0.089704 -0.023704 -0.80552 -0.343933
0.217706 -0.089704 -0.023704 -0.80552 -0.343933
0.217706 -0.089704 -0.023704 -0.80552 -0.343933
0.217706 -0.089704 -0.023704 -0.80552 -0.343933
0.217706 -0.089704 -0.023704 -0.80552 -0.343933
0.217706 -0.089704 -0.023704 -0.80552 -0.343933
0.217706 -0.089704 -0.023704 -0.80552 -0.343933
0.217706 -0.089704 -0.023704 -0.80552 -0.343933
0.217706 -0.089704 -0.023704 -0.80552 -0.343933
0.217706 -0.089704 -0.023704 -0.80552 -0.343933
0.217706 -0.089704 -0.023704 -0.80552 -0.343933
0.217706 -0.089704 -0.023704 -0.80552 -0.343933
0.217706 -0.089704 -0.023704 -0.80552 -0.343933
0.217706 -0.089704 -0.023704 -0.80552 -0.343933
0.217706 -0.089704 -0.023704 -0.80552 -0.343933
0.217706 -0.089704 -0.023704 -0.80552 -0.343933
0.217706 -0.089704 -0.023704 -0.80552 -0.343933
0.217706 -0.089704 -0.023704 -0.80552 -0.343933
0.217706 -0.089704 -0.023704 -0.80552 -0.343933
0.217706 -0.089704 -0.023704 -0.80552 -0.343933
0.217706 -0.089704 -0.023704 -0.80552 -0.343933
0.217706 -0.089704 -0.023704 -0.80552 -0.343933
0.217706 -0.089704 -0.023704 -0.80552 -0.343933
0.217706 -0.089704 -0.023704 -0.80552 -0.343933
0.217706 -0.089704 -0.023704 -0.80552 -0.343933
0.217706 -0.089704 -0.023704 -0.80552 -0.343933
0.217706 -0.089704 -0.023704 -0.80552 -0.343933
0.217706 -0.089704 -0.023704 -0.80552 -0.343933
0.217706 -0.089704 -0.023704 -0.80552 -0.343933
0.307095 -0.007651 0.097255 -0.369591 -0.28379
0.307095 -0.007651 0.097255 -0.369591 -0.28379
0.264515 -0.10337 0.063865 -0.253978 -0.222995
0.264515 -0.10337 0.063865 -0.253978 -0.222995
0.284181 -0.084069 0.080697 -0.21841 -0.198716
0.284181 -0.084069 0.080697 -0.21841 -0.198716
0.306219 -0.033794 0.143609 -0.271319 -0.383133
0.177515 -0.177734 0.011206 -0.367634 -0.23988
0.177515 -0.177734 0.011206 -0.367634 -0.23988
0.177515 -0.177734 0.011206 -0.367634 -0.23988
0.177515 -0.177734 0.011206 -0.367634 -0.23988
0.138153 -0.242548 -0.095544 -0.449068 0.007705
0.138153 -0.242548 -0.095544 -0.449068 0.007705
0.164145 -0.270166 -0.015268 -0.194325 -0.043676
0.101074 -0.385168 -0.070086 -0.147176 0.072464
0.101074 -0.385168 -0.070086 -0.147176 0.072464
-0.014761 -0.422553 -0.129353 -0.066714 0.162561
-0.031452 -0.512995 -0.086896 0.13569 0.144618
0.092404 -0.397154 -0.032059 -0.140091 -0.176769
0.092404 -0.397154 -0.032059 -0.140091 -0.176769
-0.027896 -0.509262 -0.086522 0.153209 0.231737
-0.021358 -0.530441 -0.069969 0.111156 0.144487
0.1707 -0.250102 0.134718 0.083096 -0.31418
0.1707 -0.250102 0.134718 0.083096 -0.31418
0.1707 -0.250102 0.134718 0.083096 -0.31418
0.105396 -0.292725 0.052648 -0.1439 -0.355598
0.095226 -0.357859 0.0012 -0.097955 -0.273702
0.095226 -0.357859 0.0012 -0.097955 -0.273702
0.13372 -0.369348 -0.028607 0.215121 0.232437
0.179546 -0.324719 0.021773 0.031625 -0.000437
0.186034 -0.351014 -0.042801 -0.263787 -0.015286
0.100001 -0.37696 -0.048139 -0.063238 0.1551
0.100001 -0.37696 -0.048139 -0.063238 0.1551
0.1862 -0.26946 0.003729 -0.162234 -0.069633
0.21263 -0.163264 0.033785 -0.286667 -0.159583
0.21263 -0.163264 0.033785 -0.286667 -0.159583
0.116782 -0.221324 -0.026959 -0.284534 -0.022224
0.116782 -0.221324 -0.026959 -0.284534 -0.022224
0.116782 -0.221324 -0.026959 -0.284534 -0.022224
0.242407 -0.041373 0.111079 -0.197727 -0.187856
0.141304 -0.109994 0.004623 -0.182329 0.025262
0.107115 -0.098266 -0.014409 -0.270726 0.030341
0.107115 -0.098266 -0.014409 -0.270726 0.030341
0.160651 -0.049537 0.009325 -0.504935 -0.214643
0.160651 -0.049537 0.009325 -0.504935 -0.214643
0.091349 -0.164188 -0.010448 -0.061064 0.02562
0.127986 -0.201294 0.050265 0.018639 -0.007469
0.233398 -0.047855 0.060132 -0.271307 -0.09977
0.233398 -0.047855 0.060132 -0.271307 -0.09977
0.19549 -0.194809 0.026924 -0.007653 0.101339
0.265825 -0.032175 0.101144 -0.096258 -0.145557
0.265825 -0.032175 0.101144 -0.096258 -0.145557
0.265825 -0.032175 0.101144 -0.096258 -0.145557
0.213633 -0.185625 0.03617 -0.040692 0.157827
0.213633 -0.185625 0.03617 -0.040692 0.157827
0.274154 -0.132637 0.077458 -0.102629 -0.002131
0.231734 -0.151719 0.024507 -0.214257 0.032469
0.22008 -0.186361 -0.031618 -0.476728 -0.044677
0.168756 -0.238441 -0.046035 -0.345271 0.049419
0.226631 -0.121349 0.025875 -0.235102 -0.003481
0.281572 -0.058314 0.066007 -0.259791 -0.139688
0.281572 -0.058314 0.066007 -0.259791 -0.139688
0.281572 -0.058314 0.066007 -0.259791 -0.139688
0.281572 -0.058314 0.066007 -0.259791 -0.139688
0.281572 -0.058314 0.066007 -0.259791 -0.139688
0.236322 -0.198914 0.002304 -0.416312 -0.046644
0.236322 -0.198914 0.002304 -0.416312 -0.046644
0.080082 -0.352379 -0.135733 -0.580849 0.011208
0.062866 -0.338334 -0.090988 -0.158638 0.258024
0.113714 -0.307109 -0.050177 -0.34919 -0.056092
0.11295 -0.286044 -0.0685 -0.288854 0.036836
0.11295 -0.286044 -0.0685 -0.288854 0.036836
0.086221 -0.210619 -0.030873 -0.013377 0.084012
0.210675 -0.230317 0.038503 0.096486 0.110564
0.245006 -0.22014 0.073325 0.127255 -0.093961
0.287041 -0.038905 0.093127 -0.120892 -0.211447
0.287041 -0.038905 0.093127 -0.120892 -0.211447
0.253346 -0.064776 0.038263 -0.091533 -0.008376
0.249508 -0.064783 0.041136 -0.131037 -0.051212
0.311963 -0.002924 0.111811 -0.377354 -0.401678
0.311963 -0.002924 0.111811 -0.377354 -0.401678
0.260479 -0.111742 0.058039 -0.498974 -0.390271
0.260479 -0.111742 0.058039 -0.498974 -0.390271
0.199619 -0.223681 0.014818 -0.179191 -0.033401
0.203164 -0.263186 -0.005177 -0.0175 0.094319
0.203164 -0.263186 -0.005177 -0.0175 0.094319
0.203164 -0.263186 -0.005177 -0.0175 0.094319
0.226942 -0.172434 0.034841 -0.033414 -0.014957
0.18881 -0.213182 0.022456 -0.151491 -0.126275
0.183899 -0.16783 0.014067 -0.378476 -0.295662
0.136963 -0.180993 -0.010034 -0.253007 -0.189978
0.268735 -0.044077 0.154037 -0.120813 -0.344377
0.336562 0.023571 0.184334 -0.055682 -0.323072
0.336562 0.023571 0.184334 -0.055682 -0.323072
0.336562 0.023571 0.184334 -0.055682 -0.323072
0.336562 0.023571 0.184334 -0.055682 -0.323072
0.336562 0.023571 0.184334 -0.055682 -0.323072
0.336562 0.023571 0.184334 -0.055682 -0.323072
0.336562 0.023571 0.184334 -0.055682 -0.323072
0.20244 -0.17448 0.049186 -0.085342 -0.118217
0.143781 -0.233601 0.019753 -0.092376 -0.107997
0.18213 -0.177842 0.02335 -0.274447 -0.234303
0.18213 -0.177842 0.02335 -0.274447 -0.234303
0.18213 -0.177842 0.02335 -0.274447 -0.234303
0.18213 -0.177842 0.02335 -0.274447 -0.234303
0.18213 -0.177842 0.02335 -0.274447 -0.234303
0.124511 -0.231653 -0.016604 -0.064146 0.13699
0.124511 -0.231653 -0.016604 -0.064146 0.13699
0.157776 -0.169491 0.026313 -0.207105 -0.043724
0.139599 -0.23375 -0.033602 -0.375836 -0.070236
0.320219 0.03905 0.132108 -0.161577 -0.151705
0.248145 -0.11265 0.042825 -0.044076 0.110014
0.260662 -0.113731 0.148091 0.300937 0.152284
0.260662 -0.113731 0.148091 0.300937 0.152284
0.271896 -0.158207 0.096875 0.206264 0.173592
0.203292 -0.241419 -0.019111 -0.164636 0.028138
0.234728 -0.266212 0.021821 -0.396612 -0.296827
0.171446 -0.343251 -0.021781 -0.393283 -0.202527
0.045266 -0.437362 -0.149792 -0.483409 0.047894
0.045266 -0.437362 -0.149792 -0.483409 0.047894
0.207484 -0.254735 0.081566 0.03477 -0.000653
0.224667 -0.174344 0.066677 -0.103153 -0.11683
0.089662 -0.325521 -0.014342 0.029581 0.065814
0.089662 -0.325521 -0.014342 0.029581 0.065814
0.168863 -0.242964 0.091624 0.411276 0.210178
0.273179 -0.035445 0.182097 0.219817 -0.008069
0.273179 -0.035445 0.182097 0.219817 -0.008069
0.273179 -0.035445 0.182097 0.219817 -0.008069
0.273179 -0.035445 0.182097 0.219817 -0.008069
0.273179 -0.035445 0.182097 0.219817 -0.008069
0.273179 -0.035445 0.182097 0.219817 -0.008069
0.273179 -0.035445 0.182097 0.219817 -0.008069
0.273179 -0.035445 0.182097 0.219817 -0.008069
0.223073 -0.1774 0.121088 0.0457 -0.213407
0.223073 -0.1774 0.121088 0.0457 -0.213407
0.203367 -0.127946 0.065808 -0.092103 -0.044657
0.203367 -0.127946 0.065808 -0.092103 -0.044657
0.203367 -0.127946 0.065808 -0.092103 -0.044657
0.35093 0.076475 0.215006 0.006018 -0.201851
0.35093 0.076475 0.215006 0.006018 -0.201851
0.22033 -0.129423 0.08271 -0.03627 0.078108
0.173417 -0.230741 -0.016233 -0.206064 0.137389
0.023179 -0.348915 -0.087269 -0.051588 0.286807
0.14116 -0.32394 -0.007055 0.023546 0.180489
0.241451 -0.107891 0.098359 -0.135656 -0.076417
0.242949 -0.124923 0.109516 -0.011079 -0.040797
0.107096 -0.278522 -0.058275 -0.224574 0.017199
0.154454 -0.227872 -0.000324 -0.173905 -0.04102
0.280391 -0.04808 0.126365 -0.144705 -0.314749
0.280391 -0.04808 0.126365 -0.144705 -0.314749
0.1105 -0.251073 -0.095503 -0.214679 0.118785
0.213846 -0.073558 0.095549 -0.105824 -0.21785
0.295379 0.033315 0.139218 -0.03836 -0.217631
0.320979 -0.001535 0.139515 -0.017349 -0.184079
0.258899 -0.084186 0.104132 0.007294 -0.053986
0.152092 -0.16611 -0.003546 -0.173547 -0.004023
0.166313 -0.141795 0.007528 -0.30541 -0.185056
0.166313 -0.141795 0.007528 -0.30541 -0.185056
0.166313 -0.141795 0.007528 -0.30541 -0.185056
0.208925 -0.135761 0.032164 -0.06026 -0.048043
0.121375 -0.220525 -0.003336 -0.100473 0.039016
0.19683 -0.213081 0.012889 -0.370497 -0.188028
0.19683 -0.213081 0.012889 -0.370497 -0.188028
0.201116 -0.277866 0.013406 -0.192238 -0.040411
0.188484 -0.297973 -0.00829 -0.066021 0.113674
0.163312 -0.185287 0.012284 0.251357 0.280912
0.163312 -0.185287 0.012284 0.251357 0.280912
0.163312 -0.185287 0.012284 0.251357 0.280912
0.263076 -0.143828 0.007297 -0.02972 0.125302
0.185263 -0.250048 -0.070079 -0.063886 0.279197
0.267514 -0.151811 0.055776 0.157274 0.206908
0.267514 -0.151811 0.055776 0.157274 0.206908
0.23064 -0.159616 -0.003247 -0.089087 0.099623
0.227491 -0.225436 -0.020912 -0.14397 0.093338
0.09849 -0.165678 -0.064059 -0.289572 0.047974
0.241681 -0.055905 0.052304 -0.241505 -0.144173
0.24232 -0.043468 0.076187 -0.208837 -0.093728
0.24232 -0.043468 0.076187 -0.208837 -0.093728
0.257523 -0.094164 0.09614 -0.114144 -0.111386
0.257523 -0.094164 0.09614 -0.114144 -0.111386
0.243327 -0.068535 0.047883 -0.296095 -0.150478
0.151294 -0.175403 -0.007669 -0.077957 -0.030563
0.151294 -0.175403 -0.007669 -0.077957 -0.030563
0.229933 -0.107827 0.092243 0.043634 -0.1137
0.179938 -0.026956 0.099895 0.112215 -0.036588
0.186017 -0.03032 0.124645 0.133527 -0.111386
0.214758 -0.179217 0.059381 0.12656 0.140168
0.286114 -0.027514 0.201435 0.345943 0.001492
0.255457 -0.076933 0.175187 0.174273 -0.069593
0.160591 -0.216692 0.096834 0.21039 0.035326
0.051737 -0.39779 -0.0836 -0.042057 0.234841
0.114281 -0.324474 -0.066235 -0.110741 0.224289
0.189514 -0.233784 0.040705 -0.074707 0.008933
0.181053 -0.254522 0.005492 -0.131343 0.064998
0.163128 -0.23761 -0.013672 -0.289311 0.0247
0.163128 -0.23761 -0.013672 -0.289311 0.0247
0.163128 -0.23761 -0.013672 -0.289311 0.0247
0.145168 -0.266364 0.025305 0.015362 0.14018
0.224332 -0.173271 0.030097 -0.259695 -0.070935
0.158934 -0.328181 0.01477 0.112863 0.117164
0.193504 -0.24828 0.05749 0.275261 0.260715
0.193504 -0.24828 0.05749 0.275261 0.260715
0.193504 -0.24828 0.05749 0.275261 0.260715
0.1719 -0.202881 0.05102 0.008724 0.017144
0.1719 -0.202881 0.05102 0.008724 0.017144
0.134452 -0.24325 -0.020327 -0.29029 -0.010843
0.134452 -0.24325 -0.020327 -0.29029 -0.010843
0.134452 -0.24325 -0.020327 -0.29029 -0.010843
0.134452 -0.24325 -0.020327 -0.29029 -0.010843
0.134452 -0.24325 -0.020327 -0.29029 -0.010843
0.244179 -0.194878 0.04474 -0.383691 -0.277027
0.244179 -0.194878 0.04474 -0.383691 -0.277027
0.244179 -0.194878 0.04474 -0.383691 -0.277027
0.136228 -0.233453 -0.039971 -0.303508 0.061208
0.136228 -0.233453 -0.039971 -0.303508 0.061208
0.181227 -0.168464 -0.007947 -0.347986 -0.049392
0.25817 -0.030002 0.120028 -0.25437 -0.342372
0.165752 -0.195361 0.021971 0.074569 0.052995
0.21492 -0.163206 0.083075 -0.074781 -0.297319
0.306843 -0.106147 0.141177 -0.116073 -0.427415
0.190759 -0.301737 0.031065 0.086005 0.117156
0.168314 -0.240968 -0.005243 -0.368705 -0.103457
0.168314 -0.240968 -0.005243 -0.368705 -0.103457
0.163449 -0.208606 0.00774 -0.315976 -0.135861
0.246254 -0.072144 0.066427 -0.397291 -0.325133
0.280143 -0.008268 0.127277 -0.138711 -0.210013
0.280143 -0.008268 0.127277 -0.138711 -0.210013
0.249564 -0.170072 0.052302 0.103526 0.168725
0.309811 0.077402 0.173752 0.121444 -0.054847
0.309811 0.077402 0.173752 0.121444 -0.054847
0.267151 -0.092852 0.124462 0.248484 0.111207
0.267151 -0.092852 0.124462 0.248484 0.111207
0.171366 -0.142025 0.046952 0.20231 0.257528
0.171366 -0.142025 0.046952 0.20231 0.257528
0.212003 -0.178138 0.032305 0.182344 0.29736
0.145462 -0.231845 -0.001223 -0.056841 0.061179
0.145462 -0.231845 -0.001223 -0.056841 0.061179
0.145462 -0.231845 -0.001223 -0.056841 0.061179
0.145462 -0.231845 -0.001223 -0.056841 0.061179
0.213623 -0.140225 0.061336 -0.014579 -0.060965
0.259121 -0.112541 0.099022 -0.012462 -0.182444
0.249034 -0.072984 0.137918 0.157641 -0.063353
0.262324 -0.05845 0.065516 -0.218461 -0.211992
0.27429 -0.029564 0.086624 -0.232532 -0.261079
0.27429 -0.029564 0.086624 -0.232532 -0.261079
0.27429 -0.029564 0.086624 -0.232532 -0.261079
0.212713 -0.069926 0.078796 0.150584 0.147443
0.10211 -0.198521 -0.079328 -0.250239 0.150436
0.141968 -0.150869 -0.029232 -0.251191 0.097587
0.171998 -0.095325 0.006222 -0.021427 0.197117
0.138984 -0.125006 -0.005843 -0.212685 -0.038309
0.158798 -0.13705 0.008025 -0.323777 -0.213428
0.20811 -0.197004 0.026271 0.060014 0.183124
0.162242 -0.273767 -0.024947 0.166352 0.315852
0.133137 -0.154229 -0.031946 -0.064929 0.189768
0.223092 -0.20317 0.062876 0.087712 0.091297
0.223092 -0.20317 0.062876 0.087712 0.091297
0.148062 -0.272934 -0.043644 -0.292995 -0.036671
0.269938 -0.129941 0.065395 -0.248328 -0.212228
0.269938 -0.129941 0.065395 -0.248328 -0.212228
0.269938 -0.129941 0.065395 -0.248328 -0.212228
0.269938 -0.129941 0.065395 -0.248328 -0.212228
0.255637 -0.114311 0.062515 -0.264742 -0.185706
0.255637 -0.114311 0.062515 -0.264742 -0.185706
0.255637 -0.114311 0.062515 -0.264742 -0.185706
0.255637 -0.114311 0.062515 -0.264742 -0.185706
0.255637 -0.114311 0.062515 -0.264742 -0.185706
0.25119 -0.12545 0.093866 -0.197327 -0.198286
0.213752 -0.100713 0.006725 -0.497331 -0.195185
0.213752 -0.100713 0.006725 -0.497331 -0.195185
0.213752 -0.100713 0.006725 -0.497331 -0.195185
0.213752 -0.100713 0.006725 -0.497331 -0.195185
0.213752 -0.100713 0.006725 -0.497331 -0.195185
0.213752 -0.100713 0.006725 -0.497331 -0.195185
0.213752 -0.100713 0.006725 -0.497331 -0.195185
0.184084 -0.135055 0.016212 -0.135165 -0.031544
0.128064 -0.217187 -0.060982 -0.157177 0.189334
0.182738 -0.224631 0.005398 0.079391 0.189176
0.182738 -0.224631 0.005398 0.079391 0.189176
0.238254 -0.150567 0.068224 0.239901 0.177028
0.238254 -0.150567 0.068224 0.239901 0.177028
0.217898 -0.302928 0.066003 0.035518 0.029208
0.256152 -0.172852 0.09306 0.007017 -0.096378
0.296604 -0.106655 0.108284 0.04395 -0.025436
0.273482 -0.165248 0.073556 -0.07588 -0.083363
0.279983 -0.106142 0.095419 -0.207374 -0.271707
0.279983 -0.106142 0.095419 -0.207374 -0.271707
0.245152 -0.092763 0.073628 -0.079764 -0.045558
0.216866 -0.15341 0.080211 0.035191 -0.019483
0.21923 -0.132857 0.029485 -0.165332 -0.055433
0.21923 -0.132857 0.029485 -0.165332 -0.055433
0.280229 -0.0458 0.132412 -0.053302 -0.206719
0.201912 -0.25699 0.047581 -0.051881 -0.06032
0.201912 -0.25699 0.047581 -0.051881 -0.06032
0.163816 -0.239674 0.025793 -0.338418 -0.24294
0.163816 -0.239674 0.025793 -0.338418 -0.24294
0.114236 -0.284423 -0.032573 -0.373192 -0.123758
0.114236 -0.284423 -0.032573 -0.373192 -0.123758
0.199274 -0.167983 0.063457 -0.138722 -0.094938
0.274266 -0.111259 0.095599 0.006992 0.039182
0.274266 -0.111259 0.095599 0.006992 0.039182
0.194085 -0.141844 0.027821 -0.124712 0.048343
0.194085 -0.141844 0.027821 -0.124712 0.048343
0.172933 -0.165689 -0.024773 -0.28636 -0.026696
0.202724 -0.148059 -0.03163 -0.504304 -0.090176
0.202724 -0.148059 -0.03163 -0.504304 -0.090176
0.202724 -0.148059 -0.03163 -0.504304 -0.090176
0.13107 -0.200714 -0.020767 0.013403 0.210777
0.13107 -0.200714 -0.020767 0.013403 0.210777
0.13107 -0.200714 -0.020767 0.013403 0.210777
0.22448 -0.134621 0.037099 -0.256514 -0.152715
0.2138 -0.144741 0.077007 0.087072 0.008259
0.118726 -0.275364 -0.013979 -0.128107 -0.043745
0.118726 -0.275364 -0.013979 -0.128107 -0.043745
0.118726 -0.275364 -0.013979 -0.128107 -0.043745
0.118726 -0.275364 -0.013979 -0.128107 -0.043745
0.111971 -0.335394 -0.026625 -0.108012 0.027064
0.253121 -0.095238 0.102216 0.180954 0.00017
0.1996 -0.201247 0.004497 -0.11398 -0.013752
0.1996 -0.201247 0.004497 -0.11398 -0.013752
0.1996 -0.201247 0.004497 -0.11398 -0.013752
0.209262 -0.163761 -0.008572 -0.512714 -0.22527
0.209262 -0.163761 -0.008572 -0.512714 -0.22527
0.209262 -0.163761 -0.008572 -0.512714 -0.22527
0.209262 -0.163761 -0.008572 -0.512714 -0.22527
0.209262 -0.163761 -0.008572 -0.512714 -0.22527
0.169695 -0.158606 -0.006282 -0.508359 -0.329065
0.169695 -0.158606 -0.006282 -0.508359 -0.329065
0.169695 -0.158606 -0.006282 -0.508359 -0.329065
0.256915 -0.112096 0.107997 0.233441 0.147035
0.145319 -0.150666 -0.04752 -0.402358 0.017216
0.145319 -0.150666 -0.04752 -0.402358 0.017216
0.153638 -0.248531 -0.036763 -0.117424 0.192975
0.15224 -0.176848 0.025289 -0.262079 -0.183595
0.15224 -0.176848 0.025289 -0.262079 -0.183595
0.15224 -0.176848 0.025289 -0.262079 -0.183595
0.15224 -0.176848 0.025289 -0.262079 -0.183595
0.15224 -0.176848 0.025289 -0.262079 -0.183595
0.05366 -0.292636 -0.091873 -0.327706 0.024284
0.05366 -0.292636 -0.091873 -0.327706 0.024284
0.05366 -0.292636 -0.091873 -0.327706 0.024284
0.05366 -0.292636 -0.091873 -0.327706 0.024284
0.05366 -0.292636 -0.091873 -0.327706 0.024284
0.05366 -0.292636 -0.091873 -0.327706 0.024284
0.05366 -0.292636 -0.091873 -0.327706 0.024284
0.16396 -0.2039 0.015025 -0.161695 -0.074849
0.11054 -0.266256 -0.047557 -0.135263 0.095968
0.182463 -0.207707 0.043166 0.043393 0.017556
0.182463 -0.207707 0.043166 0.043393 0.017556
0.182463 -0.207707 0.043166 0.043393 0.017556
0.204068 -0.148144 0.054425 -0.046577 0.023706
0.216314 -0.151481 0.02518 -0.035967 0.153434
0.121065 -0.213249 0.001246 0.110875 0.202189
0.121065 -0.213249 0.001246 0.110875 0.202189
0.121065 -0.213249 0.001246 0.110875 0.202189
0.091531 -0.231734 -0.032224 0.109173 0.278614
0.038694 -0.323773 -0.071766 0.054836 0.278477
0.10844 -0.195647 -0.058818 -0.363195 0.032202
0.096585 -0.215145 -0.071648 -0.259182 0.112991
0.096585 -0.215145 -0.071648 -0.259182 0.112991
0.157724 -0.084547 0.043964 -0.01419 -0.053141
0.203297 -0.188075 0.074175 -0.048852 -0.183432
0.203297 -0.188075 0.074175 -0.048852 -0.183432
0.106884 -0.249885 -0.061273 -0.291722 -0.030377
0.106884 -0.249885 -0.061273 -0.291722 -0.030377
0.106884 -0.249885 -0.061273 -0.291722 -0.030377
0.200745 -0.161753 0.039708 -0.161269 -0.125544
0.262522 -0.084724 0.096109 -0.250194 -0.249092
0.187969 -0.191477 0.047068 0.054473 0.088831
0.276484 -0.034686 0.133223 0.18199 -0.018264
0.268712 -0.062758 0.098649 0.230644 0.163278
0.217337 -0.156776 0.113886 0.361217 0.182876
0.098479 -0.283498 0.002573 0.16283 0.161831
0.251543 -0.139021 0.072745 0.090067 0.120531
0.251543 -0.139021 0.072745 0.090067 0.120531
0.251543 -0.139021 0.072745 0.090067 0.120531
0.178582 -0.24093 -0.019888 -0.232708 0.021753
0.192113 -0.268004 -0.070344 -0.394952 0.033356
0.169186 -0.270814 -0.062187 -0.255073 0.156693
0.169186 -0.270814 -0.062187 -0.255073 0.156693
0.169186 -0.270814 -0.062187 -0.255073 0.156693
0.297962 -0.122457 0.059606 0.005494 0.132595
0.275748 -0.07939 0.01755 -0.447592 -0.194985
0.217335 -0.060953 0.05188 -0.048574 0.056105
0.252288 -0.051829 0.043357 -0.171669 -0.014501
0.09064 -0.299291 -0.071207 -0.157337 0.146705
0.09064 -0.299291 -0.071207 -0.157337 0.146705
0.131996 -0.277942 -0.064437 -0.096679 0.241115
-0.002006 -0.449356 -0.100836 0.029196 0.298649
0.076319 -0.29691 -0.034277 0.007592 0.199368
0.216526 -0.195626 0.020623 -0.171141 -0.024017
0.224776 -0.119851 0.07907 -0.02922 -0.046724
0.132195 -0.195507 0.007644 -0.224103 -0.144349
0.082096 -0.252426 -0.081146 -0.345792 0.038092
0.156728 -0.116151 -0.019975 0.073873 0.237671
0.156728 -0.116151 -0.019975 0.073873 0.237671
0.153421 -0.196358 -0.005627 0.082122 0.199528
0.153421 -0.196358 -0.005627 0.082122 0.199528
0.256523 -0.156904 0.097128 -0.010387 -0.061053
0.194412 -0.187373 0.094971 0.051865 -0.013432
0.194412 -0.187373 0.094971 0.051865 -0.013432
0.186858 -0.21639 0.055556 0.072801 0.170273
0.194311 -0.155256 0.063604 0.159089 0.231284
0.193769 -0.251813 -0.020227 -0.144762 0.121459
0.193769 -0.251813 -0.020227 -0.144762 0.121459
0.233283 -0.152831 0.122874 0.165806 0.030641
0.155481 -0.258872 0.071835 0.134651 0.081827
0.194307 -0.22132 0.09287 0.166539 0.091926
0.250853 -0.109316 0.154341 0.243678 0.008503
0.182409 -0.257232 0.113072 0.224419 -0.019554
0.165474 -0.320479 0.092699 0.059854 -0.176232
0.218677 -0.288672 0.096563 0.12731 -0.056463
0.167929 -0.296483 0.034526 -0.186779 -0.048349
0.317052 -0.088143 0.109308 -0.149454 -0.130916
0.317052 -0.088143 0.109308 -0.149454 -0.130916
0.300553 -0.085368 0.144455 -0.022898 -0.206777
0.306085 -0.026972 0.129911 -0.273899 -0.342006
0.306085 -0.026972 0.129911 -0.273899 -0.342006
0.230176 -0.091098 0.020452 -0.365826 -0.139292
0.327903 0.046485 0.125093 -0.092216 -0.140022
0.327903 0.046485 0.125093 -0.092216 -0.140022
0.271803 0.009524 0.095519 0.05085 -0.033487
0.260261 -0.09542 0.095013 0.013929 -0.023582
0.260261 -0.09542 0.095013 0.013929 -0.023582
0.301363 -0.040826 0.091693 -0.336933 -0.243125
0.268873 -0.035475 0.094685 -0.368834 -0.297709
0.268873 -0.035475 0.094685 -0.368834 -0.297709
0.280744 0.003475 0.132325 -0.029143 -0.152825
0.252131 -0.035214 0.08974 -0.133659 -0.095621
0.252131 -0.035214 0.08974 -0.133659 -0.095621
0.170683 -0.166829 0.04468 0.115563 0.182306
0.170683 -0.166829 0.04468 0.115563 0.182306
0.268586 -0.134031 0.095086 -0.208531 -0.317606
0.268586 -0.134031 0.095086 -0.208531 -0.317606
0.205551 -0.20687 0.008883 -0.377512 -0.166805
0.205551 -0.20687 0.008883 -0.377512 -0.166805
0.270256 -0.076607 0.081981 -0.297678 -0.207954
0.306308 0.022013 0.162693 0.003997 -0.171675
0.19769 -0.050666 0.149066 0.117023 -0.217985
0.127722 -0.202718 0.072143 0.225814 0.112349
0.140437 -0.276526 0.005449 -0.072973 0.035957
0.140437 -0.276526 0.005449 -0.072973 0.035957
0.155947 -0.204516 -0.01229 -0.19758 0.047016
0.087452 -0.33869 -0.144752 -0.169993 0.286829
0.087452 -0.33869 -0.144752 -0.169993 0.286829
0.067735 -0.429318 -0.164743 0.036771 0.442494
0.121089 -0.301652 -0.058384 0.018803 0.022413
0.17063 -0.217138 0.014614 0.116994 -0.027663
0.200041 -0.18732 0.052771 0.123054 -0.091797
0.105257 -0.353466 -0.03792 -0.000864 0.062987
0.141411 -0.301246 -0.006591 0.158463 0.242103
0.133652 -0.253963 -0.020328 -0.095772 0.059056
0.163797 -0.196377 -0.068935 -0.250991 0.132692
0.163797 -0.196377 -0.068935 -0.250991 0.132692
0.163797 -0.196377 -0.068935 -0.250991 0.132692
0.122483 -0.252594 -0.061226 -0.249096 0.068044
0.051305 -0.378734 -0.093599 -0.079788 0.239347
0.123255 -0.224806 0.033733 0.331472 0.403442
0.194776 -0.199468 0.053259 0.172475 0.225644
0.194776 -0.199468 0.053259 0.172475 0.225644
0.190468 -0.208193 0.011195 0.066027 0.129977
0.190468 -0.208193 0.011195 0.066027 0.129977
0.192254 -0.202907 0.00863 -0.057792 0.118415
0.152506 -0.238903 -0.053922 -0.236129 0.16112
0.246395 -0.154287 0.008095 -0.317157 0.022191
0.193754 -0.164566 -0.013671 -0.372636 -0.035952
0.233929 -0.043707 0.039237 -0.242848 -0.056745
0.273577 0.016764 0.155027 0.254748 0.066722
0.273577 0.016764 0.155027 0.254748 0.066722
0.292759 -0.038696 0.094079 0.087139 0.156427
0.137972 -0.083574 0.038524 0.109956 0.173265
0.154757 -0.098938 0.050721 0.022906 0.015133
0.269293 -0.10836 0.075037 -0.158099 -0.155465
0.189638 -0.090388 0.066439 -0.209414 -0.227592
0.206399 -0.114132 0.055137 -0.232288 -0.178892
0.236122 -0.184392 0.028303 -0.09905 0.016535
0.129703 -0.240455 -0.026286 -0.094468 0.096132
0.024196 -0.442303 -0.138186 -0.262551 0.073416
0.115465 -0.312251 0.00978 0.143999 0.051139
0.197928 -0.112554 0.097262 0.031222 -0.136788
0.217734 -0.110162 0.104574 -0.019267 -0.206472
0.217734 -0.110162 0.104574 -0.019267 -0.206472
0.095149 -0.273562 -0.034876 -0.143905 -0.001595
0.2732 -0.058092 0.076816 -0.303402 -0.275444
0.254984 -0.146673 0.051414 -0.113629 -0.092038
0.254984 -0.146673 0.051414 -0.113629 -0.092038
0.217027 -0.110522 0.075357 0.141586 -0.006493
0.217027 -0.110522 0.075357 0.141586 -0.006493
0.174416 -0.142911 0.023603 0.015683 0.055339
0.174416 -0.142911 0.023603 0.015683 0.055339
0.174416 -0.142911 0.023603 0.015683 0.055339
0.213891 -0.112437 0.022304 -0.285971 -0.136639
0.203515 -0.129964 0.04906 -0.050984 -0.086469
0.22749 -0.06148 0.04047 -0.280219 -0.217986
0.209636 -0.137162 0.028066 -0.326573 -0.288282
0.209636 -0.137162 0.028066 -0.326573 -0.288282
0.098081 -0.190682 -0.022225 -0.090657 0.098123
0.08904 -0.294692 -0.063087 -0.34739 0.054834
0.118375 -0.15186 -0.013279 -0.372419 -0.087253
0.141275 -0.116494 0.022604 -0.097445 0.007714
0.118232 -0.111724 0.03996 0.0322 0.030207
0.118232 -0.111724 0.03996 0.0322 0.030207
0.247187 -0.037695 0.097149 0.0095 -0.036573
0.247187 -0.037695 0.097149 0.0095 -0.036573
0.274008 -0.137152 0.116778 -0.128173 -0.171665
0.223483 -0.165296 0.080288 0.008366 -0.003327
0.199722 -0.151665 -0.008603 -0.120407 0.153227
0.274237 -0.078427 0.062338 -0.326441 -0.16108
0.274237 -0.078427 0.062338 -0.326441 -0.16108
0.274237 -0.078427 0.062338 -0.326441 -0.16108
0.327475 0.043077 0.103525 -0.499436 -0.297762
0.327475 0.043077 0.103525 -0.499436 -0.297762
0.327475 0.043077 0.103525 -0.499436 -0.297762
0.299216 0.070388 0.154792 -0.362692 -0.421268
0.299216 0.070388 0.154792 -0.362692 -0.421268
0.190243 -0.054875 0.041787 -0.402681 -0.216387
0.190243 -0.054875 0.041787 -0.402681 -0.216387
0.190243 -0.054875 0.041787 -0.402681 -0.216387
0.190243 -0.054875 0.041787 -0.402681 -0.216387
0.13396 -0.210401 -0.009857 -0.428433 -0.330763
0.13396 -0.210401 -0.009857 -0.428433 -0.330763
0.205129 -0.11604 0.075093 -0.150031 -0.196007
0.227845 -0.083154 0.064123 -0.156898 -0.120807
0.227845 -0.083154 0.064123 -0.156898 -0.120807
0.215157 -0.141575 0.060705 0.000643 0.067006
0.215157 -0.141575 0.060705 0.000643 0.067006
0.173717 -0.222403 0.040427 0.219331 0.211368
0.139703 -0.314772 -0.082983 -0.086772 0.175616
0.108658 -0.396992 -0.119419 0.089601 0.493498
0.108658 -0.396992 -0.119419 0.089601 0.493498
0.195774 -0.265588 -0.005341 -0.108162 0.063817
0.279354 -0.179309 0.058716 -0.074117 -0.048709
0.276079 -0.123065 0.081802 -0.166684 -0.227955
0.276079 -0.123065 0.081802 -0.166684 -0.227955
0.273006 -0.146154 0.058777 0.069504 0.092934
0.273006 -0.146154 0.058777 0.069504 0.092934
0.242504 -0.150795 0.032454 -0.178737 -0.049105
0.18889 -0.243097 0.023137 0.217764 0.259795
0.256574 -0.104921 0.122053 0.099502 -0.043172
0.22712 -0.125182 0.084069 -0.069278 -0.175688
0.22712 -0.125182 0.084069 -0.069278 -0.175688
0.150601 -0.171279 0.044707 0.124692 0.091329
0.230917 -0.113999 0.089247 0.239234 0.227994
0.169879 -0.111616 0.04033 -0.178645 -0.030605
0.15213 -0.134675 0.024611 0.139598 0.186068
0.121052 -0.148468 0.07163 0.278592 0.169014
0.251261 -0.133909 0.103465 0.350407 0.22201
0.35476 -0.085102 0.101756 0.117121 0.068295
0.311175 -0.098485 0.05782 -0.083043 0.039471
0.31557 -0.096042 0.059982 -0.118404 0.057903
0.264832 -0.118094 0.082906 0.019238 0.033056
0.264832 -0.118094 0.082906 0.019238 0.033056
0.26142 -0.108041 0.0471 -0.01741 0.103387
0.26142 -0.108041 0.0471 -0.01741 0.103387
0.219411 -0.163517 0.035143 0.102316 0.212629
0.210333 -0.171197 0.058308 0.00258 0.060782
0.23782 -0.105237 0.067221 -0.030245 0.120872
0.28136 -0.045469 0.119598 0.005386 0.037761
0.389963 0.109026 0.236569 0.208597 -0.13172
0.257416 -0.056855 0.022079 -0.072244 0.121278
0.239314 -0.091045 0.045485 0.023619 0.025903
0.239314 -0.091045 0.045485 0.023619 0.025903
0.099492 -0.199569 -0.047106 0.238779 0.43051
0.126188 -0.243703 -0.073725 -0.109481 0.210583
0.126188 -0.243703 -0.073725 -0.109481 0.210583
0.126188 -0.243703 -0.073725 -0.109481 0.210583
0.126188 -0.243703 -0.073725 -0.109481 0.210583
0.211258 -0.087204 0.119316 0.181782 -0.077103
0.211258 -0.087204 0.119316 0.181782 -0.077103
