0.100351 -0.34059 -0.453097 0.729423 0.616682
0.227275 -0.177613 0.028276 -0.136898 0.028495
0.220062 -0.076817 0.06713 -0.118081 -0.13272
0.231218 -0.117331 0.056667 0.08494 0.148106
0.064509 -0.312874 -0.065763 -0.06598 0.120169
0.128678 -0.287487 0.003595 -0.030383 0.10592
0.128678 -0.287487 0.003595 -0.030383 0.10592
0.128678 -0.287487 0.003595 -0.030383 0.10592
0.083142 -0.255071 -0.059837 -0.169743 0.094449
0.210796 -0.107434 0.023455 -0.145666 -0.035635
0.214685 -0.064971 0.057735 -0.109282 -0.012634
0.090766 -0.266665 -0.09218 -0.199276 0.214875
0.090766 -0.266665 -0.09218 -0.199276 0.214875
0.101683 -0.218367 -0.075848 -0.362321 -0.051239
0.151819 -0.164194 -0.022875 -0.240908 -0.033181
0.191676 -0.049639 0.036525 -0.453293 -0.350514
0.217315 -0.058687 0.135521 -0.04744 -0.320898
0.168259 -0.205091 0.000747 -0.168823 -0.118749
0.132208 -0.213871 0.001582 0.212475 0.138232
0.137101 -0.116996 0.021518 -0.055435 -0.003113
0.113438 -0.12988 0.031189 -0.206847 -0.113402
0.18245 -0.116268 0.060466 -0.226254 -0.093559
0.172825 -0.13696 0.048413 -0.124538 0.040522
0.172825 -0.13696 0.048413 -0.124538 0.040522
0.149593 -0.178354 0.026512 -0.067774 0.183365
0.229438 0.007546 0.118109 -0.513838 -0.538568
0.229438 0.007546 0.118109 -0.513838 -0.538568
0.229438 0.007546 0.118109 -0.513838 -0.538568
0.229438 0.007546 0.118109 -0.513838 -0.538568
0.271717 0.030985 0.178314 -0.169118 -0.482371
0.271717 0.030985 0.178314 -0.169118 -0.482371
0.196692 -0.087604 0.070899 -0.334047 -0.317753
0.196692 -0.087604 0.070899 -0.334047 -0.317753
0.196692 -0.087604 0.070899 -0.334047 -0.317753
0.196692 -0.087604 0.070899 -0.334047 -0.317753
0.224645 -0.090388 0.076691 -0.192908 -0.229532
0.105838 -0.198282 -0.022012 -0.141018 0.104507
0.134848 -0.1647 0.0179 -0.218419 -0.028471
0.134848 -0.1647 0.0179 -0.218419 -0.028471
-8.6e-05 -0.383058 -0.105938 -0.050132 0.339622
0.068704 -0.133381 -0.036455 -0.408999 -0.208148
0.068704 -0.133381 -0.036455 -0.408999 -0.208148
0.068704 -0.133381 -0.036455 -0.408999 -0.208148
0.068704 -0.133381 -0.036455 -0.408999 -0.208148
-0.0628 -0.298947 -0.076009 0.058407 0.173059
0.06868 -0.25589 0.006811 0.133501 0.129954
0.06868 -0.25589 0.006811 0.133501 0.129954
0.06868 -0.25589 0.006811 0.133501 0.129954
0.085093 -0.260249 -0.025194 0.164426 0.339555
0.085093 -0.260249 -0.025194 0.164426 0.339555
0.13782 -0.189472 -0.003207 0.183918 0.316412
0.13782 -0.189472 -0.003207 0.183918 0.316412
0.167957 -0.186429 0.024926 0.049727 0.020102
0.167957 -0.186429 0.024926 0.049727 0.020102
0.1961 -0.212214 0.002339 -0.002441 0.019081
0.289132 -0.085756 0.058787 0.140993 0.128748
0.279521 -0.120079 0.071415 0.27969 0.250689
0.17896 -0.277915 -0.045509 -0.095954 0.179873
0.17896 -0.277915 -0.045509 -0.095954 0.179873
0.111134 -0.294833 -0.053949 0.084922 0.29258
0.111134 -0.294833 -0.053949 0.084922 0.29258
0.13136 -0.262064 -0.02653 0.021078 0.05787
0.169117 -0.273631 -0.012822 -0.015736 0.062827
0.155423 -0.310717 -0.025973 -0.063286 0.079129
0.214543 -0.15187 0.026987 -0.091369 -0.06611
0.140418 -0.199753 -0.031362 -0.044002 0.182058
0.140418 -0.199753 -0.031362 -0.044002 0.182058
0.112229 -0.183005 -0.005126 -0.015446 0.105474
0.200648 -0.086381 0.087075 -0.059266 -0.191348
0.200648 -0.086381 0.087075 -0.059266 -0.191348
0.162241 -0.200598 -0.045409 -0.11515 0.168613
0.154394 -0.179315 -0.068807 -0.27693 0.149883
0.112146 -0.223633 -0.041041 0.132741 0.377034
0.112146 -0.223633 -0.041041 0.132741 0.377034
0.112146 -0.223633 -0.041041 0.132741 0.377034
0.073773 -0.217317 -0.053004 0.061829 0.256863
0.125729 -0.298609 -0.110756 -0.378869 0.056657
0.125729 -0.298609 -0.110756 -0.378869 0.056657
0.125729 -0.298609 -0.110756 -0.378869 0.056657
0.176363 -0.170408 -0.029391 -0.443834 -0.066508
0.176363 -0.170408 -0.029391 -0.443834 -0.066508
0.176363 -0.170408 -0.029391 -0.443834 -0.066508
0.196492 -0.179982 0.024625 -0.194358 -0.032119
0.196492 -0.179982 0.024625 -0.194358 -0.032119
0.257263 -0.074221 0.061491 -0.040443 -0.012238
0.257263 -0.074221 0.061491 -0.040443 -0.012238
0.257263 -0.074221 0.061491 -0.040443 -0.012238
0.221209 -0.092182 0.030959 0.196594 0.316391
0.247389 -0.155249 0.076283 0.084385 0.007231
0.247389 -0.155249 0.076283 0.084385 0.007231
0.247389 -0.155249 0.076283 0.084385 0.007231
0.296398 -0.05703 0.085392 -0.423962 -0.348056
0.296398 -0.05703 0.085392 -0.423962 -0.348056
0.296398 -0.05703 0.085392 -0.423962 -0.348056
0.311201 -0.016197 0.171728 -0.215702 -0.409475
0.311201 -0.016197 0.171728 -0.215702 -0.409475
0.347205 0.018798 0.22815 0.015572 -0.375642
0.207869 -0.116689 0.089419 -0.113869 -0.269387
0.166171 -0.184514 0.008324 -0.30529 -0.156222
0.166171 -0.184514 0.008324 -0.30529 -0.156222
0.166171 -0.184514 0.008324 -0.30529 -0.156222
0.165129 -0.245863 -0.007085 -0.088702 0.060163
0.165129 -0.245863 -0.007085 -0.088702 0.060163
0.126503 -0.273911 -0.052834 -0.195388 0.067971
0.087818 -0.26696 -0.071656 -0.132616 0.138323
0.148366 -0.214338 -0.069573 -0.22984 0.155751
0.238371 -0.147951 0.046255 -0.000977 0.007244
0.237557 -0.135311 0.074647 0.088786 0.03824
0.208071 -0.157546 0.005502 -0.367584 -0.133558
0.208071 -0.157546 0.005502 -0.367584 -0.133558
0.148946 -0.202285 0.027833 -0.153044 -0.05905
0.141019 -0.203785 -0.047588 -0.346742 -0.044034
0.169076 -0.205637 0.013269 -0.065481 -0.000946
0.096043 -0.2452 -0.005699 0.144117 0.211596
0.088157 -0.318565 -0.043667 -0.219363 -0.092182
0.088157 -0.318565 -0.043667 -0.219363 -0.092182
0.122024 -0.415885 -0.091958 -0.290365 0.107914
0.122024 -0.415885 -0.091958 -0.290365 0.107914
0.122024 -0.415885 -0.091958 -0.290365 0.107914
0.122024 -0.415885 -0.091958 -0.290365 0.107914
0.133845 -0.380923 -0.084536 -0.331603 0.067501
0.236273 -0.168339 0.046226 -0.090061 0.15392
0.201836 -0.162172 0.080084 -0.096494 -0.033292
0.201836 -0.162172 0.080084 -0.096494 -0.033292
0.149 -0.246031 0.004263 -0.22842 -0.021136
0.149 -0.246031 0.004263 -0.22842 -0.021136
0.099974 -0.34276 -0.097271 -0.328222 0.06611
0.099974 -0.34276 -0.097271 -0.328222 0.06611
0.124046 -0.321242 -0.002342 -0.127704 -0.019532
0.189705 -0.240858 0.061748 -0.091237 -0.163182
0.068244 -0.296686 0.051662 0.197156 -4e-05
0.170776 -0.221866 0.06519 0.007141 0.057869
0.184804 -0.202068 0.027777 -0.140095 0.114434
0.190955 -0.087367 0.087403 0.159538 0.182642
0.189857 -0.182327 0.053845 0.254763 0.260543
0.202037 -0.173995 0.066882 0.156536 0.161904
0.202037 -0.173995 0.066882 0.156536 0.161904
0.196039 -0.168053 0.08065 0.154261 0.058342
0.157684 -0.109353 -0.00469 -0.048728 0.10026
0.172061 -0.069378 0.013844 -0.116792 0.065799
0.172061 -0.069378 0.013844 -0.116792 0.065799
0.211529 -0.104607 0.097295 -0.036222 -0.113739
0.116146 -0.219624 0.04218 0.041036 -0.055011
0.261017 -0.044022 0.078099 -0.281701 -0.244288
0.261017 -0.044022 0.078099 -0.281701 -0.244288
0.261017 -0.044022 0.078099 -0.281701 -0.244288
0.263921 -0.043988 0.079929 -0.101446 -0.037118
0.265939 -0.07298 0.083174 -0.128409 -0.075935
0.265939 -0.07298 0.083174 -0.128409 -0.075935
0.261095 -0.032679 0.072135 -0.170213 0.017903
0.284134 -0.026675 0.108459 -0.09652 0.020455
0.160715 -0.224373 -0.015785 -0.16045 0.113042
0.189421 -0.149608 0.068166 0.028723 0.066666
0.189421 -0.149608 0.068166 0.028723 0.066666
0.20569 -0.123863 0.099556 0.277512 0.250045
0.20569 -0.123863 0.099556 0.277512 0.250045
0.20569 -0.123863 0.099556 0.277512 0.250045
0.20569 -0.123863 0.099556 0.277512 0.250045
0.20569 -0.123863 0.099556 0.277512 0.250045
0.20569 -0.123863 0.099556 0.277512 0.250045
0.181681 -0.161056 0.060608 0.23484 0.262144
0.247493 -0.165281 0.039291 -0.081727 0.100555
0.041623 -0.367933 -0.105489 -0.338656 0.012572
0.085413 -0.295079 -0.065633 -0.154911 0.06948
0.085413 -0.295079 -0.065633 -0.154911 0.06948
0.085413 -0.295079 -0.065633 -0.154911 0.06948
0.080732 -0.333203 -0.068577 -0.053536 0.181405
0.159818 -0.176874 -0.027431 0.06524 0.324991
0.117096 -0.23033 -0.095796 -0.029413 0.32792
0.117096 -0.23033 -0.095796 -0.029413 0.32792
0.117096 -0.23033 -0.095796 -0.029413 0.32792
0.099555 -0.413183 -0.065998 0.031364 0.222786
0.099555 -0.413183 -0.065998 0.031364 0.222786
0.099555 -0.413183 -0.065998 0.031364 0.222786
0.25127 -0.176058 0.052802 -0.10548 -0.074269
0.27618 -0.126734 0.059446 -0.450314 -0.431389
0.27618 -0.126734 0.059446 -0.450314 -0.431389
0.27618 -0.126734 0.059446 -0.450314 -0.431389
0.27618 -0.126734 0.059446 -0.450314 -0.431389
0.27618 -0.126734 0.059446 -0.450314 -0.431389
0.257286 -0.123381 0.083759 -0.109041 -0.25147
0.257286 -0.123381 0.083759 -0.109041 -0.25147
0.235417 -0.134754 0.072014 -0.012873 -0.055925
0.235417 -0.134754 0.072014 -0.012873 -0.055925
0.269301 -0.15514 0.080877 0.013291 0.021639
0.269301 -0.15514 0.080877 0.013291 0.021639
0.247823 -0.147235 0.036116 -0.3092 -0.178657
0.26087 -0.035374 0.073723 -0.149493 -0.16823
0.279204 -0.05209 0.11457 -0.063017 -0.229327
0.229593 -0.099688 0.039288 -0.095379 0.004974
0.144165 -0.207196 -0.027443 -0.235091 -0.00621
0.101615 -0.243002 0.004733 -0.160984 -0.180432
0.061654 -0.304723 -0.058295 -0.109531 -0.012947
0.092249 -0.243504 -0.033539 -0.028979 0.072052
0.092249 -0.243504 -0.033539 -0.028979 0.072052
0.118371 -0.290795 -0.021372 0.010695 0.078684
0.118371 -0.290795 -0.021372 0.010695 0.078684
0.208338 -0.199661 0.04883 -0.035655 -0.044955
0.113786 -0.291576 -0.029709 -0.001636 0.151154
0.113786 -0.291576 -0.029709 -0.001636 0.151154
0.229806 -0.217598 0.011647 -0.178053 -0.019408
0.242759 -0.059997 0.107092 -0.203348 -0.168145
0.208157 -0.100811 0.011237 -0.323442 -0.088955
0.147182 -0.184093 -0.011471 0.090948 0.299463
0.111565 -0.197543 -0.040088 -0.035139 0.256482
0.116275 -0.186932 -0.007342 -0.317089 -0.241111
0.116275 -0.186932 -0.007342 -0.317089 -0.241111
0.197712 -0.19928 0.03445 -0.187238 -0.266229
0.239411 -0.209619 0.072264 -0.032721 -0.198063
0.190953 -0.325499 0.085166 0.111463 -0.178302
0.16737 -0.408465 0.013887 -0.111383 -0.146846
-0.096157 -0.699604 -0.189508 -0.172861 0.186534
-0.096157 -0.699604 -0.189508 -0.172861 0.186534
0.080133 -0.551833 -0.040793 -0.020185 0.061597
0.080133 -0.551833 -0.040793 -0.020185 0.061597
0.053463 -0.548733 -0.033727 -0.057713 -0.07703
0.040735 -0.637811 -0.118977 0.029171 0.228378
0.040735 -0.637811 -0.118977 0.029171 0.228378
0.080087 -0.453217 -0.018893 0.041832 -0.073335
0.080087 -0.453217 -0.018893 0.041832 -0.073335
0.080087 -0.453217 -0.018893 0.041832 -0.073335
0.036677 -0.473744 -0.113071 -0.034954 0.154969
0.078063 -0.377459 -0.059255 0.164424 0.238502
0.099845 -0.344153 -0.028497 0.222885 0.264429
0.148673 -0.318199 -0.049153 -0.434145 -0.095416
0.148673 -0.318199 -0.049153 -0.434145 -0.095416
0.148673 -0.318199 -0.049153 -0.434145 -0.095416
0.223051 -0.216147 -0.013311 -0.462055 -0.190117
0.223051 -0.216147 -0.013311 -0.462055 -0.190117
0.223051 -0.216147 -0.013311 -0.462055 -0.190117
0.223051 -0.216147 -0.013311 -0.462055 -0.190117
0.218535 -0.113747 0.057054 -0.280839 -0.237108
0.218535 -0.113747 0.057054 -0.280839 -0.237108
0.218535 -0.113747 0.057054 -0.280839 -0.237108
0.214719 -0.148915 0.027034 -0.176139 -0.100081
0.214719 -0.148915 0.027034 -0.176139 -0.100081
0.152449 -0.270584 0.031262 -0.055198 -0.056701
0.306463 -0.059256 0.108942 -0.08852 -0.098633
0.269756 -0.074015 0.077688 -0.030045 0.032498
0.219116 -0.11073 0.036754 0.05712 0.14118
0.213973 -0.142893 -0.017389 -0.393484 -0.150607
0.305661 -0.063117 0.090682 -0.261926 -0.230627
0.243314 -0.109036 0.076734 -0.099632 -0.043346
0.193296 -0.163426 0.015901 -0.22403 -0.002802
0.193296 -0.163426 0.015901 -0.22403 -0.002802
0.193296 -0.163426 0.015901 -0.22403 -0.002802
0.247967 -0.174115 0.049974 -0.030548 0.111883
0.228721 -0.068997 0.123822 0.054211 -0.072124
0.298516 -0.023355 0.157883 -0.097267 -0.338857
0.215843 -0.1109 0.043852 -0.13153 -0.139406
0.360952 -0.072942 0.135105 -0.334245 -0.489304
0.360952 -0.072942 0.135105 -0.334245 -0.489304
0.360952 -0.072942 0.135105 -0.334245 -0.489304
0.360952 -0.072942 0.135105 -0.334245 -0.489304
0.360952 -0.072942 0.135105 -0.334245 -0.489304
0.360952 -0.072942 0.135105 -0.334245 -0.489304
0.360952 -0.072942 0.135105 -0.334245 -0.489304
0.360952 -0.072942 0.135105 -0.334245 -0.489304
0.360952 -0.072942 0.135105 -0.334245 -0.489304
0.360952 -0.072942 0.135105 -0.334245 -0.489304
0.360952 -0.072942 0.135105 -0.334245 -0.489304
0.360952 -0.072942 0.135105 -0.334245 -0.489304
0.360952 -0.072942 0.135105 -0.334245 -0.489304
0.274377 -0.220845 0.061374 -0.080669 -0.090431
0.18532 -0.314453 -0.021705 -0.115317 0.010777
0.256037 -0.265544 0.013902 -0.068015 0.130205
0.146207 -0.372181 -0.07963 -0.095 0.261484
0.146207 -0.372181 -0.07963 -0.095 0.261484
0.181339 -0.249924 -0.089989 -0.442261 0.079634
0.181339 -0.249924 -0.089989 -0.442261 0.079634
0.181339 -0.249924 -0.089989 -0.442261 0.079634
0.192959 -0.254501 -0.049887 -0.327726 0.061051
0.192959 -0.254501 -0.049887 -0.327726 0.061051
0.192959 -0.254501 -0.049887 -0.327726 0.061051
0.118202 -0.397507 -0.045913 -0.264678 -0.097289
0.118202 -0.397507 -0.045913 -0.264678 -0.097289
0.118202 -0.397507 -0.045913 -0.264678 -0.097289
0.192517 -0.216641 0.064777 -0.073944 -0.223248
0.22869 -0.205018 0.046718 0.304814 0.264671
0.195498 -0.216634 0.025647 0.414312 0.514343
0.195498 -0.216634 0.025647 0.414312 0.514343
0.195498 -0.216634 0.025647 0.414312 0.514343
0.195498 -0.216634 0.025647 0.414312 0.514343
0.195498 -0.216634 0.025647 0.414312 0.514343
0.195498 -0.216634 0.025647 0.414312 0.514343
0.235516 -0.149736 0.060124 0.423866 0.413677
0.167178 -0.27505 0.001021 0.067198 0.141724
0.254353 -0.157928 0.092811 0.11176 -0.048161
0.208039 -0.118408 0.024984 -0.014357 0.002525
0.151086 -0.145455 0.009978 -0.247275 -0.180054
0.219602 -0.071003 0.040381 -0.044222 0.009928
0.235386 -0.135871 0.038279 -0.080559 0.01406
0.090081 -0.276023 -0.112568 -0.348363 -0.00487
0.089096 -0.226875 -0.10418 -0.507827 -0.01902
0.089096 -0.226875 -0.10418 -0.507827 -0.01902
0.093771 -0.204137 -0.090367 -0.336934 0.092842
0.093771 -0.204137 -0.090367 -0.336934 0.092842
0.08574 -0.257921 -0.05703 0.083935 0.289423
0.091509 -0.273647 -0.056088 -0.001526 0.115249
0.091509 -0.273647 -0.056088 -0.001526 0.115249
0.066659 -0.310428 -0.057502 -0.139651 0.071031
0.062415 -0.276681 -0.051882 -0.172727 0.05242
0.154117 -0.176771 -0.012982 0.143655 0.260742
0.077916 -0.217233 -0.059665 -0.319315 -0.04986
0.077916 -0.217233 -0.059665 -0.319315 -0.04986
0.135151 -0.153009 -0.02535 -0.360902 -0.096087
0.123107 -0.209619 -0.037874 -0.292404 -0.086441
0.123107 -0.209619 -0.037874 -0.292404 -0.086441
0.162834 -0.224734 -0.034408 -0.435382 -0.149401
0.162834 -0.224734 -0.034408 -0.435382 -0.149401
0.162834 -0.224734 -0.034408 -0.435382 -0.149401
0.119496 -0.289013 -0.03582 -0.13292 0.072935
0.119496 -0.289013 -0.03582 -0.13292 0.072935
0.09679 -0.235878 -0.021822 -0.274216 -0.132171
0.09679 -0.235878 -0.021822 -0.274216 -0.132171
0.09679 -0.235878 -0.021822 -0.274216 -0.132171
0.09679 -0.235878 -0.021822 -0.274216 -0.132171
-0.000442 -0.443635 -0.097305 0.126745 0.379069
-0.000442 -0.443635 -0.097305 0.126745 0.379069
0.061926 -0.364898 -0.028838 0.38204 0.399305
0.061926 -0.364898 -0.028838 0.38204 0.399305
0.061926 -0.364898 -0.028838 0.38204 0.399305
0.212721 -0.195511 0.058662 0.120627 0.132319
0.106904 -0.257489 -0.022687 -0.143904 0.10118
0.303501 -0.044207 0.15282 0.072749 -0.115195
0.303501 -0.044207 0.15282 0.072749 -0.115195
0.303501 -0.044207 0.15282 0.072749 -0.115195
0.210566 -0.082911 0.088112 -0.033778 -0.103241
0.222221 -0.081112 0.076954 0.092841 0.04801
0.222221 -0.081112 0.076954 0.092841 0.04801
0.224568 -0.128967 0.020393 -0.287424 -0.182974
0.224568 -0.128967 0.020393 -0.287424 -0.182974
0.224568 -0.128967 0.020393 -0.287424 -0.182974
0.224568 -0.128967 0.020393 -0.287424 -0.182974
0.165628 -0.106158 0.003098 -0.233063 -0.031343
0.165628 -0.106158 0.003098 -0.233063 -0.031343
0.120614 -0.154548 0.063373 0.007811 -0.17368
0.129008 -0.189595 0.067801 0.125983 -0.022145
0.129008 -0.189595 0.067801 0.125983 -0.022145
0.134099 -0.168111 0.057428 0.237202 0.178226
0.065744 -0.200214 0.008661 0.030644 0.020209
0.143303 -0.191608 0.047358 0.016083 -0.044544
0.131285 -0.347595 -0.055056 -0.154216 0.107538
0.185105 -0.232075 -0.03069 -0.078364 0.136022
0.183416 -0.127298 -0.000944 -0.25376 -0.086221
0.2362 -0.163584 0.058607 -0.212776 -0.162462
0.185432 -0.162179 0.029094 -0.28478 -0.200192
0.185432 -0.162179 0.029094 -0.28478 -0.200192
0.187749 -0.125864 0.050221 -0.185827 -0.133349
0.113897 -0.191356 0.077523 0.215209 0.100398
0.077521 -0.237055 -0.024817 -0.112953 -0.041808
0.048199 -0.26963 -0.038819 0.006643 0.111077
0.14466 -0.133897 0.039972 0.032799 0.055189
0.02838 -0.3075 -0.085187 -0.102641 0.082866
0.02838 -0.3075 -0.085187 -0.102641 0.082866
0.059121 -0.251712 -0.051457 -0.027485 0.124601
0.201771 -0.09688 0.068736 -0.264803 -0.274891
0.207477 -0.082466 0.051973 -0.216442 -0.226425
0.208966 -0.187374 0.008777 -0.246732 -0.099487
0.208966 -0.187374 0.008777 -0.246732 -0.099487
0.208966 -0.187374 0.008777 -0.246732 -0.099487
0.108219 -0.314424 -0.074892 -0.200436 0.030073
0.100212 -0.422227 -0.074026 -0.189876 -0.018783
0.112446 -0.359202 -0.061354 -0.217174 0.11921
0.112446 -0.359202 -0.061354 -0.217174 0.11921
0.112446 -0.359202 -0.061354 -0.217174 0.11921
0.112446 -0.359202 -0.061354 -0.217174 0.11921
0.150194 -0.27635 -0.015423 -0.190179 0.020422
0.150194 -0.27635 -0.015423 -0.190179 0.020422
0.150194 -0.27635 -0.015423 -0.190179 0.020422
0.150194 -0.27635 -0.015423 -0.190179 0.020422
0.167635 -0.137043 0.029833 0.028068 0.062784
0.130538 -0.254093 -0.046103 0.033742 0.226103
0.130538 -0.254093 -0.046103 0.033742 0.226103
0.130538 -0.254093 -0.046103 0.033742 0.226103
0.190017 -0.17199 0.009941 0.015026 0.071273
0.190017 -0.17199 0.009941 0.015026 0.071273
0.16396 -0.230739 -0.056134 -0.157961 0.096377
0.180975 -0.223223 -0.026427 -0.295443 -0.0384
0.180975 -0.223223 -0.026427 -0.295443 -0.0384
0.263332 -0.062683 0.038602 -0.275182 -0.087297
0.263332 -0.062683 0.038602 -0.275182 -0.087297
0.263332 -0.062683 0.038602 -0.275182 -0.087297
0.234356 -0.146363 0.02706 -0.212633 -0.006867
0.154639 -0.267198 -0.044977 -0.126224 0.194353
0.247336 -0.076178 0.052096 -0.273313 -0.289454
0.247336 -0.076178 0.052096 -0.273313 -0.289454
0.229848 -0.161132 0.042209 0.018304 0.003147
0.229848 -0.161132 0.042209 0.018304 0.003147
0.229848 -0.161132 0.042209 0.018304 0.003147
0.105778 -0.218079 -0.051091 -0.182742 0.055243
0.235109 -0.027622 0.09807 0.069473 -0.038255
0.235109 -0.027622 0.09807 0.069473 -0.038255
0.235109 -0.027622 0.09807 0.069473 -0.038255
0.235109 -0.027622 0.09807 0.069473 -0.038255
0.098052 -0.222816 -0.014419 -0.161734 -0.068849
0.098052 -0.222816 -0.014419 -0.161734 -0.068849
0.136832 -0.27823 0.016174 -0.2605 -0.174985
0.164186 -0.238847 0.043674 -0.165171 -0.228862
0.164186 -0.238847 0.043674 -0.165171 -0.228862
0.164186 -0.238847 0.043674 -0.165171 -0.228862
0.09429 -0.409269 -0.01811 0.010325 -0.039828
0.218985 -0.292773 0.041212 -0.27055 -0.339601
0.143137 -0.271133 -0.027296 -0.162281 -0.098656
0.128393 -0.342091 -0.026293 -0.093943 -0.024616
0.128393 -0.342091 -0.026293 -0.093943 -0.024616
0.128393 -0.342091 -0.026293 -0.093943 -0.024616
0.128393 -0.342091 -0.026293 -0.093943 -0.024616
0.131508 -0.341203 -0.027291 -0.186426 -0.092335
0.105308 -0.436754 0.009128 0.323787 0.291154
0.077975 -0.506696 -0.056196 -0.230723 0.022913
0.09793 -0.421769 -0.087041 -0.609209 -0.219213
0.09793 -0.421769 -0.087041 -0.609209 -0.219213
0.136996 -0.379142 -0.009844 -0.097056 -0.014596
0.074365 -0.396526 0.003695 0.271659 0.263775
0.07919 -0.358567 -0.022378 0.145686 0.21388
0.07919 -0.358567 -0.022378 0.145686 0.21388
0.07919 -0.358567 -0.022378 0.145686 0.21388
0.077778 -0.298821 -0.030567 -0.039246 0.008168
0.247287 -0.006035 0.127683 -0.184626 -0.367616
0.247287 -0.006035 0.127683 -0.184626 -0.367616
0.247287 -0.006035 0.127683 -0.184626 -0.367616
0.247287 -0.006035 0.127683 -0.184626 -0.367616
0.247287 -0.006035 0.127683 -0.184626 -0.367616
0.170269 -0.132648 0.017666 -0.23819 -0.223369
0.207135 -0.11054 0.005147 -0.2353 -0.023956
0.164077 -0.187453 0.026771 -0.045699 -0.062601
0.079947 -0.29338 -0.097872 -0.457587 -0.022759
0.079947 -0.29338 -0.097872 -0.457587 -0.022759
0.079947 -0.29338 -0.097872 -0.457587 -0.022759
0.079947 -0.29338 -0.097872 -0.457587 -0.022759
0.079947 -0.29338 -0.097872 -0.457587 -0.022759
0.192444 -0.224519 -0.041403 -0.423246 -0.05662
0.176252 -0.235026 -0.037534 -0.256225 0.07714
0.176252 -0.235026 -0.037534 -0.256225 0.07714
0.176252 -0.235026 -0.037534 -0.256225 0.07714
0.176252 -0.235026 -0.037534 -0.256225 0.07714
0.256727 -0.082133 0.012523 -0.396484 -0.157684
0.256727 -0.082133 0.012523 -0.396484 -0.157684
0.256727 -0.082133 0.012523 -0.396484 -0.157684
0.22164 -0.143988 0.051459 -0.004375 -0.01231
0.28315 -0.047246 0.084308 0.016309 0.002183
0.191441 -0.155886 0.001798 -0.359139 -0.149994
0.191441 -0.155886 0.001798 -0.359139 -0.149994
0.162396 -0.184016 0.044474 -0.065751 -0.247213
0.183413 -0.076476 0.0915 -0.088043 -0.346165
0.183413 -0.076476 0.0915 -0.088043 -0.346165
0.177603 -0.059664 0.066645 -0.149979 -0.303423
0.177603 -0.059664 0.066645 -0.149979 -0.303423
0.219584 -0.096668 0.095954 -0.071896 -0.20936
0.17236 -0.236105 0.011431 0.187109 0.237475
0.179405 -0.247153 -0.015036 -0.058924 0.055573
0.234049 -0.199428 0.041747 -0.048324 -0.081482
0.234049 -0.199428 0.041747 -0.048324 -0.081482
0.213723 -0.190787 0.014415 0.068297 0.148837
0.137575 -0.251619 -0.025851 0.276529 0.284636
0.212929 -0.082659 0.018052 -0.039152 -0.014085
0.304145 0.047319 0.209715 0.171646 -0.095673
0.270187 -0.033007 0.136702 0.297731 0.135325
0.278817 -0.004581 0.15197 0.232295 0.048983
0.203671 -0.159494 0.035005 0.139312 0.284948
0.183504 -0.220076 0.055927 0.041497 0.049527
0.177299 -0.284579 0.006415 -0.062316 0.062834
0.212009 -0.199169 0.049971 -0.060096 -0.02741
0.212009 -0.199169 0.049971 -0.060096 -0.02741
0.171893 -0.096525 -0.041244 -0.433132 -0.11874
0.171893 -0.096525 -0.041244 -0.433132 -0.11874
0.182274 -0.154127 0.010548 0.074914 0.249006
0.24723 -0.116259 0.056233 -0.118437 -0.057831
0.24723 -0.116259 0.056233 -0.118437 -0.057831
0.24723 -0.116259 0.056233 -0.118437 -0.057831
0.24723 -0.116259 0.056233 -0.118437 -0.057831
0.24723 -0.116259 0.056233 -0.118437 -0.057831
0.24723 -0.116259 0.056233 -0.118437 -0.057831
0.257386 -0.088778 0.067149 -0.250625 -0.290675
0.257386 -0.088778 0.067149 -0.250625 -0.290675
0.257386 -0.088778 0.067149 -0.250625 -0.290675
0.257386 -0.088778 0.067149 -0.250625 -0.290675
0.114069 -0.143615 -0.024108 -0.292543 -0.073569
0.077704 -0.224303 -0.06635 -0.328959 0.021336
0.101824 -0.242018 -0.03111 -0.445005 -0.215115
0.175017 -0.238059 0.013104 -0.222208 -0.164633
0.199621 -0.198136 0.140156 0.159242 -0.154064
0.305372 -0.039452 0.225766 0.050615 -0.38585
0.305372 -0.039452 0.225766 0.050615 -0.38585
0.270998 -0.014101 0.162647 -0.117901 -0.354266
0.270998 -0.014101 0.162647 -0.117901 -0.354266
0.270998 -0.014101 0.162647 -0.117901 -0.354266
0.270998 -0.014101 0.162647 -0.117901 -0.354266
0.173653 -0.185058 0.048373 -0.088451 -0.240666
0.173653 -0.185058 0.048373 -0.088451 -0.240666
0.154209 -0.210646 0.059218 -0.014298 -0.193309
0.145569 -0.257338 0.01869 -0.003585 -0.113111
0.145569 -0.257338 0.01869 -0.003585 -0.113111
0.096221 -0.26708 -0.009305 -0.017489 -0.062084
0.134137 -0.195139 0.008771 0.137124 0.208489
0.134137 -0.195139 0.008771 0.137124 0.208489
0.089845 -0.317554 -0.055629 0.043612 0.247397
0.244922 -0.063558 0.07564 0.016235 0.057551
0.129002 -0.220101 0.016545 0.020951 -0.002787
0.129002 -0.220101 0.016545 0.020951 -0.002787
0.208762 -0.093004 0.078068 -0.108657 -0.246226
0.208762 -0.093004 0.078068 -0.108657 -0.246226
0.208762 -0.093004 0.078068 -0.108657 -0.246226
0.237419 -0.082465 0.106287 -0.085234 -0.220651
0.237419 -0.082465 0.106287 -0.085234 -0.220651
0.237419 -0.082465 0.106287 -0.085234 -0.220651
0.237419 -0.082465 0.106287 -0.085234 -0.220651
0.206682 -0.150427 0.079663 -0.099021 -0.256707
0.062382 -0.368094 -0.055065 -0.104424 -0.051406
0.062382 -0.368094 -0.055065 -0.104424 -0.051406
0.13872 -0.176662 -0.028792 -0.346812 -0.155802
0.13872 -0.176662 -0.028792 -0.346812 -0.155802
0.13872 -0.176662 -0.028792 -0.346812 -0.155802
0.13872 -0.176662 -0.028792 -0.346812 -0.155802
0.181987 -0.093671 0.052703 -0.176841 -0.190137
0.181987 -0.093671 0.052703 -0.176841 -0.190137
0.157608 -0.125192 0.032591 -0.281101 -0.172406
0.114033 -0.250488 0.004098 0.102357 0.08592
0.196876 -0.145457 0.075672 0.11434 0.011361
0.196876 -0.145457 0.075672 0.11434 0.011361
0.208315 -0.066863 0.128565 0.091203 -0.148021
0.113501 -0.184069 -0.000288 -0.036199 0.097589
0.132382 -0.25306 0.019885 -0.180913 -0.123618
0.180518 -0.169851 0.026651 -0.26181 -0.076712
0.187486 -0.151075 0.096776 -0.105883 -0.196054
0.187486 -0.151075 0.096776 -0.105883 -0.196054
0.118109 -0.237187 -0.006499 -0.225685 -0.072362
0.228415 -0.067674 0.102415 0.194726 0.056595
0.252195 -0.087224 0.137132 0.105288 -0.143977
0.252195 -0.087224 0.137132 0.105288 -0.143977
0.228418 -0.111246 0.103968 -0.077915 -0.168146
0.228418 -0.111246 0.103968 -0.077915 -0.168146
0.228418 -0.111246 0.103968 -0.077915 -0.168146
0.228418 -0.111246 0.103968 -0.077915 -0.168146
0.228418 -0.111246 0.103968 -0.077915 -0.168146
0.253078 -0.132795 0.084807 0.157828 0.10569
0.253078 -0.132795 0.084807 0.157828 0.10569
0.253078 -0.132795 0.084807 0.157828 0.10569
0.123972 -0.243604 -0.015598 0.012996 0.15838
0.184807 -0.240813 0.003399 0.008939 0.102201
0.152414 -0.193407 0.036074 0.054179 -0.004536
0.122962 -0.132283 -0.011634 -0.200449 -0.040814
0.122962 -0.132283 -0.011634 -0.200449 -0.040814
0.264898 -0.090507 0.069522 -0.097882 -0.064898
0.339925 -0.029808 0.16666 0.002945 -0.13405
0.318513 -0.093135 0.133363 -0.071516 -0.166105
0.318513 -0.093135 0.133363 -0.071516 -0.166105
0.318513 -0.093135 0.133363 -0.071516 -0.166105
0.182444 -0.154207 0.01271 -0.090018 0.05668
0.182444 -0.154207 0.01271 -0.090018 0.05668
0.182444 -0.154207 0.01271 -0.090018 0.05668
0.183446 -0.138777 0.01214 -0.261906 -0.032891
0.185455 -0.16974 -0.028327 -0.173229 0.086558
0.099033 -0.233337 -0.080454 -0.393964 0.007345
0.099033 -0.233337 -0.080454 -0.393964 0.007345
-0.003415 -0.325748 -0.072098 0.089478 0.190749
0.09263 -0.226628 -0.01383 -0.181888 -0.048172
0.097728 -0.213498 -0.024124 -0.176687 -0.047732
0.110648 -0.232673 -0.073066 -0.200636 0.14364
0.249848 -0.092968 0.06477 0.0547 0.066198
0.207528 -0.125004 0.003634 -0.195906 0.033209
0.151138 -0.194325 0.003382 0.15156 0.311574
0.074663 -0.260269 -0.08475 -0.014687 0.289553
0.074663 -0.260269 -0.08475 -0.014687 0.289553
0.103678 -0.22113 -0.081558 -0.265815 0.028661
0.084503 -0.222505 -0.134885 -0.417142 0.055684
0.027658 -0.362982 -0.140942 -0.121641 0.251805
0.092306 -0.355438 -0.090642 -0.182713 0.175417
0.092306 -0.355438 -0.090642 -0.182713 0.175417
0.092306 -0.355438 -0.090642 -0.182713 0.175417
0.296606 -0.159274 0.025332 0.158853 0.30777
0.177506 -0.323555 -0.061275 0.190196 0.515057
0.16317 -0.273385 -0.073958 -0.116131 0.298091
0.16317 -0.273385 -0.073958 -0.116131 0.298091
0.179029 -0.263029 -0.050521 -0.297039 0.097154
0.183679 -0.216552 -0.017357 0.037991 0.248359
0.087404 -0.310598 -0.116576 -0.266206 0.183767
0.133985 -0.219457 -0.011989 -0.127675 0.003047
0.198571 -0.110308 0.047255 -0.005303 0.02679
0.134176 -0.1772 -0.012029 -0.024239 0.122354
0.125012 -0.177215 0.008482 -0.017756 0.028462
0.198602 -0.212932 0.05885 0.002278 -0.116645
0.102752 -0.327114 -0.055674 -0.0111 0.158837
0.147648 -0.227186 0.023578 0.110835 0.165087
0.12099 -0.378713 0.041474 0.159495 -0.063203
0.207452 -0.153484 0.070204 0.05577 -0.260041
0.166484 -0.162573 0.014776 -0.304992 -0.42081
0.166484 -0.162573 0.014776 -0.304992 -0.42081
0.166484 -0.162573 0.014776 -0.304992 -0.42081
0.166484 -0.162573 0.014776 -0.304992 -0.42081
0.263009 -0.067799 0.04703 -0.110802 -0.050379
0.263009 -0.067799 0.04703 -0.110802 -0.050379
0.249768 -0.025443 0.030113 -0.354148 -0.19009
0.177616 -0.144166 -0.032048 -0.359177 -0.059281
0.156019 -0.23281 -0.039657 -0.245669 0.019029
0.10266 -0.262864 -0.055132 -0.117983 0.106697
0.263723 -0.056777 0.131192 0.055608 -0.139307
0.239176 -0.12252 0.129117 0.05276 -0.138142
0.239176 -0.12252 0.129117 0.05276 -0.138142
0.239176 -0.12252 0.129117 0.05276 -0.138142
0.203539 -0.105228 0.083195 -0.135724 -0.178665
0.233237 -0.025008 0.069829 -0.177616 -0.047967
0.252314 -0.048701 0.153416 0.095421 -0.262005
0.252314 -0.048701 0.153416 0.095421 -0.262005
0.128219 -0.175114 -0.014779 -0.184202 -0.101023
0.128219 -0.175114 -0.014779 -0.184202 -0.101023
0.145001 -0.090819 0.009178 0.048457 0.118186
0.047592 -0.240377 -0.10801 -0.225422 0.230304
0.217402 -0.131278 0.036008 -0.09546 -0.028046
0.179496 -0.181548 0.015027 -0.300285 -0.316496
0.248857 -0.125996 0.096426 0.096576 -0.097189
0.238316 -0.049421 0.020637 -0.27106 -0.059254
0.194738 -0.058571 0.036495 -0.215407 -0.120282
0.219233 -0.052319 0.051708 -0.186638 -0.103514
0.218244 -0.114544 -0.005139 -0.308177 -0.010228
0.218244 -0.114544 -0.005139 -0.308177 -0.010228
0.218244 -0.114544 -0.005139 -0.308177 -0.010228
0.266953 -0.159669 0.026931 -0.201783 -0.050828
0.173935 -0.257272 0.000282 -0.068799 0.079493
0.081654 -0.366803 -0.072569 -0.102078 0.100719
0.119956 -0.339964 -0.048514 -0.269487 -0.093435
0.143242 -0.228612 0.028914 -0.046063 0.023161
0.185168 -0.087944 0.086585 -0.158421 -0.240742
0.262878 -0.015809 0.17061 -0.034815 -0.233608
0.28693 -0.118516 0.040826 -0.567732 -0.260868
0.28693 -0.118516 0.040826 -0.567732 -0.260868
0.189131 -0.204702 0.064934 0.007712 -0.022175
0.241707 -0.177601 0.050559 0.050336 0.009647
0.241707 -0.177601 0.050559 0.050336 0.009647
0.285188 -0.086003 0.061074 -0.134213 -0.139803
0.229439 -0.195979 0.031357 -0.412604 -0.330994
0.229439 -0.195979 0.031357 -0.412604 -0.330994
0.229439 -0.195979 0.031357 -0.412604 -0.330994
0.229439 -0.195979 0.031357 -0.412604 -0.330994
0.229439 -0.195979 0.031357 -0.412604 -0.330994
0.189863 -0.204378 0.055642 -0.175966 -0.206198
0.21759 -0.149032 0.073636 -0.016833 -0.058341
0.183208 -0.256859 0.020137 -0.079269 -0.004529
0.20062 -0.219692 0.044507 -0.139964 -0.016621
0.20062 -0.219692 0.044507 -0.139964 -0.016621
0.20062 -0.219692 0.044507 -0.139964 -0.016621
0.285215 -0.089769 0.076706 -0.007176 0.086169
0.275606 0.015304 0.094664 0.090125 0.142922
0.351773 0.028068 0.165465 -0.022362 -0.102034
0.185642 -0.229427 -0.002781 -0.034363 0.150145
0.213942 -0.199408 -0.004147 -0.177796 0.08884
0.242131 -0.174745 0.1112 0.055532 -0.165769
0.252902 -0.267622 0.01863 -0.023245 0.070396
0.162616 -0.370071 0.043491 0.244044 0.146253
0.162616 -0.370071 0.043491 0.244044 0.146253
0.089367 -0.46095 -0.111377 -0.054702 0.268688
0.089367 -0.46095 -0.111377 -0.054702 0.268688
0.089367 -0.46095 -0.111377 -0.054702 0.268688
0.206152 -0.253252 0.046293 -0.210427 -0.265653
0.193265 -0.234541 0.122402 -0.018825 -0.355052
0.165788 -0.262006 0.083656 0.130838 -0.058466
0.167773 -0.16681 0.043949 0.117123 0.152931
0.09746 -0.304056 -0.074443 -0.133401 0.237236
0.145597 -0.195576 0.01434 0.063185 0.302335
0.098518 -0.257214 -0.091509 -0.296206 0.132629
0.07395 -0.282865 -0.094099 -0.405054 -0.039873
0.103307 -0.34024 -0.113393 -0.282581 0.130101
0.093471 -0.275939 -0.093725 -0.374938 0.074819
0.093471 -0.275939 -0.093725 -0.374938 0.074819
0.11229 -0.303179 -0.069043 -0.05302 0.221656
0.099877 -0.233352 -0.072382 -0.215824 0.098774
0.099877 -0.233352 -0.072382 -0.215824 0.098774
0.198186 -0.103465 0.023995 -0.348011 -0.205768
0.198186 -0.103465 0.023995 -0.348011 -0.205768
0.198186 -0.103465 0.023995 -0.348011 -0.205768
0.198186 -0.103465 0.023995 -0.348011 -0.205768
0.198186 -0.103465 0.023995 -0.348011 -0.205768
0.216787 -0.120012 0.080004 -0.101217 -0.132088
0.272221 -0.017814 0.180614 0.128527 -0.167892
0.272221 -0.017814 0.180614 0.128527 -0.167892
0.272221 -0.017814 0.180614 0.128527 -0.167892
0.117878 -0.262367 0.058078 0.280288 0.151345
0.191428 -0.226183 0.057817 -0.050795 -0.280803
0.172893 -0.209507 0.024855 -0.28459 -0.330725
0.172893 -0.209507 0.024855 -0.28459 -0.330725
0.172893 -0.209507 0.024855 -0.28459 -0.330725
0.127693 -0.32878 -0.00427 -0.043612 -0.102462
0.097844 -0.248296 -0.028907 -0.189316 -0.166691
0.145336 -0.205475 -0.024538 -0.030671 0.014686
0.034142 -0.324313 -0.053025 -0.012067 0.076845
0.276119 0.003048 0.143757 0.066039 -0.098997
0.201871 -0.114326 0.024677 -0.375787 -0.217334
0.213821 -0.109372 0.067553 -0.026384 0.008364
0.176241 -0.128539 0.040171 0.035784 0.054298
0.221043 -0.13957 0.100067 0.249021 0.119547
0.127388 -0.334179 -0.017936 -0.062975 0.070592
0.127388 -0.334179 -0.017936 -0.062975 0.070592
0.150463 -0.324826 -0.029121 0.10549 0.194092
0.315755 -0.107435 0.098152 -0.002798 -0.016535
0.232653 -0.158497 0.037142 -0.334138 -0.098856
0.124917 -0.226567 -0.057657 -0.094039 0.271001
0.124917 -0.226567 -0.057657 -0.094039 0.271001
0.124917 -0.226567 -0.057657 -0.094039 0.271001
0.084512 -0.332814 -0.112795 -0.444541 -0.003505
0.099376 -0.364184 -0.115837 -0.082092 0.332526
0.205047 -0.188027 0.09334 0.090829 -0.026224
0.160873 -0.330878 0.016944 0.042598 0.122122
0.160873 -0.330878 0.016944 0.042598 0.122122
0.160873 -0.330878 0.016944 0.042598 0.122122
0.160873 -0.330878 0.016944 0.042598 0.122122
0.224758 -0.185249 0.004844 -0.054214 0.201684
0.306261 -0.099932 0.089431 -0.106223 -0.064333
0.244732 -0.084692 0.114548 0.1182 0.007233
0.244732 -0.084692 0.114548 0.1182 0.007233
0.212938 -0.154308 0.060345 -0.073654 0.033609
0.114147 -0.333187 0.021253 -0.018812 0.031408
0.211133 -0.195686 0.044558 -0.051746 -0.080529
0.212471 -0.213565 0.011436 -0.152607 -0.088023
0.212471 -0.213565 0.011436 -0.152607 -0.088023
0.274417 -0.123236 0.023289 -0.303381 -0.188716
0.274417 -0.123236 0.023289 -0.303381 -0.188716
-0.002667 -0.284792 -0.084531 0.211784 0.441235
-0.002667 -0.284792 -0.084531 0.211784 0.441235
-0.002667 -0.284792 -0.084531 0.211784 0.441235
-0.002667 -0.284792 -0.084531 0.211784 0.441235
-0.002667 -0.284792 -0.084531 0.211784 0.441235
-0.002667 -0.284792 -0.084531 0.211784 0.441235
0.034947 -0.412444 -0.089436 0.081997 0.37119
0.048729 -0.398176 -0.061458 0.085786 0.266765
0.041927 -0.36881 -0.074369 -0.00797 0.218018
0.041927 -0.36881 -0.074369 -0.00797 0.218018
0.12935 -0.223731 0.009049 0.107598 0.081207
0.180744 -0.259743 -0.025409 -0.300039 -0.171943
0.214998 -0.070576 0.060916 -0.251744 -0.295909
0.214998 -0.070576 0.060916 -0.251744 -0.295909
0.202298 -0.06314 0.019153 -0.145168 0.010851
0.226184 -0.083465 0.053196 -0.211212 -0.150159
0.226184 -0.083465 0.053196 -0.211212 -0.150159
0.223481 -0.183534 0.054539 -0.094756 -0.111407
0.174205 -0.23572 -0.007887 -0.207702 -0.14175
0.174205 -0.23572 -0.007887 -0.207702 -0.14175
0.174205 -0.23572 -0.007887 -0.207702 -0.14175
0.158846 -0.220246 0.03673 -0.120019 -0.200203
0.109592 -0.284854 -0.005222 0.297766 0.32473
0.12426 -0.215117 -0.014605 0.221359 0.322813
0.12426 -0.215117 -0.014605 0.221359 0.322813
0.193237 -0.132485 0.007966 0.026 0.181855
0.193237 -0.132485 0.007966 0.026 0.181855
0.253165 -0.147396 0.088359 0.052452 0.036941
0.149179 -0.219682 0.080792 0.247704 0.180561
0.124585 -0.305576 0.010689 -0.057884 0.047311
0.113129 -0.306173 0.015476 -0.052008 -0.007914
0.113129 -0.306173 0.015476 -0.052008 -0.007914
0.162668 -0.250713 0.050066 -0.173967 -0.157902
0.241139 -0.088996 0.130908 -0.137301 -0.24728
0.241139 -0.088996 0.130908 -0.137301 -0.24728
0.199724 -0.18642 0.044962 -0.110344 0.014275
0.199724 -0.18642 0.044962 -0.110344 0.014275
0.234239 0.001353 0.169909 0.033285 -0.266103
0.234239 0.001353 0.169909 0.033285 -0.266103
0.223486 -0.071481 0.148642 0.128718 -0.137897
0.234495 -0.099333 0.144423 0.307698 0.093088
0.276603 -0.037073 0.137619 0.138825 0.023745
0.245007 -0.040397 0.112191 0.21883 0.230581
0.340304 -0.011698 0.134745 -0.010892 -0.055064
0.270813 -0.20401 0.080318 0.207287 0.191774
0.309938 -0.115892 0.12011 -0.098353 -0.152235
0.309938 -0.115892 0.12011 -0.098353 -0.152235
0.15954 -0.316801 -0.003452 -0.055856 0.137709
0.187107 -0.185921 0.036696 0.34254 0.439821
0.191626 -0.221793 0.019099 0.220349 0.336886
0.191626 -0.221793 0.019099 0.220349 0.336886
0.191626 -0.221793 0.019099 0.220349 0.336886
0.157476 -0.244138 -0.033397 -0.108877 0.091864
0.260042 -0.121071 0.061748 -0.146934 -0.091604
0.19321 -0.205061 -0.019103 -0.198474 0.000269
0.19321 -0.205061 -0.019103 -0.198474 0.000269
0.19321 -0.205061 -0.019103 -0.198474 0.000269
0.143677 -0.291288 -0.039239 -0.024512 0.132612
0.143677 -0.291288 -0.039239 -0.024512 0.132612
0.137417 -0.191315 -0.0046 0.059703 0.132731
0.137417 -0.191315 -0.0046 0.059703 0.132731
0.200862 -0.145923 0.041454 -0.108964 -0.101494
0.213607 -0.083171 0.067129 -0.206164 -0.180749
0.146542 -0.193348 0.008335 -0.197266 -0.118046
0.165331 -0.17864 0.076697 -0.008965 -0.082877
0.246506 -0.119294 0.070295 -0.114937 -0.137443
0.246506 -0.119294 0.070295 -0.114937 -0.137443
0.146579 -0.107496 0.035863 -0.045309 0.021245
0.077843 -0.202609 -0.002221 0.036343 0.115102
0.174113 -0.177599 0.088659 0.099897 -0.007507
0.174113 -0.177599 0.088659 0.099897 -0.007507
0.183377 -0.191855 0.100586 0.019148 -0.113222
0.2939 -0.121311 0.126097 0.287672 0.064383
0.2939 -0.121311 0.126097 0.287672 0.064383
0.295908 -0.105791 0.081216 0.24465 0.219672
0.24091 -0.132147 0.082221 0.157462 0.161125
0.24091 -0.132147 0.082221 0.157462 0.161125
0.24091 -0.132147 0.082221 0.157462 0.161125
0.24091 -0.132147 0.082221 0.157462 0.161125
0.229251 -0.202147 0.020194 0.016423 0.13244
0.217394 -0.18854 0.034612 0.241841 0.329573
0.217394 -0.18854 0.034612 0.241841 0.329573
0.217394 -0.18854 0.034612 0.241841 0.329573
0.244707 -0.094622 0.040708 0.037558 0.164102
0.264248 0.003279 0.062836 -0.05442 0.124878
0.264248 0.003279 0.062836 -0.05442 0.124878
0.232523 -0.222524 -0.02685 -0.283454 0.057454
0.238676 -0.120302 0.007817 -0.111463 0.089977
0.221118 -0.157185 -0.013842 -0.269089 -0.003439
0.221118 -0.157185 -0.013842 -0.269089 -0.003439
0.221118 -0.157185 -0.013842 -0.269089 -0.003439
0.221118 -0.157185 -0.013842 -0.269089 -0.003439
0.172675 -0.183014 -0.077979 -0.193872 0.235366
0.190318 -0.200108 -0.019993 -0.185198 0.044539
0.261702 -0.104064 0.027237 -0.269361 -0.138595
0.261702 -0.104064 0.027237 -0.269361 -0.138595
0.266529 -0.08515 0.022664 -0.403142 -0.238528
0.12956 -0.131083 0.024658 -0.084363 0.003169
0.12956 -0.131083 0.024658 -0.084363 0.003169
0.133929 -0.123193 0.016501 -0.052294 0.073895
0.211223 -0.137327 0.051003 -0.074302 0.107599
0.190414 -0.161539 0.022687 -0.037488 0.164859
0.220877 0.018545 0.112089 -0.064255 -0.141138
0.077695 -0.234917 -0.063024 -0.413498 -0.207993
0.273956 -0.12023 0.114602 0.068082 -0.170225
0.224949 -0.251767 0.037126 0.065832 0.060826
0.188634 -0.265579 0.026107 0.051707 0.009481
0.288497 -0.063625 0.098535 -0.153702 -0.196762
0.290394 -0.027311 0.079402 -0.311484 -0.255822
0.172816 -0.142093 -0.008575 -0.329803 -0.064372
0.246344 -0.096405 0.058203 -0.457368 -0.312653
0.246344 -0.096405 0.058203 -0.457368 -0.312653
0.19699 -0.203782 0.010807 -0.107303 -0.004537
0.056066 -0.225858 -0.095384 -0.206585 0.108965
0.164164 -0.132557 0.039455 -0.135898 -0.172063
0.116811 -0.252817 0.000204 0.094622 0.113414
0.091232 -0.31011 -0.090115 -0.0914 0.242784
0.259019 -0.016273 0.029358 -0.185518 0.033362
0.27607 0.008986 0.106201 -0.060481 -0.006285
0.284688 -0.082609 0.121118 -0.123497 -0.157376
0.199324 -0.120864 0.082347 0.156664 0.21461
0.199324 -0.120864 0.082347 0.156664 0.21461
0.141121 -0.161427 0.038061 0.081394 0.170909
0.141121 -0.161427 0.038061 0.081394 0.170909
0.159997 -0.192363 0.047428 0.118241 0.076888
0.126519 -0.231843 -0.047533 -0.293653 -0.030535
0.126519 -0.231843 -0.047533 -0.293653 -0.030535
0.126519 -0.231843 -0.047533 -0.293653 -0.030535
0.08001 -0.290018 -0.096482 -0.334465 0.031017
0.08001 -0.290018 -0.096482 -0.334465 0.031017
0.08001 -0.290018 -0.096482 -0.334465 0.031017
0.08001 -0.290018 -0.096482 -0.334465 0.031017
0.08001 -0.290018 -0.096482 -0.334465 0.031017
0.101838 -0.278189 -0.08124 -0.281976 0.093953
0.151909 -0.203628 -0.063027 -0.194216 0.250341
0.168724 -0.174248 0.042493 0.185858 0.219778
0.168724 -0.174248 0.042493 0.185858 0.219778
0.197329 -0.023124 0.076571 0.062068 0.090179
0.183145 -0.027279 0.065198 -0.359219 -0.25569
0.162788 -0.101758 0.035462 -0.335163 -0.105657
0.158361 -0.165665 -0.020866 -0.386794 -0.060881
0.158361 -0.165665 -0.020866 -0.386794 -0.060881
0.158361 -0.165665 -0.020866 -0.386794 -0.060881
0.115026 -0.224796 -0.066736 -0.226919 0.07475
0.18836 -0.192682 0.018457 0.172094 0.226197
0.18836 -0.192682 0.018457 0.172094 0.226197
0.159926 -0.276055 -0.045045 -0.006087 0.178092
0.220929 -0.176823 0.015269 0.061385 0.134208
0.167376 -0.174927 -0.013524 -0.103335 0.017142
0.111182 -0.215367 -0.089533 -0.251751 0.153927
0.111182 -0.215367 -0.089533 -0.251751 0.153927
0.111182 -0.215367 -0.089533 -0.251751 0.153927
0.098203 -0.221619 -0.06886 -0.212138 0.07475
0.187131 -0.22023 0.018228 -0.184175 -0.146209
0.172801 -0.109726 0.015032 -0.180413 -0.095329
0.172801 -0.109726 0.015032 -0.180413 -0.095329
0.172801 -0.109726 0.015032 -0.180413 -0.095329
0.148306 -0.133784 0.014639 -0.148954 -0.083754
0.240305 -0.020494 0.057251 -0.066624 0.001136
0.216272 -0.033082 0.078129 0.14988 0.190165
0.216272 -0.033082 0.078129 0.14988 0.190165
0.216272 -0.033082 0.078129 0.14988 0.190165
0.216272 -0.033082 0.078129 0.14988 0.190165
0.217234 -0.032631 0.076702 0.145431 0.186191
0.244072 -0.028045 0.127969 0.155201 0.044807
0.273637 -0.087516 0.078871 -0.116959 -0.109452
0.273637 -0.087516 0.078871 -0.116959 -0.109452
0.290606 -0.028159 0.103621 -0.074642 -0.14874
0.263828 -0.060537 0.131813 0.127675 -0.065105
0.148375 -0.318235 0.014033 -0.285121 -0.235296
-0.009019 -0.337771 -0.102064 -0.396417 -0.097533
0.082441 -0.300665 -0.074498 -0.501318 -0.224767
0.058749 -0.266741 -0.040508 -0.199768 0.034246
0.089017 -0.335687 -0.059197 -0.055004 0.156188
0.137964 -0.244473 -0.047781 0.073283 0.349815
0.148839 -0.164627 0.034321 0.190525 0.205972
0.268228 -0.063964 0.13937 0.046522 -0.02406
0.288061 -0.04448 0.141188 -0.162719 -0.196835
0.274732 0.03363 0.211644 0.040335 -0.420315
0.261869 0.019287 0.132549 -0.166913 -0.356355
0.261869 0.019287 0.132549 -0.166913 -0.356355
0.147842 -0.149003 0.037255 -0.098806 -0.158535
0.127847 -0.277353 -0.024724 -0.019459 0.109046
0.127847 -0.277353 -0.024724 -0.019459 0.109046
0.127847 -0.277353 -0.024724 -0.019459 0.109046
0.194372 -0.077493 0.085565 0.065377 0.042977
0.070334 -0.272189 -0.010347 0.005525 0.128647
0.070334 -0.272189 -0.010347 0.005525 0.128647
0.149545 -0.319392 -0.021054 -0.276762 -0.13463
0.138279 -0.352645 -0.029508 -0.246476 -0.007601
0.138279 -0.352645 -0.029508 -0.246476 -0.007601
0.097109 -0.438989 -0.060402 0.009657 0.203037
0.080222 -0.539922 -0.063143 0.074477 0.207984
0.145156 -0.271771 0.044512 0.277157 0.364117
0.166867 -0.243152 0.060041 0.200514 0.231502
0.154448 -0.21295 0.041755 0.153444 0.199581
0.154448 -0.21295 0.041755 0.153444 0.199581
0.29399 -0.005363 0.217171 0.188079 -0.2293
0.068361 -0.281265 -0.048139 -0.183745 0.121882
0.068361 -0.281265 -0.048139 -0.183745 0.121882
0.251201 -0.122974 0.133713 0.101768 -0.023299
0.251201 -0.122974 0.133713 0.101768 -0.023299
0.104884 -0.282691 -0.088178 -0.29429 0.118588
0.154797 -0.156389 -0.036352 -0.323522 -0.061944
0.154797 -0.156389 -0.036352 -0.323522 -0.061944
0.246662 -0.129145 0.088614 0.069811 -0.034712
0.12805 -0.255128 -0.039828 -0.126054 0.169334
0.147607 -0.199397 -0.013933 -0.000432 0.198782
0.200882 -0.137222 0.064606 0.07129 -0.001894
0.125224 -0.163767 -0.001923 0.006171 0.032074
0.130952 -0.203015 0.016118 0.060749 0.020524
0.142976 -0.189154 0.064499 0.12201 0.005211
0.100596 -0.217969 0.053782 0.102136 0.028663
0.198638 -0.084517 0.123005 -0.09175 -0.232366
0.17527 -0.08726 0.071182 -0.145975 -0.176925
0.17527 -0.08726 0.071182 -0.145975 -0.176925
0.132456 -0.096979 0.018426 0.024512 0.144893
0.098273 -0.25179 -0.101422 -0.242578 0.232916
0.082975 -0.322169 -0.113589 -0.323456 0.091685
0.082975 -0.322169 -0.113589 -0.323456 0.091685
0.082975 -0.322169 -0.113589 -0.323456 0.091685
0.082975 -0.322169 -0.113589 -0.323456 0.091685
0.138523 -0.286681 -0.060673 -0.282766 0.005221
0.138523 -0.286681 -0.060673 -0.282766 0.005221
0.138523 -0.286681 -0.060673 -0.282766 0.005221
0.086543 -0.311122 -0.073265 -0.148685 0.165657
0.140264 -0.311426 -0.029082 -0.057332 0.093313
0.140264 -0.311426 -0.029082 -0.057332 0.093313
0.17502 -0.220208 -0.002534 -0.308153 -0.099936
0.17502 -0.220208 -0.002534 -0.308153 -0.099936
0.17502 -0.220208 -0.002534 -0.308153 -0.099936
0.17502 -0.220208 -0.002534 -0.308153 -0.099936
0.17502 -0.220208 -0.002534 -0.308153 -0.099936
0.17502 -0.220208 -0.002534 -0.308153 -0.099936
0.221658 -0.113861 0.073463 -0.079751 -0.073312
0.221658 -0.113861 0.073463 -0.079751 -0.073312
0.186919 -0.160895 0.057948 -0.197939 -0.286566
0.196355 -0.207911 -0.018021 -0.18663 0.03219
0.196355 -0.207911 -0.018021 -0.18663 0.03219
0.196936 -0.181232 0.01256 -0.258088 -0.112612
0.162919 -0.18407 0.022589 -0.237259 -0.163827
0.160476 -0.16764 -0.049321 -0.584612 -0.169835
0.160476 -0.16764 -0.049321 -0.584612 -0.169835
0.160476 -0.16764 -0.049321 -0.584612 -0.169835
0.160476 -0.16764 -0.049321 -0.584612 -0.169835
0.160476 -0.16764 -0.049321 -0.584612 -0.169835
0.160476 -0.16764 -0.049321 -0.584612 -0.169835
0.120482 -0.184736 -0.096927 -0.404483 0.034642
0.136454 -0.174483 -0.022329 -0.182244 0.076695
0.204523 -0.161894 0.06226 0.109771 0.125843
0.204523 -0.161894 0.06226 0.109771 0.125843
0.204523 -0.161894 0.06226 0.109771 0.125843
0.113962 -0.217646 -0.040049 -0.196175 0.066082
0.113962 -0.217646 -0.040049 -0.196175 0.066082
0.211375 -0.166155 0.015767 -0.248016 -0.164877
0.211375 -0.166155 0.015767 -0.248016 -0.164877
0.211375 -0.166155 0.015767 -0.248016 -0.164877
0.211375 -0.166155 0.015767 -0.248016 -0.164877
0.107341 -0.260749 -0.019286 0.064091 0.194021
0.134139 -0.304775 -0.055055 -0.236798 -0.009329
0.1652 -0.159652 -0.015312 -0.235004 -0.002934
0.197975 -0.194058 0.003496 -0.11852 0.014162
0.142161 -0.271416 -0.037939 -0.115886 0.043966
0.053398 -0.379448 -0.036709 -0.006689 0.026497
0.080676 -0.326489 0.029833 0.171218 -0.051666
0.122302 -0.231955 -0.014081 0.205462 0.247522
0.122302 -0.231955 -0.014081 0.205462 0.247522
0.122302 -0.231955 -0.014081 0.205462 0.247522
0.122302 -0.231955 -0.014081 0.205462 0.247522
0.122302 -0.231955 -0.014081 0.205462 0.247522
0.122302 -0.231955 -0.014081 0.205462 0.247522
0.166154 -0.126788 -0.008967 -0.195261 -0.045307
0.149882 -0.082229 -0.031271 -0.326934 -0.007161
0.15447 -0.19338 -0.03127 -0.291277 0.063006
0.155974 -0.167876 -0.038115 -0.393279 -0.078469
0.155974 -0.167876 -0.038115 -0.393279 -0.078469
0.155974 -0.167876 -0.038115 -0.393279 -0.078469
0.155974 -0.167876 -0.038115 -0.393279 -0.078469
0.231972 -0.128359 0.057903 -0.288975 -0.173185
0.225869 -0.178218 0.008259 -0.27926 -0.029421
0.212881 -0.16768 0.029539 -0.110641 -0.052384
0.257149 -0.12942 0.065263 -0.031876 0.029439
0.217597 -0.200518 -0.009607 -0.168128 0.059091
0.217597 -0.200518 -0.009607 -0.168128 0.059091
0.217597 -0.200518 -0.009607 -0.168128 0.059091
0.286469 -0.090228 0.050999 -0.201271 -0.003002
0.181003 -0.02722 0.019724 -0.186924 -0.041063
0.181003 -0.02722 0.019724 -0.186924 -0.041063
0.230084 -0.036451 0.058935 -0.187875 -0.24627
0.194213 -0.166826 0.009016 -0.19136 -0.154667
0.194213 -0.166826 0.009016 -0.19136 -0.154667
0.194213 -0.166826 0.009016 -0.19136 -0.154667
0.14292 -0.188865 -0.022503 -0.229745 -0.043626
0.14292 -0.188865 -0.022503 -0.229745 -0.043626
0.061043 -0.329812 -0.065909 0.018199 0.187721
0.191591 -0.152102 0.089902 0.269999 0.008629
0.296253 -0.038013 0.143238 0.207466 -0.028022
0.298294 0.007774 0.156501 0.19004 0.008315
0.298294 0.007774 0.156501 0.19004 0.008315
0.298294 0.007774 0.156501 0.19004 0.008315
0.298294 0.007774 0.156501 0.19004 0.008315
0.298432 -0.034889 0.14923 0.008024 -0.155734
0.238509 -0.136185 0.072322 0.251262 0.221186
0.232366 -0.126007 0.059505 0.105689 0.125713
0.232366 -0.126007 0.059505 0.105689 0.125713
0.087464 -0.257964 -0.046894 0.146053 0.368216
0.062924 -0.269405 -0.036567 0.099587 0.275241
0.062924 -0.269405 -0.036567 0.099587 0.275241
0.037137 -0.291169 -0.095563 0.070899 0.436069
0.037137 -0.291169 -0.095563 0.070899 0.436069
0.148814 -0.180997 -0.046449 -0.198149 0.148823
0.148814 -0.180997 -0.046449 -0.198149 0.148823
0.173897 -0.097168 0.009209 -0.043151 0.147443
0.173897 -0.097168 0.009209 -0.043151 0.147443
0.150157 -0.080898 0.022244 0.13874 0.257295
0.127527 -0.076267 0.045157 0.211938 0.266455
0.127527 -0.076267 0.045157 0.211938 0.266455
0.022976 -0.205672 0.011928 0.113995 -0.017243
0.028617 -0.261932 -0.000247 -0.026312 -0.13844
-0.026328 -0.280568 -0.043438 0.033418 0.072099
0.029482 -0.300134 0.010752 0.108765 0.06921
0.029482 -0.300134 0.010752 0.108765 0.06921
0.111948 -0.151376 0.039667 -0.244624 -0.233254
0.15163 -0.242427 -0.011254 -0.308957 -0.186555
0.132436 -0.324626 -0.020575 -0.138997 -0.026953
0.169407 -0.234283 0.046165 -0.158005 -0.181655
0.151726 -0.261971 -0.004395 -0.246349 -0.102775
0.160197 -0.218422 0.030991 -0.004976 0.032508
0.083632 -0.300262 -0.047545 -0.018426 0.111071
0.052516 -0.274955 -0.07708 0.030137 0.248635
0.052516 -0.274955 -0.07708 0.030137 0.248635
0.052516 -0.274955 -0.07708 0.030137 0.248635
0.043967 -0.232557 -0.057688 0.052543 0.102021
0.27667 -0.14717 0.056627 -0.010653 -0.133318
0.149463 -0.243595 -0.006073 -0.311989 -0.21256
0.120852 -0.223431 -0.023439 -0.053959 0.105229
0.120852 -0.223431 -0.023439 -0.053959 0.105229
0.214719 -0.164779 0.027023 -0.026547 0.079686
0.214719 -0.164779 0.027023 -0.026547 0.079686
0.25598 -0.035903 0.122221 0.163632 0.017756
0.25598 -0.035903 0.122221 0.163632 0.017756
0.10438 -0.341289 0.009898 0.406034 0.394741
0.10438 -0.341289 0.009898 0.406034 0.394741
0.154147 -0.280196 0.044652 0.102877 -0.0404
0.154147 -0.280196 0.044652 0.102877 -0.0404
0.154147 -0.280196 0.044652 0.102877 -0.0404
0.232474 -0.151078 0.112805 0.25585 -0.009372
0.243167 -0.116793 0.073265 0.240665 0.163953
0.168578 -0.203424 -0.031767 -0.122172 0.087143
0.18694 -0.16018 0.005844 0.047323 0.144736
0.175361 -0.16223 0.022522 0.036311 0.113866
0.246947 -0.071297 0.066909 -0.042992 -0.058265
0.206425 -0.1766 0.019042 -0.062836 0.014882
0.230502 -0.137069 0.062949 0.017682 -0.007159
0.217058 -0.135163 0.001006 -0.206013 -0.056599
0.122343 -0.185432 -0.032796 -0.324338 -0.189513
0.122343 -0.185432 -0.032796 -0.324338 -0.189513
0.122343 -0.185432 -0.032796 -0.324338 -0.189513
0.236052 0.027202 0.112571 -0.143556 -0.272892
0.217702 -0.022929 0.060265 -0.091916 -0.072464
0.143962 -0.108341 -0.026693 -0.466421 -0.23058
0.111151 -0.197475 -0.021035 -0.293584 -0.026894
0.111151 -0.197475 -0.021035 -0.293584 -0.026894
0.16121 -0.195286 -0.012784 -0.322193 -0.013668
0.144463 -0.250902 -0.005945 -0.155428 0.107137
0.063918 -0.352997 -0.040508 0.130712 0.348912
0.09327 -0.379371 -0.041115 -0.062622 0.204261
0.129426 -0.236301 -0.075621 -0.3997 0.0366
0.129426 -0.236301 -0.075621 -0.3997 0.0366
0.129426 -0.236301 -0.075621 -0.3997 0.0366
0.129426 -0.236301 -0.075621 -0.3997 0.0366
0.076444 -0.342361 -0.079195 -0.010943 0.295487
-0.024348 -0.485807 -0.195355 -0.42793 0.094817
-0.011941 -0.458297 -0.141026 -0.239325 0.074113
-0.039115 -0.409943 -0.147603 -0.291173 0.11239
0.105545 -0.206287 -0.00614 -0.246936 -0.068669
0.136302 -0.215401 -0.023645 -0.277584 0.002168
0.083817 -0.265302 -0.010654 -0.130242 0.045171
0.106903 -0.262581 -0.08751 -0.515015 -0.042344
0.106903 -0.262581 -0.08751 -0.515015 -0.042344
0.13186 -0.235998 -0.044375 -0.256072 -0.058186
0.087981 -0.273941 -0.065138 -0.03077 0.238971
-0.000656 -0.391956 -0.170284 -0.359508 0.160977
0.05296 -0.37947 -0.118176 -0.297506 0.064565
0.04004 -0.399436 -0.112477 -0.257727 0.034244
0.04004 -0.399436 -0.112477 -0.257727 0.034244
0.125597 -0.261187 -0.068081 -0.213744 -0.006935
0.207294 -0.154558 -0.044153 -0.367424 -0.035285
0.193401 -0.190426 -0.039062 -0.229938 0.000704
0.22333 -0.181224 0.125725 0.136346 -0.226029
0.22643 -0.125277 0.07829 -0.315333 -0.334445
0.159093 -0.098478 0.078192 0.082673 -0.087829
0.159093 -0.098478 0.078192 0.082673 -0.087829
0.1697 -0.112776 0.097617 -0.020443 -0.233886
0.15842 -0.199549 -0.012315 -0.206787 -0.026323
0.199793 -0.185318 0.002883 0.035316 0.172969
0.166996 -0.22782 0.037356 0.112961 0.160406
0.216731 -0.137524 0.101227 0.133089 0.033616
0.317439 -0.091474 0.124977 -0.176591 -0.169065
0.295983 -0.03589 0.120243 -0.135809 -0.181863
0.192772 -0.131633 0.041779 -0.145938 -0.107749
0.192772 -0.131633 0.041779 -0.145938 -0.107749
0.192772 -0.131633 0.041779 -0.145938 -0.107749
0.123567 -0.233753 -0.061286 -0.421662 -0.056764
0.123567 -0.233753 -0.061286 -0.421662 -0.056764
0.11351 -0.299771 -0.068662 -0.206462 0.087752
0.158973 -0.243204 -0.005831 0.029698 0.285137
0.223655 -0.110751 0.061981 -0.125766 0.02675
0.254419 -0.016005 0.078396 -0.498616 -0.368917
0.254419 -0.016005 0.078396 -0.498616 -0.368917
0.254419 -0.016005 0.078396 -0.498616 -0.368917
0.09209 -0.144903 0.006587 -0.164975 -0.040801
0.124624 -0.14476 0.033955 -0.08496 -0.021381
0.258227 -0.065172 0.180886 0.330881 0.021091
0.236674 -0.0473 0.138248 0.068477 -0.088093
0.155408 -0.182285 0.094128 0.001982 -0.165162
0.183631 -0.16669 0.106184 0.262335 0.066546
0.183631 -0.16669 0.106184 0.262335 0.066546
0.183631 -0.16669 0.106184 0.262335 0.066546
0.160747 -0.190927 0.047605 0.222455 0.120947
0.179241 -0.21434 0.034377 0.040419 0.001523
0.263163 -0.118085 0.063795 0.056309 0.081396
0.293388 -0.089058 0.093054 0.109384 0.046564
0.335867 -0.038855 0.167735 0.067204 -0.183263
0.245936 -0.195238 0.08445 0.180134 0.091528
0.245936 -0.195238 0.08445 0.180134 0.091528
0.245936 -0.195238 0.08445 0.180134 0.091528
0.16747 -0.202588 -0.056579 -0.307177 0.035358
0.183871 -0.160085 -0.013367 -0.07681 0.151778
0.204929 -0.152688 0.060674 0.220285 0.167102
0.244787 -0.158866 0.048555 0.301317 0.337881
0.244787 -0.158866 0.048555 0.301317 0.337881
0.215453 -0.122376 0.005304 -0.08807 0.217843
0.192244 -0.178145 -0.03834 -0.017505 0.313585
0.236244 -0.081038 0.057833 0.058207 0.100358
0.172541 -0.251903 0.006941 0.039285 0.053719
0.16962 -0.328278 -0.015238 -0.180786 -0.081743
0.194141 -0.29139 -0.045987 -0.273315 0.042917
0.194141 -0.29139 -0.045987 -0.273315 0.042917
0.21522 -0.219185 0.032528 -0.090521 -0.070478
0.152168 -0.237717 -0.005035 -0.130392 -0.052258
0.196132 -0.135906 0.041096 0.037229 0.041415
0.199083 -0.234003 0.050249 0.099448 0.044373
0.210911 -0.123816 0.035553 0.122683 0.116755
0.210911 -0.123816 0.035553 0.122683 0.116755
0.210911 -0.123816 0.035553 0.122683 0.116755
0.210911 -0.123816 0.035553 0.122683 0.116755
0.164486 -0.227904 -0.003471 0.133743 0.244367
0.164486 -0.227904 -0.003471 0.133743 0.244367
0.144567 -0.275392 -0.037668 0.104606 0.305478
0.133649 -0.360973 -0.092353 -0.048969 0.292885
0.086122 -0.352731 -0.084108 -0.12558 0.04244
0.086122 -0.352731 -0.084108 -0.12558 0.04244
0.086122 -0.352731 -0.084108 -0.12558 0.04244
0.086122 -0.352731 -0.084108 -0.12558 0.04244
0.1124 -0.277592 -0.07222 -0.160988 0.052325
0.097934 -0.235745 -0.053707 -0.064814 0.072898
0.07048 -0.239283 -0.029593 -0.178729 -0.057947
0.062159 -0.261586 -0.033513 0.02438 0.149098
0.262757 -0.050334 0.074414 -0.165311 -0.196231
0.166033 -0.18698 0.056886 0.218253 0.078672
0.151422 -0.163813 0.006201 0.134706 0.306173
0.244655 -0.148241 0.09501 0.19856 0.100806
0.222202 -0.153921 0.051872 -0.097581 -0.060173
0.236973 -0.148947 0.112924 -0.008267 -0.185941
0.236973 -0.148947 0.112924 -0.008267 -0.185941
0.236973 -0.148947 0.112924 -0.008267 -0.185941
0.101055 -0.38005 -0.094745 -0.08088 0.176263
0.101055 -0.38005 -0.094745 -0.08088 0.176263
0.101055 -0.38005 -0.094745 -0.08088 0.176263
0.199825 -0.311676 -0.016916 -0.07003 0.045742
0.199432 -0.215897 0.022367 -0.141938 -0.149571
0.199432 -0.215897 0.022367 -0.141938 -0.149571
0.280948 -0.079407 0.112853 -0.094775 -0.134073
0.220794 -0.136262 0.079705 -0.153638 -0.256726
0.220794 -0.136262 0.079705 -0.153638 -0.256726
0.220794 -0.136262 0.079705 -0.153638 -0.256726
0.220794 -0.136262 0.079705 -0.153638 -0.256726
0.221274 -0.096964 0.079699 -0.15117 -0.190494
0.215139 -0.155672 0.010566 -0.133444 0.078287
0.217615 -0.135776 -0.001042 -0.244351 0.019175
0.160754 -0.183091 -0.029384 -0.266658 0.003088
0.160754 -0.183091 -0.029384 -0.266658 0.003088
0.122423 -0.298068 -0.108505 -0.295598 0.096789
0.122423 -0.298068 -0.108505 -0.295598 0.096789
0.166661 -0.191322 -0.0442 -0.435682 -0.024548
0.166661 -0.191322 -0.0442 -0.435682 -0.024548
0.081788 -0.359106 -0.138861 -0.261925 0.242855
0.15365 -0.223591 0.001772 0.120801 0.279541
0.15365 -0.223591 0.001772 0.120801 0.279541
0.183764 -0.160409 0.042948 0.059856 0.089123
0.183764 -0.160409 0.042948 0.059856 0.089123
0.218411 -0.124497 0.125818 0.228072 0.017024
0.276619 -0.052976 0.159084 -0.137494 -0.259548
0.276619 -0.052976 0.159084 -0.137494 -0.259548
0.176076 -0.190992 0.005535 -0.301427 -0.121133
0.178421 -0.157926 -0.000601 -0.303728 -0.036496
0.241487 -0.128237 0.061697 -0.108476 0.00753
0.241487 -0.128237 0.061697 -0.108476 0.00753
0.213439 -0.122746 0.111595 0.129886 -0.040168
0.213439 -0.122746 0.111595 0.129886 -0.040168
0.086187 -0.229482 0.025801 0.069961 0.11042
0.18632 -0.190446 0.058371 -0.116082 -0.041846
0.18632 -0.190446 0.058371 -0.116082 -0.041846
0.18632 -0.190446 0.058371 -0.116082 -0.041846
0.055222 -0.357159 -0.060303 0.033432 0.261538
0.09298 -0.259733 -0.032665 -0.117317 0.064349
0.127066 -0.169639 0.004719 -0.233935 -0.136202
0.127066 -0.169639 0.004719 -0.233935 -0.136202
0.171375 -0.211565 0.087455 0.178004 0.02614
0.186935 -0.089029 0.083207 0.147973 0.071012
0.168676 -0.168466 0.074035 0.257808 0.100147
0.185637 -0.275012 0.003826 -0.072258 0.013236
0.105396 -0.287932 -0.099928 -0.090436 0.371889
0.116651 -0.321469 -0.074743 -0.334901 0.045709
0.116651 -0.321469 -0.074743 -0.334901 0.045709
0.127024 -0.330214 -0.049161 -0.009273 0.260944
0.127024 -0.330214 -0.049161 -0.009273 0.260944
0.138589 -0.199601 0.004849 -0.122094 0.004105
0.149153 -0.178151 0.002538 -0.28056 -0.191541
0.149153 -0.178151 0.002538 -0.28056 -0.191541
0.149153 -0.178151 0.002538 -0.28056 -0.191541
0.149153 -0.178151 0.002538 -0.28056 -0.191541
0.149153 -0.178151 0.002538 -0.28056 -0.191541
0.149153 -0.178151 0.002538 -0.28056 -0.191541
0.149153 -0.178151 0.002538 -0.28056 -0.191541
0.170601 -0.181491 0.031596 -0.134057 -0.001371
0.170601 -0.181491 0.031596 -0.134057 -0.001371
0.170601 -0.181491 0.031596 -0.134057 -0.001371
0.0651 -0.273525 -0.063424 -0.309722 -0.014755
0.188795 -0.228929 0.022339 -0.075463 0.135781
0.253286 -0.169325 0.062638 -0.098038 -0.109928
0.166973 -0.206206 -0.028342 -0.369122 -0.060034
0.166973 -0.206206 -0.028342 -0.369122 -0.060034
0.166973 -0.206206 -0.028342 -0.369122 -0.060034
