0.151293 -0.361189 0.707298 -0.216936 -0.118103
0.102804 -0.18298 -0.032878 -0.342465 -0.123066
0.102804 -0.18298 -0.032878 -0.342465 -0.123066
0.168691 -0.142511 0.030246 -0.153197 0.040091
0.325389 0.002033 0.213919 0.360901 0.11766
0.125908 -0.254553 0.038475 0.390156 0.384274
0.125908 -0.254553 0.038475 0.390156 0.384274
0.112601 -0.224407 0.014923 0.088505 0.149835
0.096657 -0.260037 -0.008501 0.040714 0.224221
0.215115 -0.173446 0.076961 0.058314 0.037045
0.197919 -0.279333 0.017325 0.163735 0.243216
0.197919 -0.279333 0.017325 0.163735 0.243216
0.163997 -0.256528 -0.013092 -0.153632 0.138366
0.107824 -0.280438 -0.06031 -0.23608 0.132832
0.107824 -0.280438 -0.06031 -0.23608 0.132832
0.062845 -0.307511 -0.01655 -0.040376 0.039067
0.187446 -0.220877 0.050614 0.015506 0.02134
0.291785 -0.047036 0.133068 -0.17078 -0.220322
0.275157 -0.138159 0.013767 -0.347035 -0.141685
0.258421 -0.150067 0.020079 -0.386757 -0.10923
0.258421 -0.150067 0.020079 -0.386757 -0.10923
0.220641 -0.119952 0.026709 -0.53901 -0.264573
0.220641 -0.119952 0.026709 -0.53901 -0.264573
0.220641 -0.119952 0.026709 -0.53901 -0.264573
0.220641 -0.119952 0.026709 -0.53901 -0.264573
0.216672 -0.15199 0.034279 -0.311436 -0.15743
0.2244 -0.124841 0.03776 -0.278701 -0.177104
0.181222 -0.23149 0.017972 -0.238692 -0.1905
0.129774 -0.296095 -0.022012 -0.206583 -0.072737
0.244352 -0.145968 0.065641 -0.208591 -0.25521
0.132019 -0.330394 -0.051365 -0.267329 -0.04205
0.065673 -0.239466 -0.014385 0.000343 0.018805
0.261519 -0.071134 0.085388 -0.297594 -0.344749
0.261519 -0.071134 0.085388 -0.297594 -0.344749
0.261519 -0.071134 0.085388 -0.297594 -0.344749
0.25853 -0.132424 0.086715 -0.323459 -0.420491
0.25853 -0.132424 0.086715 -0.323459 -0.420491
0.16672 -0.217398 0.026666 -0.24568 -0.250386
0.230515 -0.146478 0.050981 -0.226931 -0.242341
0.210901 -0.149479 0.049742 -0.106942 -0.103019
0.210901 -0.149479 0.049742 -0.106942 -0.103019
0.210901 -0.149479 0.049742 -0.106942 -0.103019
0.210901 -0.149479 0.049742 -0.106942 -0.103019
0.210901 -0.149479 0.049742 -0.106942 -0.103019
0.115609 -0.26842 -0.012059 0.006355 0.125497
0.197408 -0.225262 0.070976 0.223232 0.180817
0.270701 -0.127228 0.165989 0.226092 0.035253
0.249394 -0.213168 0.080135 0.126671 0.222751
0.273514 -0.126766 0.128792 0.106944 0.140606
0.264518 -0.312307 0.004979 -0.211713 0.036828
0.226637 -0.328874 -0.017619 -0.307707 -0.093194
0.226637 -0.328874 -0.017619 -0.307707 -0.093194
0.173882 -0.36956 -0.063252 -0.287086 0.121729
0.210872 -0.31031 0.011265 -0.024872 0.198645
0.163241 -0.386133 -0.045831 -0.022355 0.245916
0.163241 -0.386133 -0.045831 -0.022355 0.245916
0.163241 -0.386133 -0.045831 -0.022355 0.245916
0.163241 -0.386133 -0.045831 -0.022355 0.245916
0.280346 -0.169714 0.094946 -0.04224 -0.090736
0.309449 -0.152533 0.116635 0.026678 -0.104811
0.309449 -0.152533 0.116635 0.026678 -0.104811
0.285127 -0.150495 0.087074 -0.154285 -0.195553
0.202667 -0.17414 0.045876 -0.098047 0.02991
0.18245 -0.287275 0.048726 0.297727 0.260829
0.07943 -0.407197 -0.111054 -0.293883 0.091761
0.07943 -0.407197 -0.111054 -0.293883 0.091761
0.120254 -0.395532 -0.065632 -0.149759 0.021884
0.130038 -0.292047 0.004862 -0.175959 -0.23863
0.093291 -0.293677 -0.021068 0.254629 0.382394
0.093291 -0.293677 -0.021068 0.254629 0.382394
0.183861 -0.110857 0.074132 -0.03392 -0.093958
0.120814 -0.143459 0.017737 -0.150471 -0.132434
0.120814 -0.143459 0.017737 -0.150471 -0.132434
0.120814 -0.143459 0.017737 -0.150471 -0.132434
0.2197 -0.097532 0.088651 -0.148156 -0.322714
0.250398 -0.080305 0.064751 -0.379815 -0.339609
0.066613 -0.262167 -0.094305 -0.255559 0.113235
0.082612 -0.187657 -0.04716 -0.170605 0.061287
0.146685 -0.17538 -0.000341 -0.002144 0.148471
0.068562 -0.390628 -0.100578 -0.120152 0.233692
0.104563 -0.348447 -0.04405 0.070095 0.290648
-0.051561 -0.406306 -0.099211 0.087663 0.311029
0.133897 -0.321291 -0.035239 0.058924 0.175878
0.350831 -0.004946 0.151944 -0.047781 -0.189877
0.350831 -0.004946 0.151944 -0.047781 -0.189877
0.350831 -0.004946 0.151944 -0.047781 -0.189877
0.2878 -0.027432 0.149741 -0.207232 -0.418068
0.2878 -0.027432 0.149741 -0.207232 -0.418068
0.225045 -0.075362 0.14324 -0.055101 -0.307464
0.225045 -0.075362 0.14324 -0.055101 -0.307464
0.236008 -0.039998 0.128696 -0.0266 -0.100933
0.236008 -0.039998 0.128696 -0.0266 -0.100933
0.236008 -0.039998 0.128696 -0.0266 -0.100933
0.236008 -0.039998 0.128696 -0.0266 -0.100933
0.196478 -0.121937 0.094309 0.085526 0.099074
0.08774 -0.249326 -0.020123 0.097438 0.30943
0.227894 -0.154721 0.038547 0.055847 0.208239
0.273585 -0.045357 0.098142 0.004478 0.011975
0.157685 -0.117201 -0.019536 -0.112019 0.219183
0.157685 -0.117201 -0.019536 -0.112019 0.219183
0.045763 -0.339593 -0.032242 -0.070355 0.109912
0.045763 -0.339593 -0.032242 -0.070355 0.109912
-0.030698 -0.500257 -0.12117 0.094677 0.424562
0.155222 -0.179539 0.045156 -0.071126 -0.059927
0.19021 -0.147396 0.050459 0.036696 -0.012006
0.181995 -0.107355 0.050353 -0.027593 0.027982
0.207296 -0.125553 0.055564 -0.15579 -0.146183
0.22593 -0.094846 0.112012 0.036665 -0.064258
0.217485 -0.043997 0.075187 0.09849 0.137647
0.264902 -0.015076 0.147502 0.088092 -0.059442
0.264902 -0.015076 0.147502 0.088092 -0.059442
0.27382 0.007757 0.149272 -0.068139 -0.260018
0.27382 0.007757 0.149272 -0.068139 -0.260018
0.157529 -0.215956 0.016502 -0.145329 -0.044984
0.16545 -0.181115 0.002889 -0.319447 -0.137429
0.204515 -0.129315 0.007632 -0.174624 0.068678
0.204515 -0.129315 0.007632 -0.174624 0.068678
0.204515 -0.129315 0.007632 -0.174624 0.068678
0.204515 -0.129315 0.007632 -0.174624 0.068678
0.269111 -0.06837 0.061324 -0.047517 0.054732
0.28627 -0.090283 0.084306 -0.157307 -0.08987
0.159206 -0.219346 -0.014197 0.074358 0.127987
0.239764 -0.193093 0.009506 0.014433 0.153553
0.224558 -0.21498 0.002241 -0.15803 -0.054457
0.224558 -0.21498 0.002241 -0.15803 -0.054457
0.234354 -0.16675 0.010076 -0.308161 -0.127425
0.172335 -0.195012 -0.041566 -0.17886 0.125733
0.172335 -0.195012 -0.041566 -0.17886 0.125733
0.18775 -0.064525 0.063704 -0.066485 -0.207285
0.108985 -0.179512 -0.021323 -0.144814 -0.040287
0.108985 -0.179512 -0.021323 -0.144814 -0.040287
0.025841 -0.356837 -0.116927 -0.307816 -0.031877
0.025841 -0.356837 -0.116927 -0.307816 -0.031877
0.099215 -0.258476 -0.045989 -0.162568 -0.051586
0.163183 -0.208542 -0.00504 -0.266315 -0.179735
0.129414 -0.210172 -0.005588 0.028782 0.004565
0.217954 -0.185602 0.017146 -0.176939 -0.142503
0.244425 -0.132603 0.075388 0.009869 -0.097301
0.244425 -0.132603 0.075388 0.009869 -0.097301
0.178148 -0.158729 0.053055 0.386425 0.280658
0.28301 0.007565 0.134381 0.171531 0.120514
0.163726 -0.122046 0.031682 0.12577 0.198833
0.18144 -0.100522 0.098982 0.179855 0.068729
0.240494 -0.100969 0.090525 0.015391 -0.034468
0.181063 -0.165898 0.024988 -0.173912 0.000248
0.148468 -0.279096 -0.002282 -0.15042 -0.029842
0.142798 -0.287898 -0.052353 -0.199397 0.065946
0.218928 -0.17343 0.006726 -0.361716 -0.043751
0.202588 -0.075008 0.003306 -0.359708 0.005031
0.084812 -0.165397 -0.060307 -0.241886 0.101439
0.155008 -0.113434 0.020804 -0.106069 0.008178
0.155008 -0.113434 0.020804 -0.106069 0.008178
0.177081 -0.121536 0.027583 -0.250776 -0.06194
0.192373 -0.090571 0.061519 -0.001216 0.046077
0.192373 -0.090571 0.061519 -0.001216 0.046077
0.123212 -0.196431 -0.032525 -0.003943 0.178296
0.123212 -0.196431 -0.032525 -0.003943 0.178296
0.245065 -0.035785 0.069787 -0.223235 -0.193972
0.245065 -0.035785 0.069787 -0.223235 -0.193972
0.254578 -0.051184 0.064194 -0.270358 -0.250914
0.254578 -0.051184 0.064194 -0.270358 -0.250914
0.321652 0.0351 0.099445 -0.289203 -0.194092
0.19776 -0.217498 -0.014929 0.027992 0.28583
0.19776 -0.217498 -0.014929 0.027992 0.28583
0.1683 -0.218369 -0.047867 -0.036756 0.27426
0.220271 -0.079534 0.047278 -0.213209 -0.068901
0.220271 -0.079534 0.047278 -0.213209 -0.068901
0.220271 -0.079534 0.047278 -0.213209 -0.068901
0.207957 -0.175753 0.065514 0.146531 0.157551
0.14617 -0.038177 0.000139 -0.263888 -0.083286
0.061653 -0.264595 -0.096294 -0.246268 0.189293
0.133716 -0.112434 -0.085697 -0.375152 0.156766
0.133716 -0.112434 -0.085697 -0.375152 0.156766
0.265204 -0.062784 -0.011226 -0.471944 -0.051922
0.265204 -0.062784 -0.011226 -0.471944 -0.051922
0.265204 -0.062784 -0.011226 -0.471944 -0.051922
0.265204 -0.062784 -0.011226 -0.471944 -0.051922
0.228604 -0.092223 0.085362 0.075891 0.053718
0.106381 -0.240868 -0.030725 -0.141211 0.017889
0.029165 -0.335173 -0.101933 -0.199411 0.058161
0.08884 -0.187517 -0.045871 0.03068 0.256773
0.075237 -0.365035 -0.151559 -0.333977 0.294326
0.075237 -0.365035 -0.151559 -0.333977 0.294326
0.075237 -0.365035 -0.151559 -0.333977 0.294326
0.075237 -0.365035 -0.151559 -0.333977 0.294326
0.115519 -0.285172 -0.087477 -0.140421 0.251945
0.115519 -0.285172 -0.087477 -0.140421 0.251945
0.151753 -0.207343 -0.043272 -0.108307 0.203555
0.17673 -0.114889 0.040859 -0.015291 0.042203
0.17673 -0.114889 0.040859 -0.015291 0.042203
0.17673 -0.114889 0.040859 -0.015291 0.042203
0.17673 -0.114889 0.040859 -0.015291 0.042203
0.17685 -0.139042 -0.018525 -0.129921 0.072061
0.187563 -0.224216 0.015987 -0.143573 -0.039857
0.187563 -0.224216 0.015987 -0.143573 -0.039857
0.179547 -0.296792 -0.003255 -0.117279 -0.018
0.145692 -0.281299 -0.09149 -0.412273 0.00678
0.117429 -0.242002 -0.078574 -0.33286 -0.032565
0.117429 -0.242002 -0.078574 -0.33286 -0.032565
0.128638 -0.311563 -0.074604 -0.433632 -0.100286
0.128638 -0.311563 -0.074604 -0.433632 -0.100286
0.10877 -0.307668 -0.012189 0.023646 0.034192
0.08793 -0.385771 -0.031674 0.095367 0.113756
0.101949 -0.362256 -0.077572 -0.254221 -0.032333
-0.006803 -0.404067 -0.084161 -0.045473 0.114784
0.073212 -0.27652 -0.021578 -0.240886 -0.089916
0.132542 -0.139931 0.044228 -0.042345 -0.051789
0.173011 -0.168868 0.094563 0.095943 -0.07598
0.173011 -0.168868 0.094563 0.095943 -0.07598
0.194103 -0.183888 0.048372 0.066708 0.052914
0.194103 -0.183888 0.048372 0.066708 0.052914
0.194103 -0.183888 0.048372 0.066708 0.052914
0.194103 -0.183888 0.048372 0.066708 0.052914
0.194103 -0.183888 0.048372 0.066708 0.052914
0.143712 -0.231326 0.000743 0.159192 0.21986
0.143712 -0.231326 0.000743 0.159192 0.21986
0.084421 -0.334155 -0.110938 -0.218391 0.20927
0.084421 -0.334155 -0.110938 -0.218391 0.20927
0.1419 -0.273678 -0.026709 -0.102627 0.085738
0.108116 -0.25536 -0.098079 -0.300228 0.089327
0.18344 -0.184382 -0.003992 -0.28354 -0.186621
0.163553 -0.245435 0.007007 0.148386 0.127332
0.236872 -0.15911 0.04379 -0.210538 -0.1891
0.236872 -0.15911 0.04379 -0.210538 -0.1891
0.236872 -0.15911 0.04379 -0.210538 -0.1891
0.236872 -0.15911 0.04379 -0.210538 -0.1891
0.186423 -0.157776 -0.004477 -0.311063 -0.065117
0.159035 -0.19254 -0.002778 -0.040977 0.120561
0.182759 -0.158116 -0.000654 -0.119318 0.102674
0.282477 0.022217 0.105069 -0.234529 -0.225098
0.312696 0.045807 0.147701 -0.228815 -0.296931
0.266098 0.029158 0.166702 0.141343 -0.020318
0.26846 0.034893 0.129386 -0.087449 -0.144679
0.197929 -0.189233 0.028616 -0.049753 -0.031159
0.248437 -0.171229 0.027675 -0.06801 0.027884
0.248437 -0.171229 0.027675 -0.06801 0.027884
0.240697 -0.020568 0.03475 0.032723 0.186525
0.240697 -0.020568 0.03475 0.032723 0.186525
0.120037 -0.052281 0.011532 -0.134369 -0.00413
0.074858 -0.194681 -0.03418 -0.225094 -0.13714
0.02025 -0.287476 -0.050879 -0.223316 -0.108418
0.02025 -0.287476 -0.050879 -0.223316 -0.108418
0.018864 -0.289134 -0.096707 -0.297012 0.062806
0.036359 -0.297176 -0.068154 -0.238074 0.074764
0.036359 -0.297176 -0.068154 -0.238074 0.074764
0.251516 -0.088791 0.105431 -0.07539 -0.104859
0.205107 -0.196896 0.033105 -0.046194 0.10445
0.181422 -0.21141 -0.03551 -0.371875 -0.125913
0.181422 -0.21141 -0.03551 -0.371875 -0.125913
0.181422 -0.21141 -0.03551 -0.371875 -0.125913
0.1389 -0.246987 -0.061381 -0.238951 0.065328
0.081601 -0.401089 -0.111562 -0.274854 0.148042
0.133249 -0.261853 -0.085494 -0.310498 0.099399
0.133249 -0.261853 -0.085494 -0.310498 0.099399
0.133249 -0.261853 -0.085494 -0.310498 0.099399
0.076581 -0.278162 -0.061027 -0.115819 0.069552
0.089055 -0.310337 -0.06927 -0.166187 0.031858
0.089055 -0.310337 -0.06927 -0.166187 0.031858
0.102633 -0.333675 -0.080739 -0.152937 0.081055
0.133494 -0.36845 -0.01832 0.00328 0.08291
0.340698 -0.024881 0.116693 -0.118878 -0.160373
0.326856 0.023706 0.159387 -0.068445 -0.192629
0.326856 0.023706 0.159387 -0.068445 -0.192629
0.326856 0.023706 0.159387 -0.068445 -0.192629
0.326856 0.023706 0.159387 -0.068445 -0.192629
0.243428 -0.11278 0.084343 -0.321128 -0.253991
0.150934 -0.290705 0.002281 0.043444 0.148079
0.088195 -0.236433 0.027386 -0.033557 -0.092218
0.079821 -0.420223 -0.035988 0.08611 0.211415
0.079821 -0.420223 -0.035988 0.08611 0.211415
0.054256 -0.454349 -0.102518 -0.160704 0.151103
0.093059 -0.341554 -0.054821 -0.111872 0.120753
0.093059 -0.341554 -0.054821 -0.111872 0.120753
0.134083 -0.204504 0.021277 0.055321 0.097049
0.106369 -0.165682 0.002859 0.117778 0.248606
0.106369 -0.165682 0.002859 0.117778 0.248606
0.179055 -0.244379 -0.035294 -0.123964 0.085226
0.21433 -0.160336 0.005907 -0.229992 -0.006267
0.213433 -0.17209 0.051333 -0.333786 -0.301157
0.17784 -0.165934 0.055516 -0.077859 -0.063569
0.141341 -0.229709 -0.009089 -0.106562 0.085509
0.25601 -0.146351 0.033158 -0.297119 -0.099867
0.179175 -0.232407 -0.004411 -0.296693 -0.108724
0.137284 -0.316382 -0.054203 -0.256126 0.022706
0.137284 -0.316382 -0.054203 -0.256126 0.022706
0.240945 -0.164021 0.069035 -0.179324 -0.20533
0.31586 -0.015231 0.143391 -0.087833 -0.246591
0.324961 -0.031935 0.136737 0.026269 -0.238168
0.361999 0.015815 0.182852 -0.03653 -0.370512
0.219003 -0.274005 0.023766 0.076237 0.155682
0.181601 -0.239957 -0.003138 0.142057 0.158606
0.10303 -0.325255 -0.038509 -0.089006 -0.05764
0.10303 -0.325255 -0.038509 -0.089006 -0.05764
0.03413 -0.347828 -0.115402 -0.26319 0.002753
0.03413 -0.347828 -0.115402 -0.26319 0.002753
0.169068 -0.167805 -0.010278 -0.307237 -0.266877
0.169068 -0.167805 -0.010278 -0.307237 -0.266877
0.171835 -0.144302 0.026745 -0.125858 -0.188849
0.145197 -0.2144 -0.010236 -0.195352 -0.12694
0.145197 -0.2144 -0.010236 -0.195352 -0.12694
0.137398 -0.19867 -0.039953 -0.224094 0.060496
0.140472 -0.230324 -0.045896 -0.194665 0.076703
0.140472 -0.230324 -0.045896 -0.194665 0.076703
0.140472 -0.230324 -0.045896 -0.194665 0.076703
0.140472 -0.230324 -0.045896 -0.194665 0.076703
0.140472 -0.230324 -0.045896 -0.194665 0.076703
0.136989 -0.21686 -0.006089 -0.018281 0.180666
0.126624 -0.221816 -0.035742 -0.065156 0.212278
0.186638 -0.140717 0.094473 0.271024 0.076417
0.186638 -0.140717 0.094473 0.271024 0.076417
0.203851 -0.142727 0.076142 0.328194 0.230699
0.203851 -0.142727 0.076142 0.328194 0.230699
0.203851 -0.142727 0.076142 0.328194 0.230699
0.203851 -0.142727 0.076142 0.328194 0.230699
0.133383 -0.189884 0.010374 0.37623 0.44133
0.133383 -0.189884 0.010374 0.37623 0.44133
0.133383 -0.189884 0.010374 0.37623 0.44133
0.133383 -0.189884 0.010374 0.37623 0.44133
0.179597 -0.193533 0.000941 -0.125679 -0.021086
0.210467 -0.175957 0.009002 -0.254263 -0.055568
0.113725 -0.229718 -0.038178 -0.113439 0.088186
0.244162 -0.148909 0.091496 -0.19617 -0.325139
0.244162 -0.148909 0.091496 -0.19617 -0.325139
0.244162 -0.148909 0.091496 -0.19617 -0.325139
0.244162 -0.148909 0.091496 -0.19617 -0.325139
0.113928 -0.241114 -0.005442 -0.089965 -0.067095
0.233016 -0.123914 0.066417 0.034654 0.008976
0.233016 -0.123914 0.066417 0.034654 0.008976
0.233016 -0.123914 0.066417 0.034654 0.008976
0.178266 -0.248981 0.037064 0.118171 0.03915
0.16465 -0.220287 0.050445 -0.166196 -0.284861
0.217495 -0.121645 0.087563 -0.039311 -0.193253
0.217495 -0.121645 0.087563 -0.039311 -0.193253
0.112809 -0.174839 0.046483 0.090755 0.022081
0.205372 -0.068617 0.096285 -0.102565 -0.215349
0.205372 -0.068617 0.096285 -0.102565 -0.215349
0.355354 -0.017863 0.136269 -0.090715 -0.226716
0.314021 -0.093646 0.111265 0.076156 0.056935
0.140771 -0.321524 -0.089329 -0.121522 0.331886
0.149329 -0.267025 0.008519 0.014551 0.21351
0.123027 -0.298276 -0.011424 -0.308375 -0.126924
0.123027 -0.298276 -0.011424 -0.308375 -0.126924
0.123027 -0.298276 -0.011424 -0.308375 -0.126924
0.174101 -0.132936 0.081025 -0.20116 -0.186283
0.223622 -0.125328 0.099636 -0.415508 -0.426617
0.188327 -0.203755 0.033581 -0.468121 -0.435607
0.188327 -0.203755 0.033581 -0.468121 -0.435607
0.188327 -0.203755 0.033581 -0.468121 -0.435607
0.236219 -0.190556 0.085603 -0.103929 -0.176768
0.236219 -0.190556 0.085603 -0.103929 -0.176768
0.189025 -0.223974 -0.011995 -0.244927 -0.119907
0.189025 -0.223974 -0.011995 -0.244927 -0.119907
0.210861 -0.180047 0.036386 -0.143617 -0.14805
0.183807 -0.146009 0.057116 -0.101141 -0.110894
0.122076 -0.27949 0.026354 -0.126063 -0.095659
0.121456 -0.206597 -0.03548 -0.286272 -0.03511
0.121456 -0.206597 -0.03548 -0.286272 -0.03511
0.121456 -0.206597 -0.03548 -0.286272 -0.03511
0.121456 -0.206597 -0.03548 -0.286272 -0.03511
0.121456 -0.206597 -0.03548 -0.286272 -0.03511
0.220277 -0.232834 0.054648 0.08812 -0.047402
0.278561 -0.138436 0.082586 0.076727 0.004721
0.278561 -0.138436 0.082586 0.076727 0.004721
0.278561 -0.138436 0.082586 0.076727 0.004721
0.372724 -0.028025 0.161818 0.020924 -0.094413
0.262823 -0.152295 0.046007 -0.303977 -0.138477
0.261234 -0.077552 0.084671 -0.2312 -0.217588
0.184586 -0.178428 -0.018562 -0.274662 -0.011882
0.184586 -0.178428 -0.018562 -0.274662 -0.011882
0.121299 -0.231681 -0.007901 0.005432 0.063102
0.121299 -0.231681 -0.007901 0.005432 0.063102
0.09932 -0.283394 -0.043197 -0.172529 0.014301
0.09932 -0.283394 -0.043197 -0.172529 0.014301
0.09932 -0.283394 -0.043197 -0.172529 0.014301
0.09932 -0.283394 -0.043197 -0.172529 0.014301
0.085707 -0.319341 -0.098168 -0.152913 0.177058
0.236508 -0.160604 0.045742 -0.203179 -0.161789
0.31101 -0.084661 0.082441 -0.037483 -0.026791
0.31101 -0.084661 0.082441 -0.037483 -0.026791
0.311605 -0.085471 0.093636 0.026465 -0.009751
0.237334 -0.188442 0.012273 -0.105937 0.044761
0.237334 -0.188442 0.012273 -0.105937 0.044761
0.138086 -0.334682 -0.016965 0.278477 0.281672
0.101575 -0.411301 -0.078434 -0.095306 0.13522
0.179619 -0.223921 0.007492 -0.215622 -0.064425
0.176946 -0.138012 0.02779 -0.097674 -0.009016
0.224772 -0.129059 0.08972 0.137097 0.057287
0.105349 -0.280194 0.004921 -0.059991 -0.010098
0.105349 -0.280194 0.004921 -0.059991 -0.010098
0.105349 -0.280194 0.004921 -0.059991 -0.010098
0.052579 -0.344005 -0.023813 0.135894 0.197838
0.236245 -0.08231 0.116967 0.198952 0.046794
0.216837 -0.07047 0.092304 0.067092 -0.027647
0.142264 -0.159956 0.006949 0.092399 0.249612
0.217448 -0.089136 0.076078 0.021423 0.119545
0.168975 -0.140167 -0.024108 -0.427477 -0.103256
0.168975 -0.140167 -0.024108 -0.427477 -0.103256
0.171135 -0.217862 -0.038502 -0.374878 -0.07432
0.204033 -0.159013 0.000829 -0.308798 -0.01176
0.206895 -0.111407 0.004439 -0.578373 -0.238199
0.206895 -0.111407 0.004439 -0.578373 -0.238199
0.206895 -0.111407 0.004439 -0.578373 -0.238199
0.206895 -0.111407 0.004439 -0.578373 -0.238199
0.206895 -0.111407 0.004439 -0.578373 -0.238199
0.206895 -0.111407 0.004439 -0.578373 -0.238199
0.206895 -0.111407 0.004439 -0.578373 -0.238199
0.206895 -0.111407 0.004439 -0.578373 -0.238199
0.206895 -0.111407 0.004439 -0.578373 -0.238199
0.153501 -0.268789 -0.084448 -0.527837 -0.038084
0.156123 -0.207408 -0.073396 -0.680503 -0.145275
0.156123 -0.207408 -0.073396 -0.680503 -0.145275
0.156123 -0.207408 -0.073396 -0.680503 -0.145275
0.156123 -0.207408 -0.073396 -0.680503 -0.145275
0.156123 -0.207408 -0.073396 -0.680503 -0.145275
0.156123 -0.207408 -0.073396 -0.680503 -0.145275
0.156123 -0.207408 -0.073396 -0.680503 -0.145275
0.156123 -0.207408 -0.073396 -0.680503 -0.145275
0.156123 -0.207408 -0.073396 -0.680503 -0.145275
0.124768 -0.277981 -0.115917 -0.599536 0.07196
0.23881 -0.071666 0.054196 -0.368774 -0.042234
0.199173 -0.307538 0.053453 0.234615 0.345689
0.269168 -0.203465 0.156764 0.313922 0.140632
0.269168 -0.203465 0.156764 0.313922 0.140632
0.273932 -0.128134 0.124047 -0.208643 -0.282628
0.273932 -0.128134 0.124047 -0.208643 -0.282628
0.303853 -0.072246 0.169853 -0.101753 -0.31723
0.205342 -0.156848 0.031082 -0.285353 -0.106702
0.205342 -0.156848 0.031082 -0.285353 -0.106702
0.167924 -0.179966 -0.046769 -0.428524 -0.022583
0.177276 -0.11734 0.032679 -0.144337 -0.017054
0.211524 -0.075327 0.043759 -0.154486 -0.03098
0.079847 -0.229457 -0.112978 -0.383351 0.103876
0.079847 -0.229457 -0.112978 -0.383351 0.103876
0.079847 -0.229457 -0.112978 -0.383351 0.103876
0.079847 -0.229457 -0.112978 -0.383351 0.103876
0.079847 -0.229457 -0.112978 -0.383351 0.103876
0.112332 -0.18071 -0.007632 -0.106796 0.030703
0.019884 -0.416093 -0.120566 -0.019928 0.333508
0.072603 -0.342999 -0.090752 -0.217596 0.278904
0.143773 -0.263454 -0.01039 -0.122219 0.126659
0.187264 -0.134631 0.012567 -0.360548 -0.062165
0.187264 -0.134631 0.012567 -0.360548 -0.062165
0.187264 -0.134631 0.012567 -0.360548 -0.062165
0.306142 -0.014103 0.131061 -0.217473 -0.240552
0.221155 -0.052768 0.088668 -0.013195 -0.164361
0.166623 -0.128423 0.06548 0.1 -0.114463
0.137631 -0.288148 -0.028984 0.0175 0.093587
0.180287 -0.201618 0.019641 -0.045908 -0.088553
0.171995 -0.205549 -0.014856 -0.205979 -0.002161
0.244704 -0.137924 0.006886 -0.258549 -0.021072
0.244704 -0.137924 0.006886 -0.258549 -0.021072
0.197925 -0.085136 0.006146 -0.302266 -0.015818
0.12947 -0.165768 -0.037352 -0.275624 0.030389
0.261179 -0.018535 0.107132 -0.117854 -0.221881
0.2741 -0.011366 0.126164 -0.092513 -0.182481
0.165616 -0.130642 0.062128 -0.29814 -0.316746
0.196218 -0.083702 0.059031 -0.48848 -0.395637
0.196218 -0.083702 0.059031 -0.48848 -0.395637
0.196218 -0.083702 0.059031 -0.48848 -0.395637
0.196218 -0.083702 0.059031 -0.48848 -0.395637
0.088776 -0.25739 -0.03006 -0.20338 0.036339
0.088776 -0.25739 -0.03006 -0.20338 0.036339
0.159085 -0.229013 0.025749 -0.01252 0.026958
0.135445 -0.235322 0.002526 -0.146446 -0.015265
0.137359 -0.254141 0.011684 0.067517 0.196417
0.227038 -0.209365 0.09878 0.209153 0.116169
0.302342 -0.094153 0.180488 0.205093 -0.025339
0.137887 -0.317468 -0.015973 0.084797 0.13337
0.105734 -0.195211 -0.013112 -0.144833 0.032705
0.088058 -0.218283 -0.081908 -0.233261 0.102675
0.186008 -0.107817 0.018607 -0.16707 -0.051456
0.186008 -0.107817 0.018607 -0.16707 -0.051456
0.171862 -0.120419 -0.001559 -0.385201 -0.18051
0.171862 -0.120419 -0.001559 -0.385201 -0.18051
0.171862 -0.120419 -0.001559 -0.385201 -0.18051
0.171862 -0.120419 -0.001559 -0.385201 -0.18051
0.171862 -0.120419 -0.001559 -0.385201 -0.18051
0.171862 -0.120419 -0.001559 -0.385201 -0.18051
0.180671 -0.164656 -0.023697 -0.263501 0.062542
0.252814 -0.070766 0.100395 -0.117583 -0.193645
0.223928 -0.121501 0.055667 -0.122236 -0.069644
0.148063 -0.199219 0.012645 -0.106128 0.014618
0.172626 -0.221255 0.024027 0.154652 0.263861
0.172626 -0.221255 0.024027 0.154652 0.263861
0.172626 -0.221255 0.024027 0.154652 0.263861
0.189798 -0.168074 0.01382 -0.027878 0.091959
0.189798 -0.168074 0.01382 -0.027878 0.091959
0.106135 -0.076055 0.035385 -0.073662 0.002426
0.194494 -0.07271 0.047371 0.140613 0.201035
0.302388 0.049099 0.062143 -0.232592 -0.042539
0.306258 -0.013457 0.051507 -0.120729 0.018843
0.205585 -0.064317 -0.016854 -0.011103 0.28525
0.216694 0.030549 0.059179 0.003439 0.107236
0.171235 0.003628 0.109968 -0.075316 -0.140306
0.100188 -0.147937 -0.031096 -0.119553 0.17332
0.084479 -0.379054 -0.12329 -0.099323 0.381804
0.216461 -0.164331 0.008314 -0.01378 0.257739
0.292684 -0.031532 0.083433 0.06824 0.148773
0.284495 -0.010925 0.082341 -0.10295 -0.011354
0.171875 -0.166553 0.014603 -0.037576 0.107492
0.159613 -0.247422 -0.025154 -0.247345 -0.054332
0.239645 -0.082558 0.038449 -0.314796 -0.205482
0.165289 -0.195301 0.005986 -0.007728 0.014271
0.165289 -0.195301 0.005986 -0.007728 0.014271
0.153191 -0.150539 0.010229 -0.218688 -0.133894
0.091713 -0.21229 -0.017805 -0.11749 -0.095109
0.107311 -0.206628 -0.015943 -0.055594 0.034745
0.107311 -0.206628 -0.015943 -0.055594 0.034745
0.107311 -0.206628 -0.015943 -0.055594 0.034745
0.227186 -0.135328 0.074085 -0.063056 -0.150455
0.174302 -0.222108 -0.009594 -0.286632 -0.121069
0.174302 -0.222108 -0.009594 -0.286632 -0.121069
0.199614 -0.157088 0.039839 -0.28159 -0.342176
0.156365 -0.317022 -0.018704 -0.179733 -0.131552
0.156365 -0.317022 -0.018704 -0.179733 -0.131552
0.197572 -0.189388 0.084824 -0.067483 -0.145077
0.197323 -0.181667 0.068742 -0.141749 -0.17041
0.188864 -0.219741 0.035616 0.099674 0.109541
0.12543 -0.226384 0.044232 0.194929 0.070954
0.165841 -0.12692 0.049229 -0.044274 -0.13575
0.093092 -0.208914 -0.018545 -0.15764 -0.031645
0.093092 -0.208914 -0.018545 -0.15764 -0.031645
0.093092 -0.208914 -0.018545 -0.15764 -0.031645
0.086921 -0.299573 -0.124947 -0.355197 0.124681
0.091792 -0.243143 -0.069779 -0.236911 0.021719
0.091792 -0.243143 -0.069779 -0.236911 0.021719
0.12657 -0.242319 0.007712 0.100333 0.138052
0.12657 -0.242319 0.007712 0.100333 0.138052
0.273962 -0.050706 0.101303 -0.093656 -0.158626
0.264374 -0.133893 0.073269 0.109034 0.043651
0.215462 -0.145853 0.025684 -0.321856 -0.243843
0.327069 -0.09296 0.103698 -0.246469 -0.324441
0.327069 -0.09296 0.103698 -0.246469 -0.324441
0.327069 -0.09296 0.103698 -0.246469 -0.324441
0.327069 -0.09296 0.103698 -0.246469 -0.324441
0.327069 -0.09296 0.103698 -0.246469 -0.324441
0.274019 -0.082056 0.125188 0.00985 -0.207383
0.324055 -0.097144 0.157339 0.028331 -0.242824
0.324055 -0.097144 0.157339 0.028331 -0.242824
0.121176 -0.278345 -0.097928 -0.349325 0.034811
0.180294 -0.251342 0.025262 0.001762 -0.007771
0.180294 -0.251342 0.025262 0.001762 -0.007771
0.100979 -0.395773 -0.067926 -0.056912 0.179592
0.211733 -0.313574 0.056386 0.310756 0.218101
0.18889 -0.138221 0.009028 -0.084673 0.095842
0.188767 -0.098417 -0.000626 -0.03079 0.040173
0.015427 -0.245948 -0.150282 -0.23424 0.209102
0.00288 -0.299505 -0.199574 -0.359551 0.315032
0.030013 -0.332769 -0.189629 -0.475476 0.210945
0.069848 -0.276212 -0.105984 -0.274143 0.264296
0.070997 -0.323262 -0.050234 -0.083947 0.225258
0.05759 -0.312306 -0.098585 -0.237352 0.157278
0.05759 -0.312306 -0.098585 -0.237352 0.157278
0.160911 -0.229385 -0.013224 0.031633 0.12402
0.199124 -0.12729 0.002231 -0.084244 0.169097
0.210503 -0.141787 0.025629 0.022311 0.177418
0.054407 -0.320234 -0.085748 -0.217501 -0.003202
0.034036 -0.320676 -0.125145 -0.020425 0.372506
0.148663 -0.139577 0.028689 0.158527 0.274946
0.106906 -0.205029 -0.032961 0.014289 0.31665
0.055803 -0.394673 -0.124744 -0.233035 0.329536
0.055803 -0.394673 -0.124744 -0.233035 0.329536
0.041607 -0.471234 -0.149455 -0.139057 0.351629
0.121302 -0.272768 -0.057537 -0.021252 0.338001
0.129664 -0.262263 -0.005828 0.095486 0.222281
0.104192 -0.31533 -0.014439 0.006859 0.226857
0.046341 -0.281456 -0.10995 -0.10619 0.315479
0.084228 -0.273455 -0.090522 -0.111393 0.28186
0.084228 -0.273455 -0.090522 -0.111393 0.28186
0.208618 -0.262554 -0.010853 0.097009 0.315388
0.210617 -0.238095 -0.000393 0.004576 0.220789
0.295684 -0.117878 0.036854 -0.18641 -0.048325
0.295684 -0.117878 0.036854 -0.18641 -0.048325
0.24076 -0.16732 0.109198 0.073703 -0.08637
0.321196 -0.090699 0.151469 0.14946 -0.047797
0.321196 -0.090699 0.151469 0.14946 -0.047797
0.321196 -0.090699 0.151469 0.14946 -0.047797
0.202799 -0.063294 0.023153 -0.50595 -0.312756
0.202799 -0.063294 0.023153 -0.50595 -0.312756
0.202799 -0.063294 0.023153 -0.50595 -0.312756
0.202799 -0.063294 0.023153 -0.50595 -0.312756
0.148563 -0.24587 0.060505 -0.260653 -0.339891
0.195539 -0.162534 0.027679 -0.273876 -0.147624
0.177201 -0.133901 -0.031213 -0.348387 0.018968
0.174842 -0.168899 -0.057238 -0.460952 -0.075372
0.174842 -0.168899 -0.057238 -0.460952 -0.075372
0.174842 -0.168899 -0.057238 -0.460952 -0.075372
0.174842 -0.168899 -0.057238 -0.460952 -0.075372
0.174842 -0.168899 -0.057238 -0.460952 -0.075372
0.174842 -0.168899 -0.057238 -0.460952 -0.075372
0.174842 -0.168899 -0.057238 -0.460952 -0.075372
0.179976 -0.18729 -0.07721 -0.720866 -0.208381
0.254689 -0.046973 0.042277 -0.339134 -0.16955
0.228018 -0.127532 0.009289 -0.219128 -0.01093
0.228018 -0.127532 0.009289 -0.219128 -0.01093
0.228018 -0.127532 0.009289 -0.219128 -0.01093
0.228018 -0.127532 0.009289 -0.219128 -0.01093
0.141849 -0.271745 -0.036383 0.078967 0.275603
0.141849 -0.271745 -0.036383 0.078967 0.275603
0.141376 -0.230175 -0.030407 -0.156378 0.09259
0.165334 -0.276583 0.011728 0.173081 0.235716
0.165334 -0.276583 0.011728 0.173081 0.235716
0.145906 -0.367687 -0.023064 0.314928 0.56491
0.145906 -0.367687 -0.023064 0.314928 0.56491
0.145906 -0.367687 -0.023064 0.314928 0.56491
0.145906 -0.367687 -0.023064 0.314928 0.56491
0.08342 -0.351223 -0.094432 0.05534 0.429433
-0.021598 -0.412181 -0.182118 -0.342544 0.150354
-0.01638 -0.396234 -0.140274 -0.156668 0.131783
0.232251 -0.241365 0.053031 -0.11927 -0.168768
0.142488 -0.396667 -0.019602 -0.049517 -0.067046
0.269731 -0.149609 0.089104 0.098356 0.04827
0.296808 0.002454 0.191202 0.048741 -0.344928
0.296808 0.002454 0.191202 0.048741 -0.344928
0.224865 -0.124055 0.10097 -0.058382 -0.315252
0.169442 -0.188994 0.04252 -0.241015 -0.315252
0.169442 -0.188994 0.04252 -0.241015 -0.315252
0.154052 -0.261987 -0.002945 0.014631 0.081218
0.110437 -0.272858 -0.063616 -0.099096 0.126281
0.077774 -0.317429 -0.116419 -0.204502 0.068962
0.077774 -0.317429 -0.116419 -0.204502 0.068962
0.077774 -0.317429 -0.116419 -0.204502 0.068962
0.115886 -0.286726 0.013463 0.078898 -0.073933
0.120081 -0.224664 0.066492 0.029475 -0.208445
0.171855 -0.241026 0.048843 0.001615 -0.131976
0.122538 -0.241507 0.0103 -0.136347 -0.130396
0.122538 -0.241507 0.0103 -0.136347 -0.130396
0.122538 -0.241507 0.0103 -0.136347 -0.130396
0.211782 -0.186948 0.03799 -0.004541 0.029384
0.211782 -0.186948 0.03799 -0.004541 0.029384
0.211782 -0.186948 0.03799 -0.004541 0.029384
0.207066 -0.186649 0.084962 0.131694 0.029847
0.18286 -0.164244 0.018991 -0.200287 -0.156473
0.233386 -0.105083 0.038253 -0.082696 0.037295
0.111933 -0.141782 -0.042966 -0.068846 0.214967
0.19378 -0.109167 0.077222 0.273889 0.227563
0.037695 -0.369597 -0.034479 -0.021324 0.023609
-0.006438 -0.447691 -0.141485 -0.225015 0.140374
0.165993 -0.35766 -0.01473 -0.005278 0.076521
0.19545 -0.263667 0.034569 0.256905 0.235929
0.262213 -0.079916 0.093044 0.111863 0.091515
0.124136 -0.238766 0.055337 0.357337 0.321968
0.124136 -0.238766 0.055337 0.357337 0.321968
0.124136 -0.238766 0.055337 0.357337 0.321968
0.124136 -0.238766 0.055337 0.357337 0.321968
0.124136 -0.238766 0.055337 0.357337 0.321968
0.280801 -0.082414 0.086104 -0.112721 0.020289
0.198256 0.001583 0.137533 0.115717 0.053829
0.198256 0.001583 0.137533 0.115717 0.053829
0.198256 0.001583 0.137533 0.115717 0.053829
0.19515 -0.040295 0.165984 0.145628 -0.089182
0.069437 -0.289241 0.036064 0.105985 0.007994
-0.003747 -0.439753 -0.095716 0.145657 0.270775
0.045908 -0.366755 -0.110909 -0.215086 0.060824
0.13213 -0.262506 -0.030877 -0.236592 -0.058468
0.13213 -0.262506 -0.030877 -0.236592 -0.058468
0.13213 -0.262506 -0.030877 -0.236592 -0.058468
0.13213 -0.262506 -0.030877 -0.236592 -0.058468
0.13213 -0.262506 -0.030877 -0.236592 -0.058468
0.110674 -0.24774 -0.001615 0.071945 0.140331
0.110674 -0.24774 -0.001615 0.071945 0.140331
0.110674 -0.24774 -0.001615 0.071945 0.140331
0.110674 -0.24774 -0.001615 0.071945 0.140331
0.231364 -0.211003 0.036821 0.026325 0.142187
0.231364 -0.211003 0.036821 0.026325 0.142187
0.231364 -0.211003 0.036821 0.026325 0.142187
0.16159 -0.306935 0.040665 0.22373 0.139581
0.087708 -0.294639 -0.076655 -0.136429 0.170057
0.140646 -0.164236 0.030271 0.174706 0.267936
0.212136 -0.097028 0.077125 -0.060957 0.023315
0.307826 -0.057959 0.143848 -0.074578 -0.152354
0.307826 -0.057959 0.143848 -0.074578 -0.152354
0.279863 -0.004136 0.118811 0.015856 0.009401
0.279863 -0.004136 0.118811 0.015856 0.009401
0.210896 -0.181239 0.096526 -0.073356 -0.202553
0.247412 -0.122825 0.129803 0.07817 -0.047221
0.200403 -0.163822 0.067049 -0.024707 -0.069402
0.227356 -0.174996 0.080978 -0.198083 -0.32606
0.227356 -0.174996 0.080978 -0.198083 -0.32606
0.110201 -0.208985 -0.035658 -0.311368 -0.103393
0.170001 -0.175049 0.02661 -0.123675 -0.075129
0.161336 -0.190141 -0.012973 0.081077 0.280514
0.09496 -0.241838 -0.057973 -0.175873 0.043595
0.065135 -0.289933 -0.083913 -0.136113 0.118115
0.173235 -0.146306 0.010737 -0.306627 -0.18346
0.173235 -0.146306 0.010737 -0.306627 -0.18346
0.196826 -0.190853 0.056267 0.0716 0.055148
0.247912 -0.0977 0.107082 -0.037463 -0.14773
0.247912 -0.0977 0.107082 -0.037463 -0.14773
0.247912 -0.0977 0.107082 -0.037463 -0.14773
0.177578 -0.208746 -0.024416 -0.272863 -0.020568
0.177578 -0.208746 -0.024416 -0.272863 -0.020568
0.10264 -0.244409 -0.014876 -0.118828 0.044508
0.2391 -0.029165 0.058149 -0.377621 -0.238679
0.2391 -0.029165 0.058149 -0.377621 -0.238679
0.2391 -0.029165 0.058149 -0.377621 -0.238679
0.119733 -0.176286 -0.011953 -0.236183 -0.040272
0.119733 -0.176286 -0.011953 -0.236183 -0.040272
0.099091 -0.270371 -0.026378 -0.132577 0.043596
0.110697 -0.277649 0.03732 0.140838 0.117112
0.185787 -0.263913 0.051479 0.092821 0.122209
0.170352 -0.144714 0.066131 -0.138843 -0.204797
0.170352 -0.144714 0.066131 -0.138843 -0.204797
0.128773 -0.145214 -0.049894 -0.345281 -0.047176
0.128773 -0.145214 -0.049894 -0.345281 -0.047176
0.112344 -0.206858 -0.029028 0.012627 0.074384
0.112344 -0.206858 -0.029028 0.012627 0.074384
0.160031 -0.170233 0.011359 0.104789 0.05026
0.046392 -0.327858 -0.059974 0.080523 0.19235
0.046392 -0.327858 -0.059974 0.080523 0.19235
0.046392 -0.327858 -0.059974 0.080523 0.19235
0.046392 -0.327858 -0.059974 0.080523 0.19235
0.046392 -0.327858 -0.059974 0.080523 0.19235
0.046392 -0.327858 -0.059974 0.080523 0.19235
0.193836 -0.197258 0.016651 0.232017 0.268035
0.193836 -0.197258 0.016651 0.232017 0.268035
0.171699 -0.20559 -0.017519 0.034227 0.161652
0.171875 -0.21081 -0.011912 0.008057 -0.016754
0.171875 -0.21081 -0.011912 0.008057 -0.016754
0.023733 -0.370712 -0.141802 -0.214637 0.205987
0.169203 -0.222562 -0.04994 -0.053656 0.187034
0.154994 -0.220287 -0.06462 -0.341884 -0.071546
0.154994 -0.220287 -0.06462 -0.341884 -0.071546
0.154994 -0.220287 -0.06462 -0.341884 -0.071546
0.157619 -0.229126 -0.058139 -0.177331 -0.033567
0.157619 -0.229126 -0.058139 -0.177331 -0.033567
0.122421 -0.318194 -0.058917 0.064656 0.189259
0.310867 0.038241 0.143665 -0.053482 -0.301457
0.246686 -0.034796 0.028457 -0.013036 0.194474
0.254945 0.031728 0.038779 0.09127 0.256521
0.254945 0.031728 0.038779 0.09127 0.256521
0.184775 -0.126631 0.031811 0.294914 0.352125
0.135651 -0.242923 -0.049573 0.130288 0.392039
0.053088 -0.294171 -0.0969 0.038028 0.357144
0.098437 -0.287433 -0.065633 0.030593 0.247243
0.149333 -0.126288 0.056118 0.038697 -0.120548
0.149333 -0.126288 0.056118 0.038697 -0.120548
0.149333 -0.126288 0.056118 0.038697 -0.120548
0.18997 -0.117133 0.01512 -0.217354 -0.159866
0.121188 -0.206936 -0.084439 -0.088655 0.283221
0.121188 -0.206936 -0.084439 -0.088655 0.283221
0.121188 -0.206936 -0.084439 -0.088655 0.283221
0.083965 -0.365335 -0.163242 -0.122773 0.441745
0.084183 -0.35206 -0.135524 -0.107908 0.367486
0.135338 -0.200166 -0.066615 -0.080972 0.327003
0.18173 -0.251973 0.015534 0.177789 0.299398
0.18173 -0.251973 0.015534 0.177789 0.299398
0.090655 -0.35091 -0.129032 -0.307573 0.15581
0.090655 -0.35091 -0.129032 -0.307573 0.15581
0.232258 -0.180782 -0.023304 -0.563634 -0.190182
0.232258 -0.180782 -0.023304 -0.563634 -0.190182
0.232258 -0.180782 -0.023304 -0.563634 -0.190182
0.232258 -0.180782 -0.023304 -0.563634 -0.190182
0.232258 -0.180782 -0.023304 -0.563634 -0.190182
0.232258 -0.180782 -0.023304 -0.563634 -0.190182
0.235483 -0.174838 0.036637 -0.298211 -0.129431
0.235483 -0.174838 0.036637 -0.298211 -0.129431
0.151294 -0.225841 -0.058372 -0.42211 -0.014222
0.171118 -0.1735 -0.028439 -0.477741 -0.200223
-0.006362 -0.355862 -0.144295 -0.126903 0.366559
0.153208 -0.216898 -0.031256 -0.241474 -0.003887
0.130698 -0.310721 -0.042787 -0.230372 -0.020989
0.103983 -0.317636 -0.093421 -0.430153 -0.081128
0.168137 -0.165496 0.024316 -0.243568 -0.198999
0.241466 -0.064806 0.073952 -0.253555 -0.165159
0.197741 -0.168379 0.012877 -0.31782 -0.097
0.197741 -0.168379 0.012877 -0.31782 -0.097
0.180722 -0.217955 -0.052444 -0.459139 -0.197873
0.323349 -0.088233 0.107893 -0.072587 -0.065133
0.222329 -0.143375 0.068706 0.099261 0.024244
0.222329 -0.143375 0.068706 0.099261 0.024244
0.222329 -0.143375 0.068706 0.099261 0.024244
0.210147 -0.235859 0.005477 -0.146382 -0.018765
0.220453 -0.22898 0.007482 -0.304534 -0.100171
0.140354 -0.30252 -0.028508 -0.061297 0.161748
0.140354 -0.30252 -0.028508 -0.061297 0.161748
0.083896 -0.330683 -0.037254 0.007847 0.214716
0.149708 -0.291607 -0.029075 -0.337437 -0.066793
0.231516 -0.218805 0.055336 -0.24162 -0.123996
0.231516 -0.218805 0.055336 -0.24162 -0.123996
0.033174 -0.200031 -0.049513 -0.337135 -0.003551
0.033174 -0.200031 -0.049513 -0.337135 -0.003551
0.071785 -0.168127 -0.017703 -0.279366 -0.09109
0.218808 -0.012161 0.089563 -0.189184 -0.175822
0.218808 -0.012161 0.089563 -0.189184 -0.175822
0.218808 -0.012161 0.089563 -0.189184 -0.175822
0.217696 0.051419 0.065469 -0.429588 -0.271589
0.19937 -0.125985 -0.052963 -0.62869 -0.173507
0.19937 -0.125985 -0.052963 -0.62869 -0.173507
0.19937 -0.125985 -0.052963 -0.62869 -0.173507
0.19937 -0.125985 -0.052963 -0.62869 -0.173507
0.19937 -0.125985 -0.052963 -0.62869 -0.173507
0.19937 -0.125985 -0.052963 -0.62869 -0.173507
0.19937 -0.125985 -0.052963 -0.62869 -0.173507
0.19937 -0.125985 -0.052963 -0.62869 -0.173507
0.19937 -0.125985 -0.052963 -0.62869 -0.173507
0.19937 -0.125985 -0.052963 -0.62869 -0.173507
0.19937 -0.125985 -0.052963 -0.62869 -0.173507
0.206354 -0.138642 -0.085946 -0.516237 0.071619
0.164131 -0.130476 -0.092394 -0.382318 0.135295
0.20896 -0.10961 -0.047226 -0.368992 -0.061208
0.186611 -0.137063 -0.057995 -0.281827 0.088993
0.143946 -0.201332 -0.03742 -0.172138 -0.003066
0.119127 -0.230566 -0.039566 -0.085163 0.069855
0.120407 -0.282533 -0.03886 0.099256 0.227054
0.173958 -0.291995 -0.045918 -0.048844 0.24585
0.16177 -0.16882 -0.018638 -0.037179 0.209174
0.134353 -0.260085 -0.044289 -0.111457 0.20411
0.174848 -0.14742 -0.025456 -0.028142 0.245818
0.136213 -0.210722 -0.017901 0.111712 0.269775
0.160738 -0.260041 -0.035844 0.072697 0.323788
0.158322 -0.245562 0.023369 0.152221 0.135617
0.158322 -0.245562 0.023369 0.152221 0.135617
0.254503 -0.130441 0.066483 -0.000625 -0.028329
0.254503 -0.130441 0.066483 -0.000625 -0.028329
0.254503 -0.130441 0.066483 -0.000625 -0.028329
0.254503 -0.130441 0.066483 -0.000625 -0.028329
0.155575 -0.2412 -3.8e-05 -0.041346 0.104909
0.081188 -0.253606 -0.063967 -0.210388 0.087883
0.081188 -0.253606 -0.063967 -0.210388 0.087883
0.081188 -0.253606 -0.063967 -0.210388 0.087883
0.168134 -0.23872 -0.01248 -0.255702 -0.069381
0.159362 -0.159571 0.022734 -0.113545 -0.015584
0.149808 -0.158195 0.051733 -0.033412 -0.06285
0.117577 -0.255749 -0.045976 -0.083757 0.138732
0.117577 -0.255749 -0.045976 -0.083757 0.138732
0.117577 -0.255749 -0.045976 -0.083757 0.138732
0.117577 -0.255749 -0.045976 -0.083757 0.138732
0.189079 -0.122988 -0.01964 -0.287839 -0.004395
0.185595 -0.09705 0.035037 -0.354032 -0.260355
0.185595 -0.09705 0.035037 -0.354032 -0.260355
0.185595 -0.09705 0.035037 -0.354032 -0.260355
0.110774 -0.222527 -0.065792 -0.384709 0.060616
0.110774 -0.222527 -0.065792 -0.384709 0.060616
0.23218 -0.118275 -0.006731 -0.324012 0.016608
0.220131 -0.119323 -0.009002 -0.386758 -0.102071
0.220131 -0.119323 -0.009002 -0.386758 -0.102071
0.220131 -0.119323 -0.009002 -0.386758 -0.102071
0.182354 -0.14485 0.001155 -0.245513 0.01728
0.115701 -0.210462 -0.012377 -0.27117 -0.070727
0.115701 -0.210462 -0.012377 -0.27117 -0.070727
0.130928 -0.280504 0.004672 -0.16762 -0.015431
0.174084 -0.159176 0.077852 0.16287 0.115954
0.132353 -0.357421 -0.009014 -0.107245 -0.004407
0.114825 -0.406138 -0.035639 -0.096425 0.11722
0.100337 -0.39954 -0.057784 -0.071675 0.239883
0.197376 -0.154403 0.081502 0.044379 0.006797
0.197376 -0.154403 0.081502 0.044379 0.006797
0.197376 -0.154403 0.081502 0.044379 0.006797
0.257871 -0.085968 0.124937 0.099088 0.020849
0.16668 -0.174892 0.03684 0.17286 0.291017
0.208507 -0.179407 0.046365 0.163385 0.258949
0.208507 -0.179407 0.046365 0.163385 0.258949
0.151557 -0.232549 0.008269 -0.012243 0.0762
0.151557 -0.232549 0.008269 -0.012243 0.0762
0.149114 -0.242762 -0.001063 0.220873 0.230648
0.098796 -0.239511 -0.049261 -0.178736 0.051153
0.098796 -0.239511 -0.049261 -0.178736 0.051153
0.098796 -0.239511 -0.049261 -0.178736 0.051153
0.098796 -0.239511 -0.049261 -0.178736 0.051153
0.098796 -0.239511 -0.049261 -0.178736 0.051153
0.098796 -0.239511 -0.049261 -0.178736 0.051153
0.098796 -0.239511 -0.049261 -0.178736 0.051153
0.110384 -0.288276 -0.077278 -0.400344 -0.046832
0.110384 -0.288276 -0.077278 -0.400344 -0.046832
0.177939 -0.18503 0.047019 0.065385 0.053983
0.208812 -0.092586 0.085561 0.094066 -0.039331
0.251444 -0.128398 0.108524 -0.098264 -0.249813
0.251444 -0.128398 0.108524 -0.098264 -0.249813
0.251444 -0.128398 0.108524 -0.098264 -0.249813
0.262525 -0.208655 0.115502 -0.017219 -0.180533
0.29473 -0.104254 0.167699 -0.078821 -0.320656
0.29473 -0.104254 0.167699 -0.078821 -0.320656
0.311016 -0.088722 0.146066 -0.004523 -0.241308
0.245313 -0.204364 0.090563 0.114454 -0.091907
0.320589 -0.07525 0.194279 -0.028455 -0.384838
0.305848 -0.091496 0.13611 0.047563 -0.156719
0.331477 -0.073182 0.182962 0.082988 -0.276782
0.112953 -0.338887 -0.044843 -0.034924 0.063712
-0.007093 -0.419628 -0.109764 -0.038168 0.137028
0.0761 -0.393965 -0.074387 0.002244 0.205614
0.0761 -0.393965 -0.074387 0.002244 0.205614
0.116266 -0.250092 -0.056136 -0.335866 -0.118103
0.134346 -0.293088 -0.043642 -0.40075 -0.152034
0.134346 -0.293088 -0.043642 -0.40075 -0.152034
0.176708 -0.23821 -0.009567 -0.18175 0.07711
0.005809 -0.452823 -0.154909 0.072107 0.565669
-0.075918 -0.357672 -0.072235 0.143106 0.261928
-0.109439 -0.443183 -0.121454 -0.004374 0.256391
0.080476 -0.216589 -0.003195 0.081347 0.194918
0.080476 -0.216589 -0.003195 0.081347 0.194918
0.161396 -0.078576 0.085148 -0.03737 -0.138381
0.161396 -0.078576 0.085148 -0.03737 -0.138381
0.34888 -0.10033 0.189909 0.141876 -0.105654
0.321108 0.03635 0.182728 -0.132432 -0.271036
0.243556 -0.037934 0.142639 0.039841 -0.05423
0.243556 -0.037934 0.142639 0.039841 -0.05423
0.272383 0.00914 0.141775 0.046166 -0.059895
0.261533 -0.016581 0.175939 0.137267 -0.111674
0.261533 -0.016581 0.175939 0.137267 -0.111674
0.241835 -0.077029 0.113525 -0.051011 -0.131113
0.241835 -0.077029 0.113525 -0.051011 -0.131113
0.24665 -0.145857 0.078907 -0.069424 -0.068949
0.24665 -0.145857 0.078907 -0.069424 -0.068949
0.092545 -0.220446 -0.057712 -0.079403 0.140193
0.092545 -0.220446 -0.057712 -0.079403 0.140193
0.095948 -0.203851 -0.071848 -0.381609 0.125996
0.099262 -0.191112 0.007886 0.077799 0.162706
0.232817 -0.071838 0.107562 0.077107 -0.105839
0.305604 -0.017407 0.180629 0.159963 -0.18266
0.305604 -0.017407 0.180629 0.159963 -0.18266
0.20411 -0.168613 0.111793 0.151113 -0.169097
0.20411 -0.168613 0.111793 0.151113 -0.169097
0.20411 -0.168613 0.111793 0.151113 -0.169097
0.20411 -0.168613 0.111793 0.151113 -0.169097
0.123465 -0.262273 0.070411 0.338652 0.082453
0.173526 -0.192387 0.097211 0.152421 -0.038272
0.184354 -0.275077 -0.009583 -0.15935 -0.015126
0.184354 -0.275077 -0.009583 -0.15935 -0.015126
0.195716 -0.237706 0.03611 -0.06627 -0.101636
0.195716 -0.237706 0.03611 -0.06627 -0.101636
0.212385 -0.194613 0.068891 -0.031908 -0.135148
0.349256 -0.027699 0.196314 0.066857 -0.245456
0.211372 -0.189469 0.102045 -0.180331 -0.387011
0.211372 -0.189469 0.102045 -0.180331 -0.387011
0.181112 -0.165152 0.064123 -0.397941 -0.504583
0.181112 -0.165152 0.064123 -0.397941 -0.504583
0.181112 -0.165152 0.064123 -0.397941 -0.504583
0.181112 -0.165152 0.064123 -0.397941 -0.504583
0.181112 -0.165152 0.064123 -0.397941 -0.504583
0.181112 -0.165152 0.064123 -0.397941 -0.504583
0.181112 -0.165152 0.064123 -0.397941 -0.504583
0.197209 -0.146132 0.057704 -0.33392 -0.419255
0.197209 -0.146132 0.057704 -0.33392 -0.419255
0.20294 -0.248738 -0.008867 0.048085 0.260537
0.20294 -0.248738 -0.008867 0.048085 0.260537
0.20294 -0.248738 -0.008867 0.048085 0.260537
0.147494 -0.287034 -0.027734 0.214107 0.412504
0.224985 -0.213345 0.008326 0.004638 0.187445
0.224985 -0.213345 0.008326 0.004638 0.187445
0.134551 -0.173404 0.027439 0.002771 0.002597
0.068308 -0.259063 -0.04971 -0.110205 0.043943
0.068308 -0.259063 -0.04971 -0.110205 0.043943
0.118721 -0.16036 -0.016439 -0.192654 0.02443
0.188967 -0.236268 -3.8e-05 -0.292088 -0.126916
0.188967 -0.236268 -3.8e-05 -0.292088 -0.126916
0.210401 -0.184995 0.073105 -0.187566 -0.24637
0.198771 -0.212776 0.002822 -0.031541 0.090404
0.230449 -0.097135 0.047541 -0.206108 -0.086311
0.180117 -0.308234 -0.037987 -0.0774 0.176027
0.177843 -0.338342 -0.014298 0.121854 0.300093
0.247552 -0.247662 0.054461 0.201041 0.215596
0.154039 -0.239844 -0.058351 -0.410834 -0.09023
0.154039 -0.239844 -0.058351 -0.410834 -0.09023
0.127902 -0.365816 -0.087325 -0.040903 0.248473
0.015772 -0.515936 -0.188847 -0.04728 0.475206
0.015772 -0.515936 -0.188847 -0.04728 0.475206
0.09857 -0.313748 -0.086003 -0.426536 0.01207
0.175081 -0.196732 -0.00419 -0.180998 -0.059444
0.175081 -0.196732 -0.00419 -0.180998 -0.059444
0.175081 -0.196732 -0.00419 -0.180998 -0.059444
0.145067 -0.264014 -0.085367 -0.263368 0.10466
0.120395 -0.276542 -0.033003 -0.118121 -0.014318
0.064972 -0.193154 0.002362 0.106525 0.12045
0.126733 -0.12351 0.008665 -0.090169 -0.074415
0.240636 -0.097052 0.063263 -0.009865 0.024212
0.240636 -0.097052 0.063263 -0.009865 0.024212
0.074476 -0.231579 -0.048795 -0.031886 0.003432
0.169502 -0.125254 0.030002 -0.206975 -0.20421
0.169502 -0.125254 0.030002 -0.206975 -0.20421
0.291074 0.058325 0.176907 -0.013431 -0.323184
0.248231 -0.030784 0.087059 -0.205112 -0.290678
0.23564 -0.06216 0.059522 -0.241462 -0.225258
0.215568 -0.103017 0.046559 -0.150119 -0.109666
0.215568 -0.103017 0.046559 -0.150119 -0.109666
0.215568 -0.103017 0.046559 -0.150119 -0.109666
0.215568 -0.103017 0.046559 -0.150119 -0.109666
0.213864 -0.101114 0.069741 0.111534 0.169316
0.213864 -0.101114 0.069741 0.111534 0.169316
0.213864 -0.101114 0.069741 0.111534 0.169316
0.213864 -0.101114 0.069741 0.111534 0.169316
0.213864 -0.101114 0.069741 0.111534 0.169316
0.244104 -0.102305 0.051636 -0.162585 -0.136927
0.244104 -0.102305 0.051636 -0.162585 -0.136927
0.244104 -0.102305 0.051636 -0.162585 -0.136927
0.244104 -0.102305 0.051636 -0.162585 -0.136927
0.244104 -0.102305 0.051636 -0.162585 -0.136927
0.244104 -0.102305 0.051636 -0.162585 -0.136927
0.244104 -0.102305 0.051636 -0.162585 -0.136927
0.244104 -0.102305 0.051636 -0.162585 -0.136927
0.218658 -0.100158 0.074037 -0.135169 -0.173964
0.191182 -0.130035 0.033744 -0.177802 -0.120373
0.215156 -0.173594 0.050559 -0.160927 -0.138037
0.217615 -0.148162 0.029366 -0.314456 -0.21434
0.217615 -0.148162 0.029366 -0.314456 -0.21434
0.217615 -0.148162 0.029366 -0.314456 -0.21434
0.179571 -0.188481 0.029238 -0.110621 -0.129279
0.200075 -0.108082 0.025384 -0.12174 -0.044168
0.250437 -0.081418 0.092047 0.029599 0.000315
0.235752 -0.054165 0.05754 -0.079646 -0.009583
0.235752 -0.054165 0.05754 -0.079646 -0.009583
0.187126 -0.032445 0.080816 0.057625 -0.023843
0.290175 0.005886 0.150642 0.223413 -0.086686
0.370314 0.108164 0.226371 0.332779 -0.051955
0.152191 -0.125402 0.007884 0.061806 0.043571
0.103936 -0.258171 -0.061896 -0.06479 0.020503
0.158935 -0.180747 0.013119 0.010875 -0.080551
0.158935 -0.180747 0.013119 0.010875 -0.080551
0.18023 -0.159484 0.06718 0.15053 -0.005819
0.162351 -0.166385 0.048049 0.02616 -0.09874
0.162351 -0.166385 0.048049 0.02616 -0.09874
0.21985 -0.092771 0.066892 -0.215073 -0.315181
0.223366 -0.118121 0.057111 -0.108 -0.175124
0.224614 -0.162875 0.061254 -0.20082 -0.244128
0.190289 -0.21423 0.028476 0.018984 -0.023313
0.146313 -0.358829 -0.013906 -0.193567 -0.051931
0.242004 -0.166564 0.12546 0.007974 -0.137314
0.217268 -0.104949 0.065568 0.102658 0.112834
0.168035 -0.25131 -0.037587 -0.244178 -0.032497
0.276441 -0.051663 0.052086 -0.205311 -0.147713
0.276441 -0.051663 0.052086 -0.205311 -0.147713
0.143611 -0.231251 0.015477 -0.109757 -0.129213
0.149729 -0.278098 -0.017349 -0.063472 0.118914
0.149729 -0.278098 -0.017349 -0.063472 0.118914
0.167305 -0.177642 0.006977 -0.295092 -0.113249
0.174175 -0.133844 -0.008162 -0.193753 0.01742
0.212568 -0.124381 0.034668 -0.241447 -0.195398
0.213047 -0.152909 0.014371 -0.301362 -0.182969
0.213047 -0.152909 0.014371 -0.301362 -0.182969
0.213047 -0.152909 0.014371 -0.301362 -0.182969
0.213047 -0.152909 0.014371 -0.301362 -0.182969
0.241585 -0.150249 0.04619 -0.303054 -0.265524
0.241585 -0.150249 0.04619 -0.303054 -0.265524
0.217837 -0.147905 0.050718 -0.255876 -0.302127
0.217837 -0.147905 0.050718 -0.255876 -0.302127
0.217837 -0.147905 0.050718 -0.255876 -0.302127
0.217837 -0.147905 0.050718 -0.255876 -0.302127
0.143398 -0.255539 -0.021075 -0.045955 0.118905
0.216073 -0.139861 0.050187 0.060075 0.092278
0.216073 -0.139861 0.050187 0.060075 0.092278
0.216073 -0.139861 0.050187 0.060075 0.092278
0.161379 -0.230196 0.040228 0.096234 0.1061
0.154257 -0.210373 0.055447 0.14366 0.058703
0.24823 -0.159901 0.090973 0.02726 -0.022525
0.256431 -0.112467 0.096298 0.067097 0.063356
0.256431 -0.112467 0.096298 0.067097 0.063356
0.342613 0.017992 0.193878 0.126885 -0.197289
0.206222 -0.074659 0.118832 0.099533 -0.137006
0.248573 0.040475 0.089892 -0.230535 -0.317051
0.248573 0.040475 0.089892 -0.230535 -0.317051
0.316012 0.017856 0.139687 0.045891 -0.23215
0.262185 -0.010247 0.059754 -0.201349 -0.237108
0.367443 0.02205 0.16272 -0.173172 -0.369693
0.367443 0.02205 0.16272 -0.173172 -0.369693
0.367443 0.02205 0.16272 -0.173172 -0.369693
0.33259 -0.032096 0.135289 -0.267573 -0.443495
0.33259 -0.032096 0.135289 -0.267573 -0.443495
0.33259 -0.032096 0.135289 -0.267573 -0.443495
0.33259 -0.032096 0.135289 -0.267573 -0.443495
0.33259 -0.032096 0.135289 -0.267573 -0.443495
0.265726 -0.119508 0.101875 -0.300256 -0.378526
0.265726 -0.119508 0.101875 -0.300256 -0.378526
0.265726 -0.119508 0.101875 -0.300256 -0.378526
0.239484 -0.146304 0.058971 -0.464699 -0.402031
0.239484 -0.146304 0.058971 -0.464699 -0.402031
0.239484 -0.146304 0.058971 -0.464699 -0.402031
0.199777 -0.116603 0.076898 -0.247466 -0.243238
0.199777 -0.116603 0.076898 -0.247466 -0.243238
0.301482 -0.094781 0.148324 0.125166 -0.006232
0.301482 -0.094781 0.148324 0.125166 -0.006232
0.203224 -0.14591 0.049831 -0.101231 -0.026756
0.136723 -0.246874 -0.00807 0.036269 0.141112
0.042429 -0.231198 -0.058672 -0.258732 -0.0564
0.156201 -0.205855 -0.029067 -0.335348 -0.146941
0.220486 -0.083486 0.045295 -0.193543 -0.104229
0.220486 -0.083486 0.045295 -0.193543 -0.104229
0.220486 -0.083486 0.045295 -0.193543 -0.104229
0.164725 -0.183841 -0.015213 -0.269656 -0.077481
0.195915 -0.1705 0.009985 -0.042365 0.107069
0.195915 -0.1705 0.009985 -0.042365 0.107069
0.223815 -0.159695 0.028783 -0.007027 0.08175
0.179266 -0.167955 0.002833 -0.292651 -0.106197
0.179266 -0.167955 0.002833 -0.292651 -0.106197
0.179266 -0.167955 0.002833 -0.292651 -0.106197
0.183619 -0.114871 0.005405 -0.249199 -0.181586
0.199605 -0.219709 -0.019245 -0.310899 -0.190732
0.252908 -0.063329 0.041931 -0.105651 -0.045616
0.252908 -0.063329 0.041931 -0.105651 -0.045616
0.198863 -0.106282 -0.00667 -0.327296 -0.081958
0.199621 -0.171963 -0.03128 -0.312341 -0.023729
0.19016 -0.120316 0.010673 -0.159794 0.016365
0.146266 -0.199782 -0.033365 -0.100074 0.112048
0.202414 -0.191387 0.054132 0.117806 0.08844
0.275109 -0.079963 0.077249 -0.260685 -0.202767
0.275109 -0.079963 0.077249 -0.260685 -0.202767
0.217996 -0.115645 0.019611 -0.472071 -0.239991
0.217996 -0.115645 0.019611 -0.472071 -0.239991
0.174451 -0.221497 -0.010763 -0.200932 0.022599
0.200749 -0.228384 0.009639 -0.09318 0.00457
0.309149 -0.062887 0.070807 0.114175 0.152531
0.133904 -0.341713 -0.017668 0.309859 0.370033
0.133904 -0.341713 -0.017668 0.309859 0.370033
0.133904 -0.341713 -0.017668 0.309859 0.370033
0.134025 -0.338087 -0.040751 0.142728 0.23573
0.06661 -0.291214 -0.092644 -0.050214 0.243832
0.03074 -0.352228 -0.16469 -0.361196 0.20914
0.03074 -0.352228 -0.16469 -0.361196 0.20914
0.133931 -0.200243 -0.062684 -0.309267 0.069211
0.133931 -0.200243 -0.062684 -0.309267 0.069211
0.069433 -0.197061 -0.048234 -0.174038 -0.005516
0.094443 -0.164621 -0.018669 -0.273239 -0.111493
0.221653 -0.084969 0.048246 -0.220584 -0.085672
0.234088 -0.089331 0.069883 -0.034074 -0.089281
0.254961 -0.098251 0.09901 -0.197527 -0.266835
0.268879 -0.100101 0.110622 0.248466 0.10944
0.268879 -0.100101 0.110622 0.248466 0.10944
0.268879 -0.100101 0.110622 0.248466 0.10944
0.268879 -0.100101 0.110622 0.248466 0.10944
0.247829 -0.120284 0.075191 0.214774 0.153157
0.247829 -0.120284 0.075191 0.214774 0.153157
0.222738 -0.153443 0.036228 0.063705 0.110921
0.222738 -0.153443 0.036228 0.063705 0.110921
0.165854 -0.195853 0.007747 0.05515 0.175404
0.202651 -0.207664 0.085722 0.242587 0.120308
0.202651 -0.207664 0.085722 0.242587 0.120308
0.202651 -0.207664 0.085722 0.242587 0.120308
0.201467 -0.273336 0.023999 0.008753 0.103755
0.148746 -0.308223 -0.023585 -0.118558 0.075698
0.148746 -0.308223 -0.023585 -0.118558 0.075698
0.225755 -0.226596 0.049243 -0.126628 -0.188835
0.225755 -0.226596 0.049243 -0.126628 -0.188835
0.225755 -0.226596 0.049243 -0.126628 -0.188835
0.225755 -0.226596 0.049243 -0.126628 -0.188835
0.250329 -0.182989 0.084061 -0.107571 -0.176109
0.287682 -0.160574 0.075255 0.108217 0.029528
0.287682 -0.160574 0.075255 0.108217 0.029528
0.256642 -0.166454 0.083529 0.24897 0.133788
0.242833 -0.107428 0.04138 0.069234 0.076263
0.242833 -0.107428 0.04138 0.069234 0.076263
0.242833 -0.107428 0.04138 0.069234 0.076263
0.198158 -0.056505 0.10164 0.301115 0.228376
0.198158 -0.056505 0.10164 0.301115 0.228376
0.295176 -0.062825 0.158859 0.432596 0.197313
0.295176 -0.062825 0.158859 0.432596 0.197313
0.295176 -0.062825 0.158859 0.432596 0.197313
0.283675 -0.083171 0.138625 0.250352 0.117858
0.254255 -0.169904 0.04748 0.270996 0.348181
0.254255 -0.169904 0.04748 0.270996 0.348181
0.254255 -0.169904 0.04748 0.270996 0.348181
0.254255 -0.169904 0.04748 0.270996 0.348181
0.240525 -0.136622 0.02517 -0.058981 0.123342
0.240525 -0.136622 0.02517 -0.058981 0.123342
0.258062 -0.124521 0.072713 -0.003284 -0.052832
0.258062 -0.124521 0.072713 -0.003284 -0.052832
0.246276 -0.0213 0.124441 0.47551 0.277447
0.18196 -0.211198 0.093618 0.381043 0.288136
0.040303 -0.431666 -0.06425 0.114001 0.345635
0.040303 -0.431666 -0.06425 0.114001 0.345635
0.054018 -0.34725 -0.042914 0.169054 0.30459
0.137018 -0.303479 -0.000291 0.16558 0.242676
0.137018 -0.303479 -0.000291 0.16558 0.242676
0.178233 -0.183107 0.025314 -0.049709 0.073899
0.048514 -0.380785 -0.0756 -0.111892 0.131023
0.048514 -0.380785 -0.0756 -0.111892 0.131023
0.068041 -0.368708 -0.013877 0.122375 0.172866
0.09226 -0.329516 -0.017704 0.100491 0.175901
0.077592 -0.309124 -0.018817 0.150418 0.195297
0.209362 -0.062028 0.087505 0.073244 0.023839
0.061059 -0.323912 -0.084436 -0.09568 0.15888
0.172054 -0.203352 -0.040842 -0.284505 -0.068494
0.139736 -0.210775 -0.067644 -0.412866 -0.031531
0.171668 -0.236753 -0.046475 -0.501517 -0.126428
0.22332 -0.078369 0.034599 -0.120734 0.106397
0.143231 -0.132134 0.030043 0.070119 0.125135
0.159426 -0.12258 0.102997 0.050796 -0.089249
0.082315 -0.164961 0.045681 0.054915 -0.039529
0.119634 -0.207877 2e-06 -0.111189 0.158473
0.14948 -0.213435 0.001861 -0.138196 0.17621
0.104777 -0.145595 -0.006892 -0.088151 0.202079
0.098864 -0.130119 0.014641 -0.166227 -0.035133
0.16686 -0.118042 0.047023 -0.199901 -0.196187
0.16686 -0.118042 0.047023 -0.199901 -0.196187
0.116269 -0.14341 0.029759 -0.119748 -0.136549
0.116269 -0.14341 0.029759 -0.119748 -0.136549
0.132022 -0.121026 0.115791 0.028615 -0.190979
0.126988 -0.167398 0.140097 0.426381 -0.067143
0.17572 -0.162092 0.150964 0.448544 -0.086539
0.080739 -0.361808 0.022772 0.138778 0.12207
0.098284 -0.246614 0.022356 -0.13778 -0.143692
0.023984 -0.438176 -0.085854 0.180612 0.254944
0.023984 -0.438176 -0.085854 0.180612 0.254944
0.125666 -0.337197 0.00612 -0.044232 -0.12528
0.140531 -0.293091 -0.065886 -0.215882 -0.016968
0.172937 -0.276599 0.00518 -0.070287 -0.121911
0.156206 -0.259174 -0.006407 -0.269719 -0.231143
0.156206 -0.259174 -0.006407 -0.269719 -0.231143
0.156206 -0.259174 -0.006407 -0.269719 -0.231143
0.157661 -0.32903 0.001026 0.010838 0.127272
0.190592 -0.203646 0.010234 -0.298034 -0.099088
0.190592 -0.203646 0.010234 -0.298034 -0.099088
0.192831 -0.253304 0.047267 0.113353 0.006406
0.196283 -0.197245 0.070113 0.172405 0.085447
0.12884 -0.308201 -0.053481 -0.07009 0.214238
0.201408 -0.184802 0.054579 -0.013619 0.064583
0.179902 -0.21895 0.033859 0.074829 0.105725
0.124913 -0.262923 -0.012877 0.118342 0.158679
0.196685 -0.184056 0.055978 0.296643 0.2368
0.196685 -0.184056 0.055978 0.296643 0.2368
0.186313 -0.131218 -0.001469 -0.146177 -0.027479
0.223858 -0.11998 0.059416 0.046019 0.043471
0.117941 -0.22947 -0.05882 -0.281939 0.044396
0.181799 -0.131581 0.033658 -0.211013 -0.085088
0.145361 -0.207763 0.014897 -0.069743 0.015795
0.152482 -0.237381 0.003753 0.068742 0.233784
0.152482 -0.237381 0.003753 0.068742 0.233784
0.152482 -0.237381 0.003753 0.068742 0.233784
0.183278 -0.161654 0.047314 0.141312 0.227156
0.183278 -0.161654 0.047314 0.141312 0.227156
0.183278 -0.161654 0.047314 0.141312 0.227156
0.298306 0.030476 0.104137 -0.078256 -0.084587
0.298306 0.030476 0.104137 -0.078256 -0.084587
0.259519 -0.084464 0.051361 0.05744 0.235117
0.228537 -0.079038 -0.000232 -0.401149 -0.165775
0.228537 -0.079038 -0.000232 -0.401149 -0.165775
0.228537 -0.079038 -0.000232 -0.401149 -0.165775
0.190344 -0.141688 0.00242 -0.409446 -0.292062
0.190344 -0.141688 0.00242 -0.409446 -0.292062
0.190344 -0.141688 0.00242 -0.409446 -0.292062
0.190344 -0.141688 0.00242 -0.409446 -0.292062
0.190344 -0.141688 0.00242 -0.409446 -0.292062
0.212836 -0.20141 -0.015485 -0.380044 -0.167099
0.129269 -0.209711 -0.031862 -0.255393 0.023245
0.149519 -0.15622 0.054608 0.026265 -0.046959
0.25157 0.029517 0.127482 -0.080409 -0.2423
0.124539 -0.152476 0.057492 0.143582 0.009468
0.124539 -0.152476 0.057492 0.143582 0.009468
0.278876 -0.046988 0.158893 0.400953 0.210887
0.334875 0.066088 0.1578 -0.120845 -0.140067
0.334875 0.066088 0.1578 -0.120845 -0.140067
0.310402 0.07285 0.161972 -0.190372 -0.274469
0.310402 0.07285 0.161972 -0.190372 -0.274469
0.318794 0.037129 0.226202 0.129116 -0.191562
0.318794 0.037129 0.226202 0.129116 -0.191562
0.318794 0.037129 0.226202 0.129116 -0.191562
0.318794 0.037129 0.226202 0.129116 -0.191562
0.242118 0.009667 0.12567 -0.368244 -0.438133
0.242118 0.009667 0.12567 -0.368244 -0.438133
0.242118 0.009667 0.12567 -0.368244 -0.438133
0.249177 -0.022796 0.116815 -0.321681 -0.342834
0.249177 -0.022796 0.116815 -0.321681 -0.342834
0.249177 -0.022796 0.116815 -0.321681 -0.342834
0.3029 -0.101628 0.103129 -0.043527 -0.151208
